BX = 000 Event : 1
0x00 0000110|0000110|10011000000111110|01110100|0010110010|001010000  0x0306981F3A16450
0x01 0000110|0000111|10011011101011010|01101111|0011010101|001001000  0x03079BAD379AA48
0x02 0000110|0001000|10100101001111000|10101111|0100000101|110111110  0x0308A53C57A0BBE
0x03 0000110|0001101|10011111111110010|10111000|0011010101|111001001  0x030D9FF95C1ABC9
0x04 0000110|0010110|10000001011000010|00001011|1110101101|000001110  0x0316816105F5A0E
0x05 0000110|0010111|10000000111101100|00001010|1110101001|000001101  0x031780F6057520D
0x06 0000110|0011001|10001101000011110|00011101|1111111011|000011010  0x03198D0F0EFF61A
0x07 0000110|0011010|10000111100011100|11110010|1111101000|111110001  0x031A878E797D1F1
0x08 0000110|0011011|10011000101100110|00011000|0001101000|000010100  0x031B98B30C0D014
0x09 0000110|0011101|10110000111110100|11101001|0100001111|111101110  0x031DB0FA74A1FEE
0x0a 0000110|0011110|10011000010010110|01111010|0000001011|001001101  0x031E984B3D0164D
0x0b 0000110|0011111|10001111111101000|11011010|1111011000|111011100  0x031F8FF46D7B1DC
0x0c 0000110|0100000|10000000110110110|10100100|1101010101|110111010  0x032080DB526ABBA
0x0d 0000110|0100001|10111111011011100|00101100|0100111110|000100111  0x0321BF6E1627C27
BX = 001 Event : 2
0x00 0000110|0000000|10001100010100100|11010111|0001011011|111011101  0x03008C526B8B7DD
0x01 0000110|0000001|10011010111011100|11100010|0011001100|111101000  0x03019AEE71199E8
0x02 0000110|0000010|10011011100010110|00000101|0011010001|000001010  0x03029B8B029A20A
0x03 0000110|0000111|10001000010110110|11010101|0000100011|111101001  0x0307885B6A847E9
0x04 0000110|0001011|10000011110111100|10011000|1110100011|110111110  0x030B83DE4C747BE
0x05 0000110|0001101|10010010011110100|00010110|1111101000|000010001  0x030D927A0B7D011
0x06 0000110|0001110|10001100001111010|00101101|1110111010|000100110  0x030E8C3D16F7426
0x07 0000110|0001111|10000101111100010|00001100|1101111111|111111111  0x030F85F1066FFFF
0x08 0000110|0010000|10001111100110110|10000110|1111010001|110101111  0x03108F9B437A3AF
BX = 010 Event : 3
0x00 0000110|0000101|10001111101000010|11000001|0001001111|111001011  0x03058FA16089FCB
BX = 011 Event : 4
0x00 0000110|0000101|10000010101010000|00010001|1111111111|000000011  0x030582A808FFE03
0x01 0000110|0000110|10000011111111100|00010000|0000001011|000000010  0x030683FE0801602
0x02 0000110|0001011|10101100001110100|01000101|0100110100|000110100  0x030BAC3A22A6834
0x03 0000110|0010010|10010111110010010|01110001|0001111000|001001100  0x031297C9388F04C
0x04 0000110|0011001|10100001111100000|10110101|0010111100|111010110  0x0319A1F05A979D6
0x05 0000110|0011100|10010111011011000|00010110|1111111101|000001011  0x031C976C0B7FA0B
0x06 0000110|0011101|10010011111000110|01000111|1111100011|000111001  0x031D93E323FC639
0x07 0000110|0011110|10001011111101000|00110000|1110100111|000100011  0x031E8BF41874E23
0x08 0000110|0100000|10011110000000000|00110100|0000101111|000100111  0x03209E001A05E27
BX = 100 Event : 5
0x00 0000110|0000001|10000101010010010|11101000|1111110001|111110011  0x03018549747E3F3
0x01 0000110|0000011|10010001011000100|11110001|0001001101|111111100  0x030391627889BFC
0x02 0000110|0001101|10010000110111110|11010001|0000010000|111100000  0x030D90DF68821E0
0x03 0000110|0001110|10100000011111000|10111100|0010100011|111001000  0x030EA07C5E147C8
0x04 0000110|0001111|10000011000101110|11101001|1111000110|111110010  0x030F831774F8DF2
0x05 0000110|0010000|10001010101100110|11101000|0000001110|111110001  0x03108AB37401DF1
0x06 0000110|0010010|10111000100111100|11110010|0101011100|111111111  0x0312B89E792B9FF
0x07 0000110|0010011|10110011111101110|10110111|0100111010|111001000  0x0313B3F75BA75C8
0x08 0000110|0010100|10110100000110000|10110111|0100111011|111001001  0x0314B4185BA77C9
0x09 0000110|0010101|10110101110010000|11011111|0101000001|111101001  0x0315B5C86FA83E9
0x0a 0000110|0010110|10110100110000010|11000100|0101000010|111011001  0x0316B4C162285D9
0x0b 0000110|0010111|10110100110100110|11000011|0101000010|111011000  0x0317B4D361A85D8
0x0c 0000110|0011000|10100111100010010|10111010|0011000001|111001101  0x0318A7895D183CD
0x0d 0000110|0011001|10101000110110000|10111011|0011001011|111001101  0x0319A8D85D997CD
0x0e 0000110|0011010|10101011010011110|11001110|0011000010|111011100  0x031AAB4F67185DC
0x0f 0000110|0011101|10010000001111100|10011010|1111001001|111000000  0x031D903E4D793C0
0x10 0000110|0100000|10110010001010110|10111000|0011110101|111001000  0x0320B22B5C1EBC8
BX = 101 Event : 6
0x00 0000110|0000010|10100000001011110|01101011|0011011010|001000110  0x0302A02F359B446
0x01 0000110|0000011|10100000101010110|01101100|0011011110|001000111  0x0303A0AB361BC47
0x02 0000110|0000101|10000111100111100|01101110|1111100010|001001010  0x0305879E377C44A
0x03 0000110|0000110|10000111101101010|01101111|1111100010|001001011  0x030687B537FC44B
0x04 0000110|0001000|10000101110111010|00100110|1110111110|000100101  0x030885DD1377C25
0x05 0000110|0001001|10010100111111000|00100011|0001001011|000100010  0x030994FC1189622
0x06 0000110|0001010|10010110001111010|00010101|0001010111|000010001  0x030A963D0A8AE11
0x07 0000110|0001011|10110011101010110|11010011|0100010101|111010110  0x030BB3AB69A2BD6
0x08 0000110|0010001|10011111000110100|01100111|0001110011|001000001  0x03119F1A338E641
0x09 0000110|0010010|10100010000001100|01100001|0010010001|000111010  0x0312A206309223A
0x0a 0000110|0010011|10101100110010010|11110100|0011010011|000000000  0x0313ACC97A1A600
0x0b 0000110|0010100|10110010100111010|11111011|0011001100|111111110  0x0314B29D7D999FE
0x0c 0000110|0010101|10110001011111000|11111001|0011000001|111111100  0x0315B17C7C983FC
BX = 110 Event : 7
0x00 0000110|0000011|10110010101111010|10010101|0100110011|110111000  0x0303B2BD4AA67B8
0x01 0000110|0001001|10001001110111100|11100011|1110011111|111110010  0x030989DE71F3FF2
0x02 0000110|0001010|10001111101010010|11011011|1111010101|111101000  0x030A8FA96DFABE8
0x03 0000110|0001011|10010001101100010|11011011|1111101000|111101000  0x030B91B16DFD1E8
0x04 0000110|0001100|10001111000011000|11011000|1111010000|111100101  0x030C8F0C6C7A1E5
0x05 0000110|0001101|10101000110100110|11000011|0010000111|111010100  0x030DA8D36190FD4
0x06 0000110|0001110|10101101100100000|10111100|0010110101|111001011  0x030EAD905E16BCB
0x07 0000110|0001111|10101101110010010|10111001|0010110111|111001000  0x030FADC95C96FC8
0x08 0000110|0010000|10100110000000110|10110101|0001101011|111000010  0x0310A6035A8D7C2
BX = 111 Event : 8
BX = 000 Event : 9
0x00 0000110|0000011|10100011000101100|11001010|0011111100|111011000  0x0303A316651F9D8
0x01 0000110|0000100|10011101110111110|11010001|0011010100|111011110  0x03049DDF689A9DE
0x02 0000110|0000101|10010111010111010|11000101|0010001111|111010010  0x0305975D6291FD2
0x03 0000110|0000110|10010010110100110|11001011|0001101101|111010111  0x030692D3658DBD7
0x04 0000110|0000111|10010101011010110|11101001|0010010011|111100110  0x0307956B74927E6
0x05 0000110|0001000|10011000110000110|10101111|0010011101|111000100  0x030898C35793BC4
0x06 0000110|0001001|10110010011001100|10111001|0101100001|111001110  0x0309B2665CAC3CE
0x07 0000110|0001111|10001001000110110|01100110|1111110011|001001111  0x030F891B337E64F
0x08 0000110|0010000|10101110010000010|11110011|0011101111|111101100  0x0310AE41799DFEC
0x09 0000110|0010001|10100011011101010|11111111|0010011111|111110111  0x0311A3757F93FF7
0x0a 0000110|0010010|10100111110101000|00010010|0011000000|000001001  0x0312A7D40918009
0x0b 0000110|0010011|10011001011110000|01001010|0000011011|000101100  0x03139978250362C
0x0c 0000110|0010100|10100011010000110|01111010|0010010011|001010110  0x0314A3433D12656
0x0d 0000110|0010110|10111011010110000|01000111|0100100011|000101010  0x0316BB5823A462A
BX = 001 Event : 10
BX = 010 Event : 11
BX = 011 Event : 12
0x00 0000110|0010111|10001011010010010|11101001|0000001111|111101000  0x03178B497481FE8
0x01 0000110|0011000|10001011000010010|11101001|0000001100|111101000  0x03188B0974819E8
0x02 0000110|0011111|10110011100010000|11001110|0011100001|111100000  0x031FB388671C3E0
BX = 100 Event : 13
0x00 0000110|0000010|10000101110011000|00100110|1111001010|000011001  0x030285CC1379419
0x01 0000110|0000011|10000100101011110|00100101|1110111111|000011000  0x030384AF12F7E18
0x02 0000110|0000101|10111000101010010|00110110|0101011000|000100100  0x0305B8A91B2B024
0x03 0000110|0000110|10110010001011100|00010001|0100010111|000000110  0x0306B22E08A2E06
0x04 0000110|0000111|10101000011010000|00011000|0011001110|000001100  0x0307A8680C19C0C
0x05 0000110|0001000|10110000011110100|01000011|0100001010|000110100  0x0308B07A21A1434
0x06 0000110|0001001|10111011000100010|00001110|0101011000|000000010  0x0309BB11072B002
0x07 0000110|0001010|10110000010010000|00001110|0100001001|000000010  0x030AB0480721202
0x08 0000110|0010000|10011011010101100|00010110|0000111001|000011000  0x03109B560B07218
0x09 0000110|0010010|10110010011011100|10000011|0011101110|110101111  0x0312B26E419DDAF
BX = 101 Event : 14
0x00 0000110|0000000|10011011110011100|11101100|0011010000|111111001  0x03009BCE761A1F9
0x01 0000110|0000001|10110010000110110|10001100|0100101101|110110010  0x0301B21B4625BB2
0x02 0000110|0000010|10110001111110010|10001101|0100101100|110110010  0x0302B1F946A59B2
0x03 0000110|0000011|10010101011010110|10111001|0000011011|111000111  0x0303956B5C837C7
BX = 110 Event : 15
0x00 0000110|0001011|10011001010101110|01010010|0010010001|000111110  0x030B9957291223E
0x01 0000110|0001100|10100110110100010|01101111|0100011000|001001111  0x030CA6D137A304F
0x02 0000110|0001101|10110000000110110|00001100|0101001011|000001010  0x030DB01B062960A
0x03 0000110|0001110|10101101101111000|11010101|0100111011|111100111  0x030EADBC6AA77E7
0x04 0000110|0010010|10011000111100000|11000111|0001111010|111010110  0x031298F0638F5D6
0x05 0000110|0010011|10100000001101100|11100011|0010110000|111110000  0x0313A03671961F0
0x06 0000110|0010100|10011000010110110|10111111|0001110101|111001101  0x0314985B5F8EBCD
0x07 0000110|0010101|10011111110100110|11011100|0010101101|111101000  0x03159FD36E15BE8
0x08 0000110|0010111|10101110100001010|10101100|0100011010|110111101  0x0317AE8556235BD
0x09 0000110|0011010|10010101110100100|11011011|0000001010|111101101  0x031A95D26D815ED
BX = 111 Event : 16
0x00 0000110|0000000|10001100100101100|00111110|0001001100|000101100  0x03008C961F0982C
0x01 0000110|0000001|10001100110100110|00111111|0001001110|000101100  0x03018CD31F89C2C
0x02 0000110|0000101|10110100000010000|01000110|0100111101|000111011  0x0305B4082327A3B
0x03 0000110|0001011|10010001011110010|11111011|1111110011|111111111  0x030B91797DFE7FF
0x04 0000110|0001100|10001111111011110|11111001|1111100101|111111100  0x030C8FEF7CFCBFC
0x05 0000110|0001101|10101011100001100|11010000|0010110011|111010110  0x030DAB8668167D6
BX = 000 Event : 17
0x00 0000110|0010001|10010001111010010|00011111|0000010110|000011001  0x031191E90F82C19
0x01 0000110|0010011|10110001101111010|11110110|0100101001|111111010  0x0313B1BD7B253FA
0x02 0000110|0010100|10110000001011110|11100011|0100011110|111101000  0x0314B02F71A3DE8
0x03 0000110|0010101|10011001011011010|11100100|0001001110|111100010  0x0315996D7209DE2
0x04 0000110|0010110|10100101011111110|00001100|0010101000|000001000  0x0316A57F0615008
0x05 0000110|0010111|10111100111110100|00001100|0101010100|000000111  0x0317BCFA062A807
0x06 0000110|0011010|10001001000111010|11110100|1110011111|111111010  0x031A891D7A73FFA
0x07 0000110|0011101|10010100111101000|00000100|0000000110|111111101  0x031D94F40200DFD
0x08 0000110|0011110|10010110100101000|00000001|0000010010|111111011  0x031E969400825FB
0x09 0000110|0011111|10101011111101000|00000011|0010110001|111111101  0x031FABF401963FD
0x0a 0000110|0100000|10111001001101000|00011110|0100010011|000010110  0x0320B9340F22616
0x0b 0000110|0100001|10110001111011010|01011011|0011100110|001000110  0x0321B1ED2D9CC46
BX = 001 Event : 18
0x00 0000110|0000000|10110000011110000|10111110|0101011111|111001010  0x0300B0785F2BFCA
0x01 0000110|0000001|10100111011101010|00101111|0100000100|000100000  0x0301A77517A0820
0x02 0000110|0000100|10101111101010000|01101000|0100110000|001001001  0x0304AFA83426049
0x03 0000110|0000101|10001011111000110|01101100|1111001010|001001110  0x03058BE3367944E
0x04 0000110|0000110|10000010111101010|11001110|1101100010|111100000  0x030682F5676C5E0
0x05 0000110|0000111|10110000110011110|01000101|0011101010|000100111  0x0307B0CF229D427
BX = 010 Event : 19
0x00 0000110|0000010|10001101110001010|10100100|0001011111|110110110  0x03028DC5520BFB6
0x01 0000110|0000100|10000010101001010|01010101|1110110011|000111100  0x030482A52AF663C
0x02 0000110|0000111|10010001100100110|11100010|1111011010|111101011  0x03079193717B5EB
0x03 0000110|0001000|10010001101101010|11100111|1111011011|111110000  0x030891B573FB7F0
0x04 0000110|0001010|10011110101110110|11010000|0001011011|111010011  0x030A9EBB680B7D3
0x05 0000110|0001011|10010100000001010|10010100|1111101111|110110111  0x030B94054A7DFB7
0x06 0000110|0001100|10100101010100110|01010101|0001111000|000111110  0x030CA5532A8F03E
0x07 0000110|0001101|10100111000110000|01010011|0010001001|000111100  0x030DA718299123C
0x08 0000110|0001111|10100110110110100|10110110|0001111010|111000010  0x030FA6DA5B0F5C2
0x09 0000110|0010000|10111000110111100|00100000|0100100000|000011111  0x0310B8DE102401F
0x0a 0000110|0010001|10101101100000100|01011111|0011001001|001001010  0x0311AD822F9924A
BX = 011 Event : 20
0x00 0000110|0000110|10000000011110010|00010111|1111110100|000010101  0x030680790BFE815
0x01 0000110|0001001|10011101101100110|01001000|0011001000|000111011  0x03099DB3241903B
0x02 0000110|0001101|10011000010011100|01000011|0010010110|000110100  0x030D984E2192C34
0x03 0000110|0010000|10011110100000010|01000100|0011001111|000110110  0x03109E812219E36
0x04 0000110|0010001|10011111100001010|01001010|0011010110|000111101  0x03119F85251AC3D
0x05 0000110|0010010|10011001010001100|00111111|0010011110|000110001  0x031299461F93C31
0x06 0000110|0010011|10011001110111000|01000100|0010100010|000110110  0x031399DC2214436
0x07 0000110|0011000|10000110010011100|00110011|1111101011|000100010  0x0318864E19FD622
0x08 0000110|0011001|10000101111000010|00110111|1111100111|000100110  0x031985E11BFCE26
0x09 0000110|0011010|10000101101100110|11000000|1111010100|111010110  0x031A85B3607A9D6
0x0a 0000110|0011011|10001100000000110|11000011|0000000110|111011001  0x031B8C036180DD9
0x0b 0000110|0011100|10100110001111100|11010110|0011011000|111101100  0x031CA63E6B1B1EC
0x0c 0000110|0011101|10101111101111100|00010111|0011111001|000010001  0x031DAFBE0B9F211
0x0d 0000110|0011110|10110110110001110|11110000|0100101100|111101101  0x031EB6C778259ED
0x0e 0000110|0011111|10110000000011010|00011001|0011111011|000010011  0x031FB00D0C9F613
0x0f 0000110|0100000|10101111010111110|00001110|0011110101|000000110  0x0320AF5F071EA06
0x10 0000110|0100001|10100111001001000|00111100|0010111000|000110001  0x0321A7241E17031
0x11 0000110|0100010|10101111100110110|00001101|0011110111|000000110  0x0322AF9B069EE06
0x12 0000110|0100011|10100111000100110|00011011|0010111000|000010011  0x0323A7130D97013
0x13 0000110|0100100|10100110110001010|00110110|0010110101|000101100  0x0324A6C51B16A2C
0x14 0000110|0100101|10110111111000110|00100111|0101011010|000010111  0x0325B7E313AB417
0x15 0000110|0100110|10101111011010110|10110110|0100011111|111001101  0x0326AF6B5B23FCD
0x16 0000110|0100111|10111100101101100|00101011|0101010111|000100100  0x0327BCB615AAE24
0x17 0000110|0101000|10111100101000010|00100001|0101010111|000011000  0x0328BCA110AAE18
BX = 100 Event : 21
0x00 0000110|0000101|10001101111101000|11001111|0000111000|111011100  0x03058DF467871DC
0x01 0000110|0001011|10110100010101110|00110010|0100010000|000101110  0x030BB457192202E
0x02 0000110|0001100|10110011010011110|00101111|0100001001|000101011  0x030CB34F17A122B
0x03 0000110|0010110|10101100001010000|00011111|0011000100|000010111  0x0316AC280F98817
0x04 0000110|0010111|10101100010110000|00011111|0011000110|000010111  0x0317AC580F98C17
BX = 101 Event : 22
0x00 0000110|0000001|10001101001000100|01101010|0000000010|001001011  0x03018D22350044B
0x01 0000110|0000011|10001100111011100|00001100|1110111000|000001100  0x03038CEE067700C
0x02 0000110|0000101|10001101010010010|00001100|1110111011|000001100  0x03058D49067760C
0x03 0000110|0000111|10011111101000110|10101010|0001100000|111000011  0x03079FA3550C1C3
0x04 0000110|0001000|10011011001111100|10011001|0000110010|110101110  0x03089B3E4C865AE
0x05 0000110|0001001|10001010010011110|11001100|1110101101|111100000  0x03098A4F6675BE0
0x06 0000110|0001100|10111010110011010|10111000|0100110001|111010001  0x030CBACD5C263D1
0x07 0000110|0001101|10110010001101010|10100111|0011011100|110111100  0x030DB235539B9BC
BX = 110 Event : 23
0x00 0000110|0000010|10001110010100110|10111011|0001000111|111001100  0x03028E535D88FCC
0x01 0000110|0000100|10100011000010100|11101000|0011110111|111101100  0x0304A30A741EFEC
0x02 0000110|0000111|10000100011111100|00010100|1111011011|000010001  0x0307847E0A7B611
0x03 0000110|0001000|10000101011010010|11111000|1111100011|111110000  0x030885697C7C7F0
0x04 0000110|0001001|10010110110110000|01001111|0001010010|000111101  0x030996D8278A43D
0x05 0000110|0001010|10011001000101000|10010011|0001011100|110101010  0x030A9914498B9AA
0x06 0000110|0001011|10101001101001010|00011111|0011100110|000011100  0x030BA9A50F9CC1C
0x07 0000110|0001100|10110000010100100|00011100|0100100011|000011001  0x030CB0520E24619
0x08 0000110|0001101|10011111011111100|01100001|0010010010|001001101  0x030D9F7E309244D
0x09 0000110|0010011|10011110000111010|10011000|0001001010|110101110  0x03139E1D4C095AE
0x0a 0000110|0010100|10011000000111100|11101010|0000011101|111111011  0x0314981E7503BFB
0x0b 0000110|0010101|10011101011101110|11101110|0001000101|111111110  0x03159D777708BFE
0x0c 0000110|0010110|10010000110110000|11010010|1111010100|111011100  0x031690D8697A9DC
0x0d 0000110|0010111|10010101111110110|11010100|1111111011|111011111  0x031795FB6A7F7DF
0x0e 0000110|0011001|10111011000001010|11111111|0100010000|000000110  0x0319BB057FA2006
0x0f 0000110|0011010|10101001100100000|11111000|0010001101|111110001  0x031AA9907C11BF1
BX = 111 Event : 24
0x00 0000110|0000100|10010001011001100|00100011|0001100001|000001111  0x03049166118C20F
0x01 0000110|0000101|10000011001001100|00101100|1111110001|000011001  0x03058326167E219
0x02 0000110|0000111|10010010010111110|00100101|0001111111|000010001  0x0307925F128FE11
0x03 0000110|0001010|10000001011011000|00000101|1111011010|111111010  0x030A816C02FB5FA
0x04 0000110|0001011|10001001101111010|00111110|0000011001|000110000  0x030B89BD1F03230
0x05 0000110|0001110|10011000100011110|00110110|0010100011|000100110  0x030E988F1B14626
0x06 0000110|0001111|10001101000000100|00111110|0001001101|000101101  0x030F8D021F09A2D
0x07 0000110|0010001|10001011110011100|00101011|0000101101|000011001  0x03118BCE1585A19
0x08 0000110|0010010|10000000010101110|00110010|1111010111|000100000  0x03128057197AE20
0x09 0000110|0010011|10100001110011110|01010011|0011100001|000111110  0x0313A1CF299C23E
0x0a 0000110|0010100|10101101010111110|01001010|0101001100|000110100  0x0314AD5F2529834
0x0b 0000110|0010101|10101101000010010|01001010|0101001010|000110100  0x0315AD092529434
0x0c 0000110|0010110|10011111101001110|01011011|0011100101|001000100  0x03169FA72D9CA44
0x0d 0000110|0010111|10100000001001100|01011100|0011101001|001000101  0x0317A0262E1D245
0x0e 0000110|0011000|10101101011001110|01001010|0101001100|000110100  0x0318AD672529834
0x0f 0000110|0011001|10101101000000100|01001010|0101001001|000110100  0x0319AD022529234
0x10 0000110|0011010|10110001100101000|01001000|0101000011|000111001  0x031AB1942428639
0x11 0000110|0011011|10011010000110000|01010001|0010011000|000111101  0x031B9A18289303D
0x12 0000110|0011100|10010101011101100|00101011|0000111111|000010111  0x031C95761587E17
0x13 0000110|0011110|10110110011010000|11100000|0100101010|111100110  0x031EB66870255E6
0x14 0000110|0011111|10000100001101010|00111010|1110011110|000101001  0x031F84351D73C29
0x15 0000110|0100000|10010000100010000|00000010|1111111101|000001000  0x03209088017FA08
0x16 0000110|0100001|10001001110110000|00000000|1110111110|000000101  0x032189D80077C05
0x17 0000110|0100100|10000001011000110|10000110|1101100111|110100001  0x03248163436CFA1
0x18 0000110|0100101|10101110100100110|11100001|0011001111|111110000  0x0325AE937099FF0
0x19 0000110|0100110|10110011111111010|01001110|0100000010|000111011  0x0326B3FD272043B
BX = 000 Event : 25
0x00 0000110|0000001|10110011011110000|11011000|0100011001|111100100  0x0301B3786C233E4
0x01 0000110|0000010|10101100001100010|00000101|0011100011|000001110  0x0302AC31029C60E
0x02 0000110|0000011|10110011101110010|11010111|0100011011|111100011  0x0303B3B96BA37E3
0x03 0000110|0000100|10110011110101000|11000100|0100011101|111001100  0x0304B3D46223BCC
0x04 0000110|0000101|10101100101110110|11110000|0011101001|111110100  0x0305ACBB781D3F4
0x05 0000110|0000110|10101100111000010|11101111|0011101010|111110100  0x0306ACE1779D5F4
0x06 0000110|0000111|10101010100000000|00001100|0011011000|000001111  0x0307AA80061B00F
0x07 0000110|0001000|10011111111000110|01001001|0010001001|000111000  0x03089FE32491238
0x08 0000110|0001001|10101010100101110|01001101|0011011000|000111011  0x0309AA97269B03B
0x09 0000110|0001010|10110011011111110|01010101|0100011010|001000010  0x030AB37F2AA3442
0x0a 0000110|0001100|10010000011110100|01101110|1111011010|001000111  0x030C907A377B447
0x0b 0000110|0001101|10001110001111010|01101110|1111001000|001000111  0x030D8E3D3779047
0x0c 0000110|0001110|10011101111100010|11000100|0001000110|111001011  0x030E9DF16208DCB
0x0d 0000110|0001111|10010101111111100|11101111|0000001010|111110011  0x030F95FE77815F3
0x0e 0000110|0010000|10010000101000000|11101110|1111100010|111110010  0x031090A0777C5F2
0x0f 0000110|0010001|10001101001001000|00000101|1111001000|000001000  0x03118D2402F9008
0x10 0000110|0010010|10001111111101110|00000101|1111011101|000001000  0x03128FF702FBA08
0x11 0000110|0010011|10001111111101110|00001000|1111011101|000001011  0x03138FF7047BA0B
0x12 0000110|0010100|10001111101010100|00001011|1111011011|000001101  0x03148FAA05FB60D
0x13 0000110|0010101|10100001100010000|00011111|0001111011|000010111  0x0315A1880F8F617
0x14 0000110|0010110|10110110111111010|11101001|0011111111|111101110  0x0316B6FD749FFEE
BX = 001 Event : 26
0x00 0000110|0000011|10011101001001100|10001000|0011011011|110101011  0x03039D26441B7AB
0x01 0000110|0000100|10011111100101010|11111101|0011010110|000000000  0x03049F957E9AC00
0x02 0000110|0000101|10011111011110100|11111110|0011010110|000000000  0x03059F7A7F1AC00
0x03 0000110|0000110|10011010001001100|00111101|0010100100|000100011  0x03069A261E94823
0x04 0000110|0001000|10100100011010000|10100001|0011110001|111000111  0x0308A468509E3C7
0x05 0000110|0001001|10011110101000010|11111101|0011001110|000000000  0x03099EA17E99C00
0x06 0000110|0001010|10011110100110000|11111110|0011001101|000000000  0x030A9E987F19A00
0x07 0000110|0001011|10011110110100100|11111110|0011001111|000000000  0x030B9ED27F19E00
0x08 0000110|0001100|10011110110001100|11111110|0011001111|000000000  0x030C9EC67F19E00
0x09 0000110|0001101|10010111110011110|11100111|0010001110|111100101  0x030D97CF7391DE5
0x0a 0000110|0001110|10011000000111000|11101000|0010010001|111100111  0x030E981C74123E7
0x0b 0000110|0010000|10000000110010000|00000101|1110110111|000001001  0x031080C802F6E09
0x0c 0000110|0010001|10011001001101000|01000000|0001101011|000111000  0x03119934200D638
0x0d 0000110|0010010|10010101110000010|00100110|0001001010|000011001  0x031295C11309419
0x0e 0000110|0010110|10001100010110110|00110100|1111010101|000101001  0x03168C5B1A7AA29
0x0f 0000110|0011000|10110110100011000|10010010|0100011010|110101010  0x0318B68C49235AA
BX = 010 Event : 27
0x00 0000110|0000000|10001011110111100|01011000|0001010001|000111111  0x03008BDE2C0A23F
0x01 0000110|0000001|10010011000000000|01010000|0010011001|000110101  0x030193002813235
0x02 0000110|0000111|10011010001110110|10101011|0001110110|110111110  0x03079A3B558EDBE
0x03 0000110|0001001|10011100011001000|01010110|0001000111|000110111  0x03099C642B08E37
0x04 0000110|0001010|10101101010101000|10000010|0011010000|110101011  0x030AAD54411A1AB
BX = 011 Event : 28
0x00 0000110|0000010|10001001111010110|11110000|0001000110|111110011  0x030289EB7808DF3
0x01 0000110|0000011|10000010011001000|00011001|0000001101|000011010  0x030382640C81A1A
0x02 0000110|0000100|10011110001111100|10001000|0010110111|110100001  0x03049E3E4416FA1
0x03 0000110|0000101|10011101110000100|10001001|0010110011|110100010  0x03059DC244967A2
0x04 0000110|0000110|10110001100010000|10100100|0101001011|110111101  0x0306B18852297BD
0x05 0000110|0000111|10110001011011000|10100100|0101001010|110111110  0x0307B16C52295BE
0x06 0000110|0001001|10000100011111100|00000111|1111011111|000001001  0x0309847E03FBE09
0x07 0000110|0010001|10010011011110110|01010001|1111011110|000111110  0x0311937B28FBC3E
0x08 0000110|0010010|10000101001001110|00101010|1101110011|000011010  0x03128527156E61A
0x09 0000110|0010100|10110001001000110|11010100|0011000110|111100011  0x0314B1236A18DE3
0x0a 0000110|0010101|10110011000111100|11011110|0011010101|111101101  0x0315B31E6F1ABED
BX = 100 Event : 29
0x00 0000110|0000100|10010111110001100|11110000|0010010101|111110101  0x030497C67812BF5
0x01 0000110|0000101|10010111110001100|11110111|0010010101|111111101  0x030597C67B92BFD
0x02 0000110|0000111|10010111011000110|11111110|0010010010|000000011  0x030797637F12403
0x03 0000110|0001000|10010111011000110|11111111|0010010010|000000100  0x030897637F92404
0x04 0000110|0001001|10100010000010110|00101010|0011111111|000011111  0x0309A20B151FE1F
0x05 0000110|0001010|10000001010001110|00101111|1111111111|000100100  0x030A814717FFE24
0x06 0000110|0001100|10000000101101000|11100000|1111110010|111101101  0x030C80B4707E5ED
0x07 0000110|0001110|10010010010100000|11111100|0001110111|000001000  0x030E92507E0EE08
0x08 0000110|0001111|10000000001100110|11011111|1111101110|111101100  0x030F80336FFDDEC
0x09 0000110|0010001|10010001110100110|11111100|0001110010|000000111  0x031191D37E0E407
0x0a 0000110|0010011|10001101000000000|11101101|0000110000|111110010  0x03138D0076861F2
0x0b 0000110|0010100|10001101000000000|11110011|0000110000|111111000  0x03148D0079861F8
0x0c 0000110|0010110|10010110101001110|11100000|0010001011|111100000  0x031696A770117E0
0x0d 0000110|0010111|10010110101001110|11100000|0010001011|111100000  0x031796A770117E0
0x0e 0000110|0011000|10011000010101000|11011011|0010011010|111011011  0x031898546D935DB
0x0f 0000110|0011001|10011000000000100|11100001|0010010111|111100001  0x031998027092FE1
0x10 0000110|0011010|10011000000000100|11100001|0010010111|111100001  0x031A98027092FE1
0x11 0000110|0011011|10100001000111110|11011011|0011101011|111011011  0x031BA11F6D9D7DB
0x12 0000110|0011100|10100000110011000|11100000|0011101000|111100001  0x031CA0CC701D1E1
0x13 0000110|0011101|10100000110011000|11100001|0011101000|111100001  0x031DA0CC709D1E1
0x14 0000110|0011110|10010001001100100|00010010|0001110100|000001111  0x031E9132090E80F
0x15 0000110|0011111|10001011111100100|00011000|0001001101|000010101  0x031F8BF20C09A15
0x16 0000110|0100110|10000001010011000|00000101|1111000011|000001110  0x0326814C02F860E
0x17 0000110|0110000|10010001010111110|01010110|1111101110|000111110  0x0330915F2B7DC3E
0x18 0000110|0110001|10011100100100100|01001000|0001011100|000101110  0x03319C92240B82E
0x19 0000110|0110010|10010101000101000|10110011|1111111001|111000101  0x0332951459FF3C5
0x1a 0000110|0110011|10110111011010010|11101101|0011111001|111111010  0x0333B769769F3FA
0x1b 0000110|0110100|10110000111011000|11011010|0010111010|111100100  0x0334B0EC6D175E4
0x1c 0000110|0110101|10100101010010000|11111111|0001100011|000000110  0x0335A5487F8C606
0x1d 0000110|0110110|10110001000111110|11111101|0011010110|000000100  0x0336B11F7E9AC04
BX = 101 Event : 30
0x00 0000110|0000000|10000101000110010|11011011|0000001111|111011101  0x030085196D81FDD
0x01 0000110|0001000|10011010001011100|11000111|0010011100|111010011  0x03089A2E63939D3
0x02 0000110|0001011|10000001001010100|11001110|1110110000|111011010  0x030B812A67761DA
0x03 0000110|0001101|10011110011100110|11010000|0000110110|111011010  0x030D9E736806DDA
0x04 0000110|0001110|10100110001000000|11001001|0010000010|111010001  0x030EA62064905D1
0x05 0000110|0001111|10110110010011100|11111111|0100010110|111111011  0x030FB64E7FA2DFB
0x06 0000110|0010000|10110011100000010|00000001|0100000001|111111101  0x0310B38100A03FD
0x07 0000110|0010010|10101000100011010|00100000|0001111011|000010110  0x0312A88D100F616
BX = 110 Event : 31
0x00 0000110|0000000|10000110000010000|10100011|0000000011|110111000  0x0300860851807B8
0x01 0000110|0000001|10010010000001110|10011111|0001111010|110110011  0x030192074F8F5B3
0x02 0000110|0000110|10010010110101100|11001001|0001001001|111001111  0x030692D664893CF
0x03 0000110|0001000|10010101111001010|01000010|0000110110|000100110  0x030895E52106C26
0x04 0000110|0001001|10011010010100100|00110100|0001001010|000101101  0x03099A521A0942D
0x05 0000110|0001011|10010101001010010|00101111|1111101101|000011110  0x030B952917FDA1E
0x06 0000110|0001100|10010101100001000|00101111|1111110000|000011101  0x030C958417FE01D
0x07 0000110|0001101|10000010111001110|11101000|1101111101|111101011  0x030D82E7746FBEB
0x08 0000110|0001110|10000010011111110|11111011|1101111010|111111101  0x030E827F7DEF5FD
0x09 0000110|0001111|10000001101111100|11100111|1101110010|111101010  0x030F81BE73EE5EA
0x0a 0000110|0010000|10100100100111110|00110000|0001101000|000011110  0x0310A49F180D01E
0x0b 0000110|0010001|10110011001001100|00110010|0011011100|000100000  0x0311B326191B820
0x0c 0000110|0010010|10100100110110010|00101111|0001101011|000011101  0x0312A4D9178D61D
0x0d 0000110|0010011|10110011010000100|00110001|0011011101|000011111  0x0313B342189BA1F
BX = 111 Event : 32
0x00 0000110|0000001|10000101000011110|00111011|0000010000|000100000  0x0301850F1D82020
0x01 0000110|0000011|10000101100000110|11101010|0000000100|111110000  0x0303858375009F0
0x02 0000110|0000100|10000010110010000|11101011|1111110000|111110000  0x030482C875FE1F0
0x03 0000110|0000101|10010010010010110|00011000|0001100100|000011011  0x0305924B0C0C81B
0x04 0000110|0000110|10101110100111010|11001101|0100110101|111010101  0x0306AE9D66A6BD5
0x05 0000110|0000111|10101000111110110|01010101|0010111011|000110011  0x0307A8FB2A97633
BX = 000 Event : 33
0x00 0000110|0000101|10000101010101100|10101101|0000100111|111001110  0x030585565684FCE
0x01 0000110|0001000|10011000101001110|11111100|0001100110|111110110  0x030898A77E0CDF6
0x02 0000110|0001001|10100001111111100|00101000|0010101100|000011111  0x0309A1FE141581F
BX = 001 Event : 34
0x00 0000110|0000100|10001000000000000|00010111|0000000000|000010101  0x030488000B80015
0x01 0000110|0000111|10000111110011110|00001100|1111111110|000000111  0x030787CF067FC07
0x02 0000110|0001001|10001001001000100|00000000|0000001011|111111001  0x0309892200017F9
0x03 0000110|0001110|10100010010101110|01010001|0011100011|000111011  0x030EA257289C63B
0x04 0000110|0010000|10010111001001110|00000100|0001110101|000000110  0x03109727020EA06
0x05 0000110|0010001|10010000100111010|00011010|0001000011|000011010  0x0311909D0D0861A
0x06 0000110|0010010|10010110000010010|11110110|0001101010|111110101  0x031296097B0D5F5
0x07 0000110|0010011|10001111011100000|00001011|0000111000|000001001  0x03138F700587009
0x08 0000110|0010100|10010110011011000|00100000|0001101101|000011101  0x0314966C100DA1D
0x09 0000110|0010101|10010101011101010|11101100|0001100101|111101010  0x03159575760CBEA
0x0a 0000110|0010110|10001111000001110|00000000|0000110100|111111100  0x03168F0700069FC
0x0b 0000110|0010111|10010101110101100|00010101|0001100111|000010000  0x031795D60A8CE10
0x0c 0000110|0011000|10010000010110010|11110100|0001000001|111101110  0x031890597A083EE
0x0d 0000110|0011001|10010111000110000|00001010|0001110011|000000011  0x03199718050E603
0x0e 0000110|0011100|10000100001000100|00011000|1111011100|000010101  0x031C84220C7B815
0x0f 0000110|0100100|10001011110111110|01100010|1111111100|001000100  0x03248BDF317F844
0x10 0000110|0100101|10001110000111010|01100001|0000010001|001000011  0x03258E1D3082243
0x11 0000110|0100110|10010000101001100|01011011|0000101010|000111100  0x032690A62D8543C
0x12 0000110|0100111|10100011001000010|01010111|0011011100|000110111  0x0327A3212B9B837
0x13 0000110|0101010|10010010011000010|11110110|0001001000|111110110  0x032A92617B091F6
0x14 0000110|0101011|10001011100101110|00001011|0000010100|000001010  0x032B8B97058280A
0x15 0000110|0101100|10001010100001110|11100111|1111111101|111100011  0x032C8A8773FFBE3
0x16 0000110|0101101|10000011100010000|11111010|1111001001|111110101  0x032D83887D793F5
0x17 0000110|0101111|10110010001100010|01010111|0100100111|000111001  0x032FB2312BA4E39
0x18 0000110|0110000|10110010010101010|01010111|0100101000|000111001  0x0330B2552BA5039
0x19 0000110|0110001|10110100001000000|01010110|0100111001|000111000  0x0331B4202B27238
0x1a 0000110|0110010|10110100000110000|01010110|0100111001|000111000  0x0332B4182B27238
0x1b 0000110|0110011|10101001110111000|11111100|0011011011|111110101  0x0333A9DC7E1B7F5
0x1c 0000110|0110100|10101001011010000|11111000|0011010111|111110000  0x0334A9687C1AFF0
0x1d 0000110|0110101|10100110110100110|11010001|0010111011|111100100  0x0335A6D368977E4
0x1e 0000110|0110110|10101011001110110|11000100|0011011101|111010111  0x0336AB3B621BBD7
0x1f 0000110|0111001|10000000010100100|10110100|1101001101|111000100  0x033980525A69BC4
0x20 0000110|0111010|10000010010110010|00100001|1101101010|000100000  0x033A825910ED420
0x21 0000110|0111011|10001111000101100|00011000|1111100001|000010111  0x033B8F160C7C217
0x22 0000110|0111100|10000001100100000|00000101|1101100010|000000000  0x033C819002EC400
0x23 0000110|0111101|10101010111010100|00010101|0010001100|000010111  0x033DAAEA0A91817
0x24 0000110|0111110|10110001100001010|00001101|0011001100|000001101  0x033EB185069980D
0x25 0000110|0111111|10111011100001110|00000110|0100101101|000000110  0x033FBB870325A06
0x26 0000110|1000000|10101110010111100|00100101|0011001100|000100010  0x0340AE5E1299822
0x27 0000110|1000001|10101111110101100|11111000|0010111100|111110011  0x0341AFD67C179F3
0x28 0000110|1000010|10100011001010110|00010101|0001011110|000001111  0x0342A32B0A8BC0F
0x29 0000110|1000011|10100110111110110|01100110|0010001000|001010001  0x0343A6FB3311051
BX = 010 Event : 35
0x00 0000110|0000011|10110011101010110|11010011|0100010101|111010110  0x0303B3AB69A2BD6
0x01 0000110|0000110|10100011110010110|11101011|0001111101|111111001  0x0306A3CB758FBF9
0x02 0000110|0000111|10100100001100110|11100110|0010000001|111110011  0x0307A43373103F3
0x03 0000110|0001000|10100101011101000|11110111|0010001011|000000011  0x0308A5747B91603
0x04 0000110|0001001|10111111000100000|11111100|0101000111|000000111  0x0309BF107E28E07
0x05 0000110|0001010|10110000010111000|11001110|0010111011|111010011  0x030AB05C67177D3
0x06 0000110|0001011|10110001100100010|11011101|0011000100|111100001  0x030BB1916E989E1
0x07 0000110|0001100|10101111001011110|11001011|0010110000|111010000  0x030CAF2F65961D0
0x08 0000110|0001101|10110000011101100|11011010|0010111010|111011110  0x030DB0766D175DE
0x09 0000110|0001110|10110000011101100|11011010|0010111010|111011110  0x030EB0766D175DE
BX = 011 Event : 36
0x00 0000110|0000000|10000011101011010|11010001|1111110110|111100111  0x030083AD68FEDE7
0x01 0000110|0000010|10001010000100100|01101111|1111111100|001010111  0x03028A1237FF857
0x02 0000110|0000110|10000110011010110|00001110|1101111100|000000001  0x0306866B076F801
0x03 0000110|0000111|10010110100101010|00111111|1111110101|000101111  0x030796951FFEA2F
0x04 0000110|0001000|10001101000111100|00001100|1110101110|111111111  0x03088D1E0675DFF
BX = 100 Event : 37
0x00 0000110|0000100|10101000101110000|10111011|0011010111|111001111  0x0304A8B85D9AFCF
0x01 0000110|0000111|10001111001000010|11011100|1111000100|111011111  0x03078F216E789DF
0x02 0000110|0001000|10000010010100000|00011001|1101100011|000011000  0x030882500CEC618
BX = 101 Event : 38
0x00 0000110|0001101|10011100100100000|11111111|0011000001|111110111  0x030D9C907F983F7
0x01 0000110|0001110|10011010001100110|00000010|0010101111|111111010  0x030E9A330115FFA
0x02 0000110|0001111|10001100010100100|11111101|0000101010|111110101  0x030F8C527E855F5
0x03 0000110|0010000|10001010111001110|00000001|0000011111|111111000  0x03108AE70083FF8
0x04 0000110|0010011|10100100010110100|00111011|0011111011|000101111  0x0313A45A1D9F62F
0x05 0000110|0010100|10010100111010000|00111001|0001101011|000101101  0x031494E81C8D62D
0x06 0000110|0010111|10010011110101100|00000011|0000110111|000001010  0x031793D60186E0A
0x07 0000110|0011000|10000101111101110|11100010|1110110101|111100011  0x031885F77176BE3
0x08 0000110|0011001|10110101101010000|11110011|0100110011|111111011  0x0319B5A879A67FB
0x09 0000110|0011010|10101010111001110|11011010|0011001011|111011100  0x031AAAE76D197DC
0x0a 0000110|0011011|10011001110000110|01011001|0000111111|000110101  0x031B99C32C87E35
0x0b 0000110|0011100|10010001001111110|10110011|1111011111|111000111  0x031C913F59FBFC7
0x0c 0000110|0011101|10010100010101110|10111000|1111111101|111001110  0x031D94575C7FBCE
0x0d 0000110|0011110|10101111111011010|01111000|0010111111|001010110  0x031EAFED3C17E56
0x0e 0000110|0011111|10110000101011010|01110111|0011000111|001010101  0x031FB0AD3B98E55
0x0f 0000110|0100001|10111100111010100|10110001|0101000000|111000101  0x0321BCEA58A81C5
BX = 110 Event : 39
0x00 0000110|0000111|10000011110111100|10011000|1110100011|110111110  0x030783DE4C747BE
0x01 0000110|0001000|10010111110110000|10000110|0001110111|110101100  0x030897D8430EFAC
0x02 0000110|0001001|10011100010110000|10010010|0010011001|110111000  0x03099C5849133B8
0x03 0000110|0001111|10011011100010100|00100010|0001001001|000011001  0x030F9B8A1109219
0x04 0000110|0010000|10011010110101000|00101111|0001000100|000100101  0x03109AD41788825
0x05 0000110|0010001|10010010001001010|11001101|1111110011|111100001  0x0311922566FE7E1
BX = 111 Event : 40
0x00 0000110|0000100|10000011010101110|11111100|1111011110|000000001  0x030483577E7BC01
0x01 0000110|0000101|10000000000110100|11111100|1111000110|000000001  0x0305801A7E78C01
0x02 0000110|0001001|10000010010010000|11101110|1111101001|111110001  0x03098248777D3F1
0x03 0000110|0001011|10001101100010000|11110011|0000111110|111110110  0x030B8D887987DF6
0x04 0000110|0001100|10001010001011110|11110011|0000100100|111110110  0x030C8A2F79849F6
0x05 0000110|0001101|10000110011011110|11110101|0000001000|111111000  0x030D866F7A811F8
0x06 0000110|0001111|10010001111010110|00001100|0001001100|000001111  0x030F91EB060980F
0x07 0000110|0010000|10011100000011110|00000100|0010101011|000000101  0x03109C0F0215605
0x08 0000110|0010001|10101000101011000|01010001|0100101000|001000000  0x0311A8AC28A5040
0x09 0000110|0010110|10111111010110010|11101101|0101000111|111101111  0x0316BF5976A8FEF
BX = 000 Event : 41
0x00 0000110|0000101|10000100101101000|01110010|1111101100|001000101  0x030584B4397D845
0x01 0000110|0000110|10000100101000000|01110011|1111101011|001000110  0x030684A039FD646
0x02 0000110|0001001|10000000101011100|11011111|1111011001|111100110  0x030980AE6FFB3E6
0x03 0000110|0001010|10001001111100010|11101101|0000011110|111110011  0x030A89F17683DF3
0x04 0000110|0010100|10100001111100000|10110101|0010111100|111010110  0x0314A1F05A979D6
0x05 0000110|0011000|10100101101110000|00100011|0010001010|000011010  0x0318A5B8119141A
0x06 0000110|0011001|10100001011010110|00101001|0001101010|000100000  0x0319A16B148D420
BX = 001 Event : 42
0x00 0000110|0000000|10010001101011100|00000001|0001110111|000000101  0x030091AE008EE05
0x01 0000110|0000010|10000001000110100|00000010|1111011100|000000110  0x0302811A017B806
0x02 0000110|0000011|10011001100110000|11100001|0010010100|111100111  0x0303999870929E7
0x03 0000110|0000101|10001101000100110|11101111|0000011101|111110111  0x03058D137783BF7
0x04 0000110|0000111|10110110011111000|01000011|0101100100|000101010  0x0307B67C21AC82A
0x05 0000110|0001000|10110011000111100|00111110|0101000100|000100011  0x0308B31E1F28823
0x06 0000110|0001001|10100000100111000|00110011|0010000000|000101110  0x0309A09C199002E
BX = 010 Event : 43
0x00 0000110|0000001|10101101010101110|00101111|0100111101|000011011  0x0301AD5717A7A1B
0x01 0000110|0000111|10110110111001110|00100111|0100111000|000011111  0x0307B6E713A701F
0x02 0000110|0001000|10000111010111000|10100011|1110101110|111000001  0x0308875C51F5DC1
0x03 0000110|0001001|10000110110100010|10100010|1110101001|110111111  0x030986D151753BF
0x04 0000110|0001010|10001001101000010|10100010|1111000100|110111111  0x030A89A151789BF
0x05 0000110|0001011|10101000100011010|01100111|0010110100|001000110  0x030BA88D3396846
0x06 0000110|0001100|10100111000110100|01101110|0010100110|001001111  0x030CA71A3714C4F
0x07 0000110|0001101|10101000011010000|01101000|0010110011|001000111  0x030DA8683416647
0x08 0000110|0010100|10111010001001100|00010010|0100100000|000000010  0x0314BA260924002
BX = 011 Event : 44
0x00 0000110|0001100|10011111110001010|01000001|0011110101|000110010  0x030C9FC5209EA32
0x01 0000110|0001101|10011101011100010|10110010|0011011101|111001000  0x030D9D71591BBC8
0x02 0000110|0001111|10011101001110100|10110010|0011011011|111001001  0x030F9D3A591B7C9
0x03 0000110|0010000|10011101000011110|10110010|0011011010|111001000  0x03109D0F591B5C8
0x04 0000110|0010001|10101100000110110|00100001|0100110001|000010000  0x0311AC1B10A6210
0x05 0000110|0010101|10000000001101000|10101101|1110111000|111000010  0x0315803456F71C2
0x06 0000110|0010110|10010101001000110|00101010|0001011100|000011100  0x03169523150B81C
0x07 0000110|0010111|10000011100010010|11010010|1111001001|111100101  0x0317838969793E5
0x08 0000110|0011000|10000111001110100|11100110|1111100110|111111000  0x0318873A737CDF8
0x09 0000110|0011001|10111000110000100|00001001|0101100010|111111101  0x0319B8C204AC5FD
0x0a 0000110|0011010|10110111101011000|01110101|0100110011|001001111  0x031AB7AC3AA664F
0x0b 0000110|0011100|10011001111110010|11110010|0000111000|111110110  0x031C99F979071F6
0x0c 0000110|0011101|10010100100010100|11100010|0000000011|111100010  0x031D948A71007E2
0x0d 0000110|0011110|10010100010001100|00101110|0000000001|000101010  0x031E9446170022A
0x0e 0000110|0011111|10000100011001100|00010111|1110001001|000010100  0x031F84660BF1214
0x0f 0000110|0100000|10001010010111110|00010001|1111000001|000001101  0x03208A5F08F820D
0x10 0000110|0100001|10010000011010010|00001010|1111011010|111111101  0x03219069057B5FD
0x11 0000110|0100010|10000011000001010|00101000|1101110110|000011010  0x03228305146EC1A
0x12 0000110|0100011|10110111111001000|01110101|0100110101|001001111  0x0323B7E43AA6A4F
0x13 0000110|0100111|10111010110110110|11011101|0100011110|111011110  0x0327BADB6EA3DDE
0x14 0000110|0101000|10101101100000010|11100000|0010111011|111100000  0x0328AD8170177E0
0x15 0000110|0101001|10110001001111010|00001000|0011010111|000000110  0x0329B13D041AE06
BX = 100 Event : 45
0x00 0000110|0000001|10011011000100010|01100000|0011000000|001001100  0x03019B11301804C
0x01 0000110|0000010|10000100011111100|01000011|1111101100|000101110  0x0302847E21FD82E
0x02 0000110|0000011|10001001111011100|01010110|0000010110|001000001  0x030389EE2B02C41
0x03 0000110|0001011|10000011111110000|11011000|1111011001|111100111  0x030B83F86C7B3E7
0x04 0000110|0001110|10000101000010100|01100001|1111100110|001001110  0x030E850A30FCC4E
0x05 0000110|0010001|10000110100010110|11001110|1110110111|111011011  0x0311868B6776FDB
0x06 0000110|0010100|10010100011100110|01010000|1111100101|000111111  0x03149473287CA3F
0x07 0000110|0010101|10100010000110100|01001010|0001100101|000111000  0x0315A21A250CA38
0x08 0000110|0010110|10011101000000110|01001110|0000101010|000111110  0x03169D03270543E
0x09 0000110|0010111|10100101110000000|01001010|0010000010|000111001  0x0317A5C02510439
BX = 101 Event : 46
0x00 0000110|0000100|10010110110000110|01101100|0001001110|001000001  0x030496C33609C41
0x01 0000110|0000111|10010001101111100|00001101|0000110100|111111111  0x030791BE06869FF
0x02 0000110|0001010|10011010010011100|00011001|0001001101|000010000  0x030A9A4E0C89A10
0x03 0000110|0001011|10011110100001000|00011100|0001101101|000010011  0x030B9E840E0DA13
0x04 0000110|0001100|10100000111001000|00011110|0001111111|000010100  0x030CA0E40F0FE14
0x05 0000110|0001101|10111000000010000|00100001|0100101011|000010111  0x030DB80810A5617
0x06 0000110|0001110|10111000000100110|00100000|0100101011|000010111  0x030EB8131025617
0x07 0000110|0001111|10001011001111010|01011011|1111010100|001000010  0x030F8B3D2DFA842
0x08 0000110|0010101|10101011110000110|00101011|0011000110|000010101  0x0315ABC31598C15
0x09 0000110|0010110|10001101001011110|00101101|1111001111|000011000  0x03168D2F16F9E18
0x0a 0000110|0010111|10011111110011100|00110001|0001100110|000011011  0x03179FCE188CC1B
0x0b 0000110|0011000|10011111111011100|11101111|0001100101|111111010  0x03189FEE778CBFA
0x0c 0000110|0011001|10011111111011100|11110000|0001100101|111111010  0x03199FEE780CBFA
0x0d 0000110|0011010|10011010000100110|10111110|0000111000|111001011  0x031A9A135F071CB
0x0e 0000110|0011011|10010010100111010|11100001|1111100000|111101000  0x031B929D70FC1E8
0x0f 0000110|0011100|10010010100111010|11100010|1111100000|111101001  0x031C929D717C1E9
0x10 0000110|0011101|10001001111010110|00010111|1110101011|000001101  0x031D89EB0BF560D
0x11 0000110|0011110|10001010111011100|00011001|1110110011|000010000  0x031E8AEE0CF6610
0x12 0000110|0011111|10001100010000010|00011011|1110111101|000010001  0x031F8C410DF7A11
0x13 0000110|0100000|10000011111100100|00001011|1101110001|111111111  0x032083F205EE3FF
0x14 0000110|0100001|10011000110011110|01000011|0000001101|000110100  0x032198CF2181A34
0x15 0000110|0100010|10000011110100000|00001011|1101110000|111111111  0x032283D005EE1FF
0x16 0000110|0100011|10000100101111000|00001100|1101110111|000000000  0x032384BC066EE00
0x17 0000110|0100101|10001100011100010|01001101|1110110000|000111101  0x03258C7126F603D
0x18 0000110|0101000|10001011100011100|11011111|1110101100|111110011  0x03288B8E6FF59F3
0x19 0000110|0101100|10110010000100110|11011101|0011001011|111100100  0x032CB2136E997E4
0x1a 0000110|0101101|10100000011101010|00010010|0001000110|000000101  0x032DA0750908C05
0x1b 0000110|0101110|10100110101000010|01000011|0001110100|000110011  0x032EA6A1218E833
0x1c 0000110|0101111|10100101011000100|01000100|0001101011|000110100  0x032FA562220D634
BX = 110 Event : 47
0x00 0000110|0000010|10000110110001000|01000100|0000011111|000111001  0x030286C42203E39
0x01 0000110|0000101|10000000100010110|00110001|1111100100|000100011  0x0305808B18FC823
0x02 0000110|0001001|10100101100010100|00100010|0100000100|000011010  0x0309A58A112081A
0x03 0000110|0001010|10101000011100000|00100111|0100011010|000011111  0x030AA87013A341F
0x04 0000110|0001011|10011110110011000|00001110|0011000111|000000011  0x030B9ECC0718E03
0x05 0000110|0001100|10100001101010100|00010011|0011011100|000001000  0x030CA1AA099B808
0x06 0000110|0001101|10001111100110110|00000111|0000111001|111111010  0x030D8F9B03873FA
0x07 0000110|0001110|10010010011011110|00001100|0001001110|111111111  0x030E926F0609DFF
0x08 0000110|0010101|10000100111001000|00100001|1110111100|000011001  0x031584E410F7819
0x09 0000110|0011000|10001000011111010|10111000|1110001001|111001000  0x0318887D5C713C8
0x0a 0000110|0011001|10001001010011010|11101100|1110001111|111111001  0x0319894D7671FF9
0x0b 0000110|0011010|10001001010011010|11101101|1110001111|111111010  0x031A894D76F1FFA
0x0c 0000110|0011011|10010000111111010|10110101|1111011111|111000101  0x031B90FD5AFBFC5
0x0d 0000110|0011100|10010101000011110|11101010|1111111110|111110110  0x031C950F757FDF6
0x0e 0000110|0011101|10010101000011110|11101011|1111111110|111110111  0x031D950F75FFDF7
BX = 111 Event : 48
0x00 0000110|0000000|10010001100110100|10110110|0001100011|111001000  0x0300919A5B0C7C8
0x01 0000110|0000001|10011010000110010|00010001|0010101100|000001111  0x03019A19089580F
0x02 0000110|0000011|10001010001000010|00000101|0000010111|000000010  0x03038A210282E02
0x03 0000110|0000100|10000011000000110|00010011|1111100010|000001111  0x0304830309FC40F
0x04 0000110|0000101|10001011000001010|11111110|0000100000|111111010  0x03058B057F041FA
0x05 0000110|0000110|10000011111001110|00001100|1111101010|000000110  0x030683E7067D406
0x06 0000110|0001010|10011100010000100|00100110|0010111100|000100011  0x030A9C421317823
0x07 0000110|0001011|10011111101000100|00100110|0011010101|000100011  0x030B9FA2131AA23
0x08 0000110|0001100|10100011101111000|00101000|0011110100|000100101  0x030CA3BC141E825
0x09 0000110|0001101|10001101000101100|00011010|0000101101|000010110  0x030D8D160D05A16
0x0a 0000110|0001110|10010000010101110|00011010|0001000110|000010110  0x030E90570D08C16
0x0b 0000110|0001111|10010100010001110|00011101|0001100011|000011000  0x030F94470E8C618
0x0c 0000110|0010000|10001101111011100|00010100|0000110101|000001110  0x03108DEE0A06A0E
0x0d 0000110|0010001|10010001001011100|00010100|0001001110|000001110  0x0311912E0A09C0E
0x0e 0000110|0010010|10010101000111110|00010110|0001101011|000010000  0x0312951F0B0D610
0x0f 0000110|0011110|10000011000111000|00001110|1110111010|000001011  0x031E831C077740B
0x10 0000110|0100010|10000101101011000|00001011|1111010010|000001001  0x032285AC05FA409
0x11 0000110|0100101|10000010000100110|00100000|1110110111|000011100  0x032582131076E1C
0x12 0000110|0100111|10100011110000010|11101000|0010110000|111101000  0x0327A3C174161E8
0x13 0000110|0101110|10010000001110000|01101111|0000000000|001010110  0x032E90383780056
BX = 000 Event : 49
0x00 0000110|0000100|10011011001010110|10010111|0010001111|110111010  0x03049B2B4B91FBA
0x01 0000110|0000111|10110011110011000|10101000|0101001110|111001011  0x0307B3CC5429DCB
0x02 0000110|0010001|10000101100111110|10001110|1110001100|110111000  0x0311859F47719B8
BX = 001 Event : 50
0x00 0000110|0001000|10100100100100010|00111000|0011110110|000101000  0x0308A4911C1EC28
0x01 0000110|0001001|10010011001011010|00111000|0001010011|000101001  0x0309932D1C0A629
0x02 0000110|0001010|10101101111111100|01001001|0100011010|000111001  0x030AADFE24A3439
0x03 0000110|0001100|10001000100011110|00110000|1111111101|000100001  0x030C888F187FA21
0x04 0000110|0001101|10101010100110110|01001001|0011111011|000111000  0x030DAA9B249F638
0x05 0000110|0001110|10000111001011100|00111010|1110110001|000101000  0x030E872E1D76228
0x06 0000110|0001111|10010100000011100|11100110|1111111110|111101001  0x030F940E737FDE9
0x07 0000110|0010000|10011101000111100|11101100|0001000010|111101111  0x03109D1E76085EF
0x08 0000110|0010001|10000010011101010|11100010|1101111001|111100110  0x03118275716F3E6
0x09 0000110|0010010|10010111011111100|11101011|0000011000|111101110  0x0312977E75831EE
0x0a 0000110|0010011|10011101111110100|11101101|0001001001|111110000  0x03139DFA76893F0
0x0b 0000110|0010100|10000011110000110|00001111|1110000011|000010000  0x031483C307F0610
0x0c 0000110|0010101|10001011000011000|00100001|1110100111|000010001  0x03158B0C10F4E11
0x0d 0000110|0010110|10011010101001110|00011100|0001000011|000001011  0x03169AA70E0860B
0x0e 0000110|0010111|10101110010111010|00111001|0010101111|000101000  0x0317AE5D1C95E28
0x0f 0000110|0011000|10110000101111000|10100001|0011001110|110111101  0x0318B0BC5099DBD
BX = 010 Event : 51
0x00 0000110|0000110|10101101101001000|10101011|0100011001|111000000  0x0306ADA455A33C0
0x01 0000110|0000111|10110100001010110|10100100|0101011000|110111000  0x0307B42B522B1B8
0x02 0000110|0001010|10000101110001100|11110000|1101110101|111111111  0x030A85C6786EBFF
0x03 0000110|0001101|10001100111000110|00010100|1111000111|000000101  0x030D8CE30A78E05
0x04 0000110|0001110|10111100011000110|01001000|0100100101|000111000  0x030EBC632424A38
0x05 0000110|0001111|10111101100000010|00111101|0100110000|000101011  0x030FBD811EA602B
BX = 011 Event : 52
0x00 0000110|0000100|10011100101011110|00111110|0011001010|000101111  0x03049CAF1F1942F
0x01 0000110|0000101|10100001011011010|01000101|0011101101|000110101  0x0305A16D229DA35
0x02 0000110|0000110|10001100110100010|10101100|0000101001|111001111  0x03068CD156053CF
0x03 0000110|0000111|10011111110101110|10001010|0011101001|110100100  0x03079FD7451D3A4
0x04 0000110|0001000|10000001011000110|00110101|1111001011|000100100  0x030881631AF9624
0x05 0000110|0001011|10001001011000010|00111110|1111010000|000110011  0x030B89611F7A033
0x06 0000110|0001100|10010011010011110|00100000|0001001000|000010000  0x030C934F1009010
0x07 0000110|0001101|10000111000110110|11001110|1111001000|111100111  0x030D871B67791E7
0x08 0000110|0001110|10001000011101110|10111111|1111010101|111010011  0x030E88775FFABD3
0x09 0000110|0001111|10000001100011100|00101001|1110000111|000011001  0x030F818E14F0E19
0x0a 0000110|0010011|10110101000111000|11110010|0011101110|111110110  0x0313B51C791DDF6
BX = 100 Event : 53
0x00 0000110|0000100|10000001100011000|00000100|1111111010|000000011  0x0304818C027F403
0x01 0000110|0000101|10000100010000100|11101101|0000010011|111101000  0x0305844276827E8
0x02 0000110|0000111|10000110011101010|00101001|1111110101|000010100  0x0307867514FEA14
0x03 0000110|0001001|10000100101111110|00101000|1111100101|000010100  0x030984BF147CA14
0x04 0000110|0001101|10000111110011000|10111110|1111101011|111001100  0x030D87CC5F7D7CC
0x05 0000110|0001110|10001000001001010|11000001|1111101101|111001110  0x030E882560FDBCE
0x06 0000110|0001111|10010010011001010|00100110|0001000110|000100100  0x030F92651308C24
0x07 0000110|0010001|10101100111011000|01000111|0011110001|000110001  0x0311ACEC239E231
0x08 0000110|0010010|10101100101100110|01000110|0011110000|000110000  0x0312ACB3231E030
0x09 0000110|0010100|10010011110010010|00110001|1111111111|000011101  0x031493C918FFE1D
0x0a 0000110|0010101|10011010100010010|01001110|0000110100|000111010  0x03159A89270683A
0x0b 0000110|0010110|10011010100110010|00111011|0000110101|000100001  0x03169A991D86A21
0x0c 0000110|0011000|10110101101111100|11010111|0100010101|111100010  0x0318B5BE6BA2BE2
0x0d 0000110|0011001|10101110000010010|01100000|0011001010|001000101  0x0319AE093019445
0x0e 0000110|0011010|10101110000001010|01100001|0011001010|001000110  0x031AAE053099446
0x0f 0000110|0011011|10110010101010010|01001010|0011111000|000101001  0x031BB2A9251F029
0x10 0000110|0011101|10110101100011100|11011000|0100010100|111100010  0x031DB58E6C229E2
0x11 0000110|0011110|10011110111100000|11010101|0000111000|111011111  0x031E9EF06A871DF
BX = 101 Event : 54
0x00 0000110|0000100|10101011100101100|01010101|0101000111|000111001  0x0304AB962AA8E39
0x01 0000110|0000101|10000100100011100|00011110|1111000000|000011101  0x0305848E0F7801D
0x02 0000110|0000110|10101011011100100|10110100|0011100000|111001101  0x0306AB725A1C1CD
0x03 0000110|0001001|10011100000100100|10101101|0001000101|111000011  0x03099C125688BC3
0x04 0000110|0001010|10011011111110010|10101100|0001000100|111000010  0x030A9BF956089C2
BX = 110 Event : 55
0x00 0000110|0000101|10100100001100010|01010101|0011110000|001000110  0x0305A4312A9E046
0x01 0000110|0000110|10100011100000000|01010011|0011101001|001000011  0x0306A380299D243
0x02 0000110|0000111|10101011000010000|01001100|0100110001|000111001  0x0307AB082626239
0x03 0000110|0001000|10001111110000100|01111110|0000100001|001010011  0x03088FC23F04253
0x04 0000110|0001001|10000111011011000|01111001|1111001101|001001100  0x0309876C3CF9A4C
0x05 0000110|0001010|10001001000001010|01111000|1111011101|001001011  0x030A89053C7BA4B
0x06 0000110|0001100|10101011010001000|00111011|0011101011|000100110  0x030CAB441D9D626
0x07 0000110|0001101|10101110000111100|00111100|0100000001|000101000  0x030DAE1E1E20228
0x08 0000110|0001110|10101110010111010|00111100|0100000011|000101000  0x030EAE5D1E20628
0x09 0000110|0001111|10101110011110010|00111100|0100000011|000101000  0x030FAE791E20628
0x0a 0000110|0010000|10100100010110100|01110101|0011000000|001001001  0x0310A45A3A98049
0x0b 0000110|0010001|10011011111010110|01110000|0001101010|001000100  0x03119BEB380D444
0x0c 0000110|0011001|10001100001110110|01000011|1110110100|000110001  0x03198C3B21F6831
0x0d 0000110|0011010|10001110001101010|01000100|1111000010|000110010  0x031A8E352278432
0x0e 0000110|0011011|10010000111000010|01000100|1111010110|000110010  0x031B90E1227AC32
0x0f 0000110|0011100|10000011100001010|01000111|1101110011|000110101  0x031C838523EE635
0x10 0000110|0011101|10001111101011100|10101010|1111001111|111000001  0x031D8FAE5579FC1
BX = 111 Event : 56
0x00 0000110|0000001|10010110001000110|11010001|0010011100|111011101  0x0301962368939DD
0x01 0000110|0000100|10010101111001100|11010001|0010011010|111011101  0x030495E668935DD
0x02 0000110|0000110|10001110100011000|11011001|0001010100|111100111  0x03068E8C6C8A9E7
0x03 0000110|0001000|10001110010000000|11011001|0001010010|111100110  0x03088E406C8A5E6
0x04 0000110|0001010|10000010101001100|10011100|0000010100|110111110  0x030A82A64E029BE
0x05 0000110|0001100|10101010011011000|10111101|0100111000|111001001  0x030CAA6C5EA71C9
0x06 0000110|0001101|10101010001011110|10111100|0100110110|111001001  0x030DAA2F5E26DC9
0x07 0000110|0001111|10011110111010100|11001001|0011001110|111011000  0x030F9EEA6499DD8
0x08 0000110|0010000|10011111000110000|11001000|0011010000|111010110  0x03109F18641A1D6
0x09 0000110|0010010|10000000011011100|11000110|1110101111|111010100  0x0312806E6375FD4
0x0a 0000110|0010100|10110110100011100|01101011|0100110010|001001000  0x0314B68E35A6448
0x0b 0000110|0010101|10110110000001100|01101010|0100101110|001001000  0x0315B6063525C48
0x0c 0000110|0011000|10100010011011000|00000011|0010001111|111111101  0x0318A26C0191FFD
0x0d 0000110|0011001|10110101001101000|00001011|0100011001|000000101  0x0319B53405A3205
0x0e 0000110|0011010|10101000011001000|00000010|0011001001|111111100  0x031AA86401193FC
0x0f 0000110|0011011|10110101001000010|00001011|0100011001|000000101  0x031BB52105A3205
BX = 000 Event : 57
0x00 0000110|0000010|10001011111101110|01000010|0000100101|000110011  0x03028BF72104A33
0x01 0000110|0000011|10100100001110000|00111001|0100000110|000100111  0x0303A4381CA0C27
0x02 0000110|0000101|10001011110110110|00111111|1111101100|000110101  0x03058BDB1FFD835
0x03 0000110|0000110|10101001110111110|11001011|0011100010|111011100  0x0306A9DF659C5DC
0x04 0000110|0000111|10100010111110110|00100000|0010010010|000011111  0x0307A2FB101241F
0x05 0000110|0001000|10101100011110010|00011001|0011101110|000010111  0x0308AC790C9DC17
0x06 0000110|0001001|10111010001101010|11111001|0100111110|111111011  0x0309BA357CA7DFB
0x07 0000110|0001010|10111010001011010|11111010|0100111110|111111011  0x030ABA2D7D27DFB
0x08 0000110|0001011|10101000010000100|00101110|0010110011|000010110  0x030BA8421716616
0x09 0000110|0001100|10100011101110000|00111010|0010010000|000100010  0x030CA3B81D12022
0x0a 0000110|0010001|10100000000011010|00100011|0001110110|000100011  0x0311A00D118EC23
0x0b 0000110|0010011|10110100011010010|01000011|0100010001|000101011  0x0313B46921A222B
0x0c 0000110|0010100|10111110100000000|11101000|0101000100|111110001  0x0314BE8074289F1
0x0d 0000110|0010101|10101110100101010|00001110|0011001111|000010100  0x0315AE950719E14
0x0e 0000110|0010110|10101111000100000|00001110|0011010011|000010100  0x0316AF10071A614
0x0f 0000110|0010111|10110111000111110|11111101|0100100001|111111111  0x0317B71F7EA43FF
0x10 0000110|0011000|10110111001110000|11111101|0100100010|000000000  0x0318B7387EA4400
BX = 001 Event : 58
0x00 0000110|0000000|10001111100111100|00101100|0001011001|000100101  0x03008F9E160B225
0x01 0000110|0000001|10010001101010110|00100111|0001101100|000011111  0x030191AB138D81F
0x02 0000110|0000010|10010100011110010|00100001|0010000110|000011000  0x030294791090C18
0x03 0000110|0000011|10011101010001110|00001101|0011000011|000000111  0x03039D470698607
0x04 0000110|0000101|10011101000000000|00001101|0011000001|000000111  0x03059D000698207
0x05 0000110|0000110|10011111110111010|00000111|0011011011|000000000  0x03069FDD039B600
BX = 010 Event : 59
0x00 0000110|0001010|10100110011101000|00111100|0100001100|000100111  0x030AA6741E21827
0x01 0000110|0001011|10101101101011000|10111100|0101000010|111001111  0x030BADAC5E285CF
0x02 0000110|0001100|10101101101010000|10111100|0101000010|111001111  0x030CADA85E285CF
0x03 0000110|0001101|10101000001010000|10111101|0100011010|111010000  0x030DA8285EA35D0
0x04 0000110|0001110|10100100000111110|10000011|0011110110|110101000  0x030EA41F419EDA8
0x05 0000110|0001111|10101101110100100|10111101|0101000011|111001111  0x030FADD25EA87CF
0x06 0000110|0010000|10101101111000110|10111100|0101000100|111001111  0x0310ADE35E289CF
0x07 0000110|0010001|10100110010111000|10111110|0100001001|111010000  0x0311A65C5F213D0
0x08 0000110|0010100|10010000001111000|10110100|0000011110|111000100  0x0314903C5A03DC4
0x09 0000110|0010110|10010000101111100|10110011|0000100011|111000010  0x031690BE59847C2
0x0a 0000110|0011001|10010000101111100|10101110|1111001100|111001000  0x031990BE57799C8
BX = 011 Event : 60
0x00 0000110|0001110|10000111111101100|11010101|1110110100|111010111  0x030E87F66AF69D7
0x01 0000110|0010000|10011110001100000|11101101|0001000011|111101110  0x03109E3076887EE
0x02 0000110|0010010|10001011010111110|00011110|1111001110|000011100  0x03128B5F0F79C1C
0x03 0000110|0010011|10000010011100100|00010011|1101111011|000001110  0x0313827209EF60E
0x04 0000110|0010110|10101111111000010|00001000|0010111101|000010000  0x0316AFE10417A10
BX = 100 Event : 61
0x00 0000110|0000110|10110000011011000|10100000|0100011000|110111010  0x0306B06C50231BA
0x01 0000110|0000111|10110001111011100|01110010|0011101110|001001100  0x0307B1EE391DC4C
0x02 0000110|0001000|10110010010010000|01110010|0011110001|001001100  0x0308B248391E24C
0x03 0000110|0001001|10111000110110000|00001001|0100000100|000010000  0x0309B8D804A0810
BX = 101 Event : 62
0x00 0000110|0001000|10101111001011000|11110011|0101010111|000000000  0x0308AF2C79AAE00
0x01 0000110|0001011|10101101100101100|11111010|0011101010|111110111  0x030BAD967D1D5F7
0x02 0000110|0001100|10101111000111110|10111011|0100010000|111010010  0x030CAF1F5DA21D2
0x03 0000110|0001101|10001000011111000|01101111|1110111001|001010110  0x030D887C37F7256
0x04 0000110|0001111|10100100011001110|11110101|0010010000|111110001  0x030FA4677A921F1
0x05 0000110|0010000|10111000001110100|01110110|0100101110|001011100  0x0310B83A3B25C5C
0x06 0000110|0010001|10101111100110000|11111000|0011100011|111110011  0x0311AF987C1C7F3
BX = 110 Event : 63
0x00 0000110|0000001|10011010001101100|11001100|0010011101|111010111  0x03019A366613BD7
0x01 0000110|0000010|10110001010100110|00000010|0101001000|000001011  0x0302B153012900B
0x02 0000110|0000100|10000000101111010|11101000|1110101100|111111000  0x030480BD74759F8
0x03 0000110|0000101|10110000001001000|11001100|0100100000|111100110  0x0305B02466241E6
0x04 0000110|0000110|10101111111100100|11001011|0100011110|111100101  0x0306AFF265A3DE5
0x05 0000110|0000111|10101110101001000|11001010|0100010010|111100100  0x0307AEA465225E4
0x06 0000110|0001011|10010100101000000|10110010|0000010111|111000110  0x030B94A05902FC6
0x07 0000110|0001100|10110100111111100|00000101|0100000101|111111011  0x030CB4FE02A0BFB
BX = 111 Event : 64
0x00 0000110|0000011|10101101000111000|11110100|0101000110|000000001  0x0303AD1C7A28C01
0x01 0000110|0000100|10010100010010100|11011100|0001100010|111100101  0x0304944A6E0C5E5
0x02 0000110|0000111|10101110000101110|11111010|0100011010|111110011  0x0307AE177D235F3
0x03 0000110|0001000|10101101001010100|11110101|0100010010|111101110  0x0308AD2A7AA25EE
0x04 0000110|0001001|10011000101111100|00011011|0000100011|000011011  0x030998BE0D8461B
0x05 0000110|0001100|10110000100011010|00110010|0010111011|000100110  0x030CB08D1917626
0x06 0000110|0001101|10110110111000110|10111110|0011111011|111010100  0x030DB6E35F1F7D4
BX = 000 Event : 65
0x00 0000110|0000010|10000101001010100|11110110|1111010110|000000001  0x0302852A7B7AC01
0x01 0000110|0000011|10000000111110100|00000010|1110110111|000001100  0x030380FA0176E0C
0x02 0000110|0000101|10000101101101100|00111010|1110100100|000110011  0x030585B61D74833
0x03 0000110|0001000|10010011011001100|01011101|1111111101|001000010  0x030893662EFFA42
0x04 0000110|0001001|10001010101001000|00000111|1110100110|000001000  0x03098AA403F4C08
0x05 0000110|0001010|10011011110101000|11110101|0001001001|111110011  0x030A9BD47A893F3
0x06 0000110|0001011|10001010001100100|11010111|1110011001|111101011  0x030B8A326BF33EB
0x07 0000110|0001100|10001010110101010|11011111|1110011110|111110011  0x030C8AD56FF3DF3
0x08 0000110|0001101|10100010011101000|00011111|0001011010|000011111  0x030DA2740F8B41F
0x09 0000110|0001110|10110000100111010|00001111|0011100100|000001011  0x030EB09D079C80B
BX = 001 Event : 66
0x00 0000110|0000111|10100001100101110|01001101|0100000111|000110101  0x0307A19726A0E35
0x01 0000110|0001010|10010110101110000|01000011|0010011101|000101000  0x030A96B82193A28
0x02 0000110|0001100|10011000111101000|01011111|0010110011|001001011  0x030C98F42F9664B
0x03 0000110|0001101|10011100010011110|01001001|0010110101|000110011  0x030D9C4F2496A33
0x04 0000110|0001110|10010101111001100|01000001|0010000110|000101001  0x030E95E62090C29
0x05 0000110|0001111|10011100001000110|00111110|0010110111|000100111  0x030F9C231F16E27
0x06 0000110|0010000|10011110001110100|01000001|0011000111|000101010  0x03109E3A2098E2A
0x07 0000110|0010001|10010111110011010|00111100|0010011001|000100011  0x031197CD1E13223
0x08 0000110|0010010|10011110001010010|00111000|0011001010|000011110  0x03129E291C1941E
0x09 0000110|0010011|10100000001011000|00111010|0011011010|000100001  0x0313A02C1D1B421
0x0a 0000110|0010100|10100101100010010|01010101|0100010000|001000001  0x0314A5892AA2041
0x0b 0000110|0010101|10100111011111000|01011000|0100011110|001000100  0x0315A77C2C23C44
0x0c 0000110|0010111|10000001011111110|01001011|1110110110|000110110  0x0317817F25F6C36
0x0d 0000110|0011000|10000001011110100|01001011|1110110110|000110110  0x0318817A25F6C36
0x0e 0000110|0011001|10000010100011110|01001111|1110111110|000111010  0x0319828F27F7C3A
0x0f 0000110|0011010|10000001000011010|01001100|1110110010|000110111  0x031A810D2676437
0x10 0000110|0011011|10000000110111110|01001100|1110110000|000110111  0x031B80DF2676037
0x11 0000110|0011100|10000010001011110|01010000|1110111011|000111100  0x031C822F287763C
0x12 0000110|0100001|10100010111110110|00100000|0010010010|000011111  0x0321A2FB101241F
0x13 0000110|0100010|10101100011110010|00011001|0011101110|000010111  0x0322AC790C9DC17
0x14 0000110|0100011|10101011011000010|00000011|0011100100|111111100  0x0323AB61019C9FC
0x15 0000110|0100100|10101111000001000|01001011|0011110111|000111011  0x0324AF04259EE3B
0x16 0000110|0100101|10101100000001110|01011001|0011100001|001001001  0x0325AC072C9C249
0x17 0000110|0100110|10111010001101010|11111001|0100111110|111111011  0x0326BA357CA7DFB
0x18 0000110|0100111|10111010001011010|11111010|0100111110|111111011  0x0327BA2D7D27DFB
0x19 0000110|0101010|10100001110000100|00101110|0001110001|000010110  0x032AA1C2170E216
0x1a 0000110|0101011|10011100001011100|00111010|0001000101|000100010  0x032B9C2E1D08A22
0x1b 0000110|0101100|10011011101000000|01011000|0001000001|000111111  0x032C9BA02C0823F
0x1c 0000110|0101101|10011011110001010|01010111|0001000010|000111111  0x032D9BC52B8843F
0x1d 0000110|0101110|10011011101100010|01010111|0001000001|000111111  0x032E9BB12B8823F
0x1e 0000110|0101111|10101000010000100|00101110|0010110011|000010110  0x032FA8421716616
0x1f 0000110|0110000|10100011101110000|00111010|0010010000|000100010  0x0330A3B81D12022
0x20 0000110|0110001|10100100000101100|01011000|0010010011|000111111  0x0331A4162C1263F
0x21 0000110|0110010|10100011011100000|01010111|0010001110|000111111  0x0332A3702B91C3F
0x22 0000110|0110011|10100001101110110|01010111|0010000000|000111111  0x0333A1BB2B9003F
0x23 0000110|0111000|10100000000011010|00100011|0001110110|000100011  0x0338A00D118EC23
0x24 0000110|0111010|10101101111110000|01000011|0011010000|000101011  0x033AADF8219A02B
0x25 0000110|0111011|10110100011010010|01000011|0100010001|000101011  0x033BB46921A222B
0x26 0000110|0111100|10110111000111110|11111101|0100100001|111111111  0x033CB71F7EA43FF
0x27 0000110|0111101|10110111001110000|11111101|0100100010|000000000  0x033DB7387EA4400
BX = 010 Event : 67
0x00 0000110|0000010|10010101011010110|11101001|0010010011|111100110  0x0302956B74927E6
0x01 0000110|0001100|10001010000010110|11101110|1110110011|111110101  0x030C8A0B77767F5
0x02 0000110|0001101|10001000010000110|00010111|1110100110|000011011  0x030D88430BF4C1B
BX = 011 Event : 68
0x00 0000110|0000100|10000111000110000|10111001|0000101010|111001010  0x030487185C855CA
0x01 0000110|0000101|10100000010100000|11011000|0011101101|111101000  0x0305A0506C1DBE8
0x02 0000110|0001000|10010100000100000|11001101|0001111010|111011100  0x03089410668F5DC
0x03 0000110|0001001|10010011011011010|11010010|0001110101|111100001  0x0309936D690EBE1
0x04 0000110|0001011|10100010110111010|00100100|0011111000|000010001  0x030BA2DD121F011
0x05 0000110|0001111|10010011111111100|11001101|0001111001|111011100  0x030F93FE668F3DC
0x06 0000110|0010000|10010011011101010|11010010|0001110101|111100000  0x03109375690EBE0
0x07 0000110|0010010|10000110111001010|11110011|0000010111|000000000  0x031286E57982E00
0x08 0000110|0010101|10001000110101110|00110010|0000001100|000101100  0x031588D7190182C
0x09 0000110|0011010|10011010001011110|11100100|0010110011|111111000  0x031A9A2F72167F8
0x0a 0000110|0011011|10100101000100100|10110001|0011111110|111000001  0x031BA512589FDC1
0x0b 0000110|0011101|10011010010110100|01111001|0010100101|001001010  0x031D9A5A3C94A4A
0x0c 0000110|0011110|10100010000101100|10110110|0011100010|111000111  0x031EA2165B1C5C7
0x0d 0000110|0011111|10101110100001100|11100001|0100111101|111101111  0x031FAE8670A7BEF
0x0e 0000110|0100000|10101110100001100|11100001|0100111101|111101111  0x0320AE8670A7BEF
0x0f 0000110|0100001|10001101110110100|00000010|0000110010|111111110  0x03218DDA01065FE
0x10 0000110|0100010|10010101000011100|00100000|0001100111|000011010  0x0322950E100CE1A
0x11 0000110|0100011|10100110111001110|11001100|0100001110|111100001  0x0323A6E76621DE1
0x12 0000110|0100100|10101100000101100|11001001|0100111101|111011101  0x0324AC1664A7BDD
0x13 0000110|0101011|10000010011001010|11011001|1111010011|111101010  0x032B82656CFA7EA
0x14 0000110|0101100|10000001101001000|11011111|1111001101|111110000  0x032C81A46FF9BF0
0x15 0000110|0110010|10010101011001010|10111000|0001101101|111001001  0x033295655C0DBC9
0x16 0000110|0110011|10100010100010100|11000111|0010011110|111011001  0x0333A28A6393DD9
0x17 0000110|0110100|10100111100111110|11101110|0011000100|111111110  0x0334A79F77189FE
0x18 0000110|0110101|10101011011000110|10111010|0011100000|111001101  0x0335AB635D1C1CD
0x19 0000110|0110110|10101111000100110|10111110|0011111011|111010001  0x0336AF135F1F7D1
0x1a 0000110|0110111|10100010011110100|11000111|0010011110|111011001  0x0337A27A6393DD9
0x1b 0000110|0111000|10110101010111100|11001100|0100101001|111011110  0x0338B55E66253DE
0x1c 0000110|0111001|10111010000100110|11100011|0101001011|111110011  0x0339BA1371A97F3
0x1d 0000110|0111010|10100010111000100|11000111|0010100010|111011010  0x033AA2E263945DA
0x1e 0000110|0111011|10101110111101010|10110111|0100000001|111001001  0x033BAEF55BA03C9
BX = 100 Event : 69
0x00 0000110|0001000|10101001011011010|10100101|0101000100|111000011  0x0308A96D52A89C3
0x01 0000110|0001001|10100100001011100|10100101|0100010011|111000010  0x0309A42E52A27C2
0x02 0000110|0001010|10010111111100000|10011011|0010011100|110110110  0x030A97F04D939B6
0x03 0000110|0001111|10001110101000010|11001001|0000110111|111011101  0x030F8EA16486FDD
0x04 0000110|0010100|10111100110101000|10010100|0101100011|110110000  0x0314BCD44A2C7B0
0x05 0000110|0010111|10000000110111100|11100001|1101111111|111100110  0x031780DE70EFFE6
0x06 0000110|0011010|10010010110011010|11010000|1111101101|111011010  0x031A92CD687DBDA
0x07 0000110|0011011|10010001100111000|11000111|1111100100|111010001  0x031B919C63FC9D1
0x08 0000110|0011100|10110100100001000|10001111|0100010000|110101001  0x031CB48447A21A9
BX = 101 Event : 70
0x00 0000110|0000000|10000001111100110|10101010|0000000011|111001000  0x030081F355007C8
0x01 0000110|0000001|10000010110001010|10101001|0000001100|111000111  0x030182C554819C7
0x02 0000110|0000011|10110001101101110|10001101|0101011110|110101100  0x0303B1B746ABDAC
0x03 0000110|0000100|10110000101110010|10001110|0101010110|110101101  0x0304B0B9472ADAD
0x04 0000110|0000101|10101111000111110|10010000|0101001010|110101110  0x0305AF1F48295AE
BX = 110 Event : 71
0x00 0000110|0000001|10100111011001000|01010011|0100011000|000111110  0x0301A76429A303E
0x01 0000110|0000100|10000011100000000|10110111|1111001011|111000111  0x030483805BF97C7
0x02 0000110|0001001|10001011001100100|00001010|0000010001|000000110  0x03098B320502206
0x03 0000110|0001010|10100111111100010|11101110|0010111100|111111000  0x030AA7F177179F8
0x04 0000110|0001011|10101001110001100|11110000|0011001001|111111010  0x030BA9C678193FA
0x05 0000110|0001100|10111001101101100|10100111|0101011111|110111100  0x030CB9B653ABFBC
0x06 0000110|0001101|10110001001010100|01000010|0011010000|000110001  0x030DB12A211A031
BX = 111 Event : 72
0x00 0000110|0000010|10001000111000110|01001011|1111011010|000110101  0x030288E325FB435
0x01 0000110|0000100|10000010001101000|11000111|1111000100|111100011  0x0304823463F89E3
0x02 0000110|0000101|10101101110011110|10100100|0100100000|111000001  0x0305ADCF52241C1
0x03 0000110|0001010|10001110101110110|01100110|1111001110|000111101  0x030A8EBB3379C3D
0x04 0000110|0001011|10100010000101010|00000111|0001110110|000001101  0x030BA215038EC0D
0x05 0000110|0001100|10100011101110000|00001101|0010000011|000010010  0x030CA3B80690612
0x06 0000110|0001101|10100010111110100|00000110|0001111111|000001100  0x030DA2FA030FE0C
0x07 0000110|0001110|10100100110100110|00001011|0010001101|000010000  0x030EA4D30591A10
BX = 000 Event : 73
0x00 0000110|0000001|10111010001111100|11010100|0101011001|111100100  0x0301BA3E6A2B3E4
0x01 0000110|0000010|10111000001011000|10111010|0101000110|111000110  0x0302B82C5D28DC6
0x02 0000110|0000101|10011001001010010|11001011|0000100101|111011001  0x030599296584BD9
0x03 0000110|0000110|10100100101110000|10100101|0010001101|111001011  0x0306A4B85291BCB
0x04 0000110|0000111|10100100000100000|10000110|0010000110|110100100  0x0307A4104310DA4
0x05 0000110|0001000|10101010001110010|11100010|0011000110|111110101  0x0308AA397118DF5
0x06 0000110|0001001|10100101110011100|10100100|0010000011|110110101  0x0309A5CE52107B5
0x07 0000110|0001010|10111110101101110|10101100|0100111010|110111101  0x030ABEB756275BD
0x08 0000110|0001011|10100010001111110|10110101|0001011110|111001010  0x030BA23F5A8BDCA
0x09 0000110|0001100|10110011000000000|10101101|0100001010|111000001  0x030CB30056A15C1
BX = 001 Event : 74
0x00 0000110|0000100|10000000111001000|11001110|1110110111|111011001  0x030480E46776FD9
0x01 0000110|0001010|10010001111111110|11100111|1111101100|111100111  0x030A91FF73FD9E7
0x02 0000110|0001011|10010110010001010|11110100|0000001101|111110011  0x030B96457A01BF3
0x03 0000110|0001100|10010100101010010|00000011|0000000000|000000010  0x030C94A90180002
0x04 0000110|0001101|10011111111010110|11111111|0001010101|111111110  0x030D9FEB7F8ABFE
0x05 0000110|0001110|10101000000110010|11100000|0010010111|111101010  0x030EA8197012FEA
0x06 0000110|0001111|10110100101110110|00010010|0011110001|000010000  0x030FB4BB091E210
BX = 010 Event : 75
0x00 0000110|0000011|10101101101100100|01111101|0100110110|001010110  0x0303ADB23EA6C56
0x01 0000110|0000100|10101110000101010|01111110|0100111010|001010111  0x0304AE153F27457
0x02 0000110|0000101|10101100001010010|01000010|0100011001|000110110  0x0305AC292123236
0x03 0000110|0000111|10011110110010100|01000000|0010011100|000110100  0x03079ECA2013834
0x04 0000110|0001000|10001011111001010|00101110|1111101010|000011111  0x03088BE5177D41F
0x05 0000110|0001001|10001011101110010|00101110|1111101000|000011111  0x03098BB9177D01F
0x06 0000110|0001010|10100000000100100|01010101|0010000001|001000100  0x030AA0122A90244
0x07 0000110|0001011|10011111111010100|01010100|0001111111|001000011  0x030B9FEA2A0FE43
0x08 0000110|0001100|10111001001010110|00110111|0100111010|000100111  0x030CB92B1BA7427
0x09 0000110|0001101|10111001000000110|00110111|0100111000|000100111  0x030DB9031BA7027
0x0a 0000110|0001110|10001100001101100|00110011|1110111110|000011010  0x030E8C3619F7C1A
0x0b 0000110|0001111|10111001001011000|11011001|0100010001|111100110  0x030FB92C6CA23E6
0x0c 0000110|0010000|10111001010100100|11010111|0100010010|111100011  0x0310B9526BA25E3
0x0d 0000110|0010001|10101010000110110|01000111|0010101001|000111011  0x0311AA1B239523B
0x0e 0000110|0010010|10011101100110100|00101110|0000101110|000011101  0x03129D9A1705C1D
BX = 011 Event : 76
0x00 0000110|0000001|10011011000110010|00110001|0010010111|000011010  0x03019B191892E1A
0x01 0000110|0000011|10100100001100010|01010101|0011110000|001000110  0x0303A4312A9E046
0x02 0000110|0000100|10100011100000000|01010011|0011101001|001000011  0x0304A380299D243
0x03 0000110|0000101|10101011000010000|01001100|0100110001|000111001  0x0305AB082626239
0x04 0000110|0000110|10101110000111100|00111100|0100000001|000101000  0x0306AE1E1E20228
0x05 0000110|0000111|10101110010111010|00111100|0100000011|000101000  0x0307AE5D1E20628
0x06 0000110|0001000|10101110011110010|00111100|0100000011|000101000  0x0308AE791E20628
0x07 0000110|0001111|10111011110010100|10010110|0100101001|110111011  0x030FBBCA4B253BB
BX = 100 Event : 77
0x00 0000110|0000000|10011010001010010|01110100|0010111011|001011011  0x03009A293A1765B
0x01 0000110|0000101|10000111001111100|10110110|1110010110|111000101  0x0305873E5B72DC5
0x02 0000110|0000110|10001111101010010|11011011|1111010101|111101000  0x03068FA96DFABE8
0x03 0000110|0000111|10000110100100000|10110010|1110010000|111000001  0x0307869059721C1
0x04 0000110|0001000|10001111001111010|11011000|1111010001|111100101  0x03088F3D6C7A3E5
0x05 0000110|0001001|10010101100110000|10111001|0000011101|111001001  0x030995985C83BC9
0x06 0000110|0001010|10101101100100000|10111100|0010110101|111001011  0x030AAD905E16BCB
0x07 0000110|0001011|10101101111100010|10111001|0010111000|111001000  0x030BADF15C971C8
BX = 101 Event : 78
0x00 0000110|0000010|10000100000010000|00010000|1110101110|000001110  0x030284080875C0E
0x01 0000110|0000011|10000100001100100|00010001|1110101111|000010000  0x0303843208F5E10
0x02 0000110|0000100|10000100010110100|00010101|1110110000|000010100  0x0304845A0AF6014
0x03 0000110|0000101|10000000110001110|00001000|1110010000|000000110  0x030580C70472006
0x04 0000110|0000110|10000000111100010|00001010|1110010001|000000111  0x030680F10572207
0x05 0000110|0000111|10000001000110110|00001110|1110010010|000001011  0x0307811B077240B
0x06 0000110|0001001|10101101010010110|00101000|0011100100|000100101  0x0309AD4B141C825
0x07 0000110|0001010|10101010110100000|00100010|0011001100|000011110  0x030AAAD0111981E
0x08 0000110|0011000|10101011110101010|10110010|0011001010|111000010  0x0318ABD559195C2
0x09 0000110|0011001|10100010000110010|10110000|0001101000|111000000  0x0319A219580D1C0
0x0a 0000110|0011010|10010110101011010|10101110|1111110100|110111101  0x031A96AD577E9BD
0x0b 0000110|0011011|10011011011000000|00011111|0000110011|000011010  0x031B9B600F8661A
0x0c 0000110|0011100|10100111101001110|00011001|0010101101|000010011  0x031CA7A70C95A13
0x0d 0000110|0011101|10101100000001110|10111000|0011001100|111001000  0x031DAC075C199C8
0x0e 0000110|0011110|10111001110100000|11100111|0100010101|111100110  0x031EB9D073A2BE6
0x0f 0000110|0011111|10111000110010000|10000011|0100000011|110101110  0x031FB8C841A07AE
0x10 0000110|0100000|10111101001001100|10000011|0100101111|110101110  0x0320BD2641A5FAE
BX = 110 Event : 79
0x00 0000110|0000010|10011111001100000|11010010|0010001101|111101001  0x03029F306911BE9
0x01 0000110|0000011|10100000010010000|01100100|0001100001|001001110  0x0303A048320C24E
BX = 111 Event : 80
0x00 0000110|0001010|10011101111001100|01010001|0011000001|000101101  0x030A9DE6289822D
0x01 0000110|0001101|10000100000001100|01011100|1110111011|001001011  0x030D84062E7764B
0x02 0000110|0001110|10001100000101010|00000001|1111111000|111110110  0x030E8C1500FF1F6
0x03 0000110|0001111|10011110000110010|01001110|0001111111|000111101  0x030F9E19270FE3D
0x04 0000110|0010001|10110111101010100|11101011|0100101110|111101111  0x0311B7AA75A5DEF
0x05 0000110|0010101|10110000100000110|01110100|0011100100|001001110  0x0315B0833A1C84E
BX = 000 Event : 81
0x00 0000110|0000000|10101001000011110|00100101|0100110110|000100010  0x0300A90F12A6C22
0x01 0000110|0000001|10100110100101110|00100101|0100100000|000100010  0x0301A69712A4022
0x02 0000110|0000011|10101010010010110|01101010|0100001010|001010100  0x0303AA4B3521454
0x03 0000110|0000110|10101111100111110|01101000|0100110001|001010010  0x0306AF9F3426252
0x04 0000110|0001000|10010101011010000|00101101|0000111000|000101000  0x030895681687028
0x05 0000110|0001001|10000110001110100|00110000|1111000101|000101011  0x0309863A1878A2B
0x06 0000110|0001010|10011110000100100|00001111|0010001010|000000101  0x030A9E120791405
0x07 0000110|0001100|10011010010000100|00100011|0001011100|000011111  0x030C9A42118B81F
0x08 0000110|0001101|10011011100101010|00101001|0001100110|000100100  0x030D9B95148CC24
0x09 0000110|0001110|10101010111001110|00101110|0011011001|000101001  0x030EAAE7171B229
0x0a 0000110|0001111|10100010111100000|00000101|0010101110|111111011  0x030FA2F00295DFB
0x0b 0000110|0010000|10100100001101110|00001011|0010111000|000000001  0x0310A4370597001
0x0c 0000110|0010001|10110011101011110|00010000|0100101010|000000110  0x0311B3AF0825406
0x0d 0000110|0010011|10000010110101110|01011001|1110000111|001000111  0x031382D72CF0E47
0x0e 0000110|0011011|10010001001010100|00111101|1111011110|000100001  0x031B912A1EFBC21
0x0f 0000110|0011100|10010011110100010|01100111|1111110011|001001011  0x031C93D133FE64B
0x10 0000110|0011101|10011101010101010|01100110|0001010110|001001001  0x031D9D55330AC49
0x11 0000110|0011110|10000011110000010|00001001|1110000111|000000000  0x031E83C104F0E00
0x12 0000110|0011111|10000101001101000|00001111|1110010010|000000110  0x031F853407F2406
0x13 0000110|0100000|10010000101110000|01000101|1111100001|000110011  0x032090B822FC233
0x14 0000110|0100001|10010011011010110|01011100|1111110101|001001000  0x0321936B2E7EA48
BX = 001 Event : 82
0x00 0000110|0010010|10110011101110010|10110110|0100100100|111010010  0x0312B3B95B249D2
0x01 0000110|0010011|10110101011110110|10110100|0100110101|111001111  0x0313B57B5A26BCF
0x02 0000110|0010100|10011100011100110|11100110|0001001111|111101101  0x03149C737309FED
0x03 0000110|0010111|10101011011000000|11101010|0010111110|111110000  0x0317AB607517DF0
0x04 0000110|0011010|10110001111001100|10110111|0011111000|111010111  0x031AB1E65B9F1D7
BX = 010 Event : 83
0x00 0000110|0000110|10001110001011110|10100011|0000101001|110111101  0x03068E2F51853BD
0x01 0000110|0000111|10001100011101000|10100011|0000011011|110111101  0x03078C7451837BD
0x02 0000110|0001000|10001100111011100|10100110|0000011111|111000001  0x03088CEE5303FC1
0x03 0000110|0001001|10000011110101110|00110001|1110010101|000011011  0x030983D718F2A1B
0x04 0000110|0001010|10111001010011000|11110110|0100010100|111111001  0x030AB94C7B229F9
BX = 011 Event : 84
0x00 0000110|0000011|10011011110001010|00010011|0010101100|000001111  0x03039BC5099580F
0x01 0000110|0000101|10000101101101100|00011101|1111011110|000011011  0x030585B60EFBC1B
0x02 0000110|0000111|10110100010000010|00010101|0100101011|000010010  0x0307B4410AA5612
0x03 0000110|0001000|10110111110101100|11101010|0011101100|111101111  0x0308B7D6751D9EF
0x04 0000110|0001001|10101010011000110|11111011|0010001001|111111111  0x0309AA637D913FF
0x05 0000110|0001010|10100011101011010|00000000|0001010110|000000011  0x030AA3AD000AC03
0x06 0000110|0001011|10100011100010110|00000001|0001010101|000000100  0x030BA38B008AA04
BX = 100 Event : 85
0x00 0000110|0000110|10101111010000110|00111101|0101000111|000100100  0x0306AF431EA8E24
0x01 0000110|0000111|10100111001111100|00111000|0011111100|000011111  0x0307A73E1C1F81F
0x02 0000110|0010101|10010100000010000|10000011|1111111101|110110000  0x0315940841FFBB0
BX = 101 Event : 86
0x00 0000110|0000010|10100100111101010|11100100|0100001000|111110000  0x0302A4F572211F0
0x01 0000110|0000011|10100001001011110|11011010|0011100101|111100101  0x0303A12F6D1CBE5
0x02 0000110|0000100|10010110111100110|11001101|0010000111|111010101  0x030496F36690FD5
0x03 0000110|0000110|10101101100101010|11001010|0100001100|111100010  0x0306AD9565219E2
0x04 0000110|0000111|10000001100110100|10111010|1101011011|111001101  0x0307819A5D6B7CD
BX = 110 Event : 87
0x00 0000110|0001001|10001000001010100|11000011|1111100101|111001101  0x0309882A61FCBCD
0x01 0000110|0001010|10000010011100010|11001000|1110111010|111010001  0x030A827164775D1
0x02 0000110|0001011|10000110101011100|11000001|1111100010|111001001  0x030B86AE60FC5C9
0x03 0000110|0001100|10001010110100010|11001111|0000000000|111100011  0x030C8AD167801E3
0x04 0000110|0001101|10110100100010010|00001000|0101000111|000000010  0x030DB4890428E02
0x05 0000110|0001110|10101101100101110|11000010|0011010110|111010001  0x030EAD97611ADD1
0x06 0000110|0001111|10010111100010010|10111101|1111111110|111001010  0x030F97895EFFDCA
0x07 0000110|0010000|10011011010100110|10111001|0000100011|111000110  0x03109B535C847C6
BX = 111 Event : 88
0x00 0000110|0000000|10011010100001010|11000111|0010111100|111010011  0x03009A8563979D3
0x01 0000110|0000100|10001100110001100|11000101|1111110101|111010111  0x03048CC662FEBD7
0x02 0000110|0000101|10000010011000110|11001010|1110100010|111011101  0x0305826365745DD
0x03 0000110|0000110|10110010100001010|10011101|0100100100|110110010  0x0306B2854EA49B2
0x04 0000110|0000111|10110010100011110|10011110|0100100100|110110011  0x0307B28F4F249B3
0x05 0000110|0001000|10101011110010110|11001100|0011110010|111011101  0x0308ABCB661E5DD
0x06 0000110|0001001|10110000100001000|10101111|0100010001|111001000  0x0309B08457A23C8
0x07 0000110|0001010|10110000101110100|10101111|0100010010|111001000  0x030AB0BA57A25C8
0x08 0000110|0001011|10100111101000100|11001110|0011001010|111100000  0x030BA7A267195E0
0x09 0000110|0001100|10101001011000110|11010101|0011011000|111100111  0x030CA9636A9B1E7
0x0a 0000110|0001101|10100110011110100|11010110|0011000001|111101000  0x030DA67A6B183E8
0x0b 0000110|0010100|10011100100000000|10011100|0001001110|110110001  0x03149C804E09DB1
0x0c 0000110|0010101|10011110000101110|10011110|0001011010|110110010  0x03159E174F0B5B2
0x0d 0000110|0010110|10101101011100110|10111100|0011001100|111001111  0x0316AD735E199CF
0x0e 0000110|0010111|10010010111100000|11001111|0000000110|111100000  0x031792F06780DE0
0x0f 0000110|0011000|10010001110111100|11010000|1111111110|111100001  0x031891DE687FDE1
0x10 0000110|0011001|10000100001101100|11001110|1101111100|111011111  0x03198436676F9DF
0x11 0000110|0011010|10000011110110100|11001111|1101111010|111100000  0x031A83DA67EF5E0
0x12 0000110|0011011|10010101001000110|10110011|0000011011|110111111  0x031B952359837BF
0x13 0000110|0011100|10010011111011000|10110110|0000010010|111000010  0x031C93EC5B025C2
0x14 0000110|0011110|10001010001101010|10111001|1110010011|111010100  0x031E8A355CF27D4
0x15 0000110|0011111|10001010110110110|10100010|1110011001|110110111  0x031F8ADB51733B7
0x16 0000110|0100010|10110101011010100|10101010|0100000111|110111110  0x0322B56A5520FBE
0x17 0000110|0100011|10100011011100010|11011000|0001011001|111101011  0x0323A3716C0B3EB
0x18 0000110|0100100|10011001000111100|11000011|0000001000|111010111  0x0324991E61811D7
BX = 000 Event : 89
0x00 0000110|0000010|10000011111100100|10011010|0000000001|110110000  0x030283F24D003B0
0x01 0000110|0000011|10001001000111110|10011000|0000101001|110101111  0x0303891F4C053AF
0x02 0000110|0000101|10000011100100010|11010110|1111111110|111101011  0x030583916B7FDEB
0x03 0000110|0001100|10000010111001110|00011010|1110111010|000010011  0x030C82E70D77413
0x04 0000110|0001101|10010001011000100|00011000|0001000011|000010001  0x030D91620C08611
0x05 0000110|0001110|10101101010101010|10110000|0011101011|111001001  0x030EAD55581D7C9
0x06 0000110|0001111|10101011011001010|10110100|0011011100|111001101  0x030FAB655A1B9CD
0x07 0000110|0010000|10001010000100110|11101111|1111001110|111101111  0x03108A1377F9DEF
0x08 0000110|0010001|10000110001101000|11111011|1110110000|111111011  0x031186347DF61FB
0x09 0000110|0010011|10100101001101100|11011010|0010011010|111011011  0x0313A5366D135DB
0x0a 0000110|0010100|10100100010011010|11011110|0010010011|111011111  0x0314A44D6F127DF
0x0b 0000110|0010101|10100100110100110|11011110|0010010111|111011111  0x0315A4D36F12FDF
BX = 001 Event : 90
0x00 0000110|0000001|10001001110101110|11111100|0000011011|111110110  0x030189D77E037F6
0x01 0000110|0000010|10000010010101110|00110001|1111100011|000100111  0x0302825718FC627
0x02 0000110|0000011|10101111101100100|00001100|0100110110|000000101  0x0303AFB20626C05
0x03 0000110|0001001|10011011010101010|00000001|0000011111|000000101  0x03099B550083E05
0x04 0000110|0001010|10011101001011000|11110011|0000110000|111110101  0x030A9D2C79861F5
BX = 010 Event : 91
0x00 0000110|0000010|10011000100111110|11001011|0010101101|111011101  0x0302989F6595BDD
0x01 0000110|0000011|10000001101011100|10110001|1111010111|110111110  0x030381AE58FAFBE
0x02 0000110|0000101|10011000110010000|11001011|0010101110|111011101  0x030598C86595DDD
0x03 0000110|0000110|10100000110010100|01000000|0011100110|000101110  0x0306A0CA201CC2E
0x04 0000110|0000111|10101111000001000|00110100|0101010101|000100001  0x0307AF041A2AA21
0x05 0000110|0001000|10011010100000100|01001101|0010101000|000111110  0x03089A82269503E
0x06 0000110|0001001|10100100001100100|00000010|0011110000|111111000  0x0309A432011E1F8
0x07 0000110|0001010|10100100001100100|00000011|0011110000|111111001  0x030AA432019E1F9
0x08 0000110|0001011|10100010101101110|01001001|0011100101|000111010  0x030BA2B7249CA3A
0x09 0000110|0001100|10100011101100100|00111110|0100000011|000101011  0x030CA3B21F2062B
0x0a 0000110|0001101|10101111011011110|00110100|0101011001|000100001  0x030DAF6F1A2B221
0x0b 0000110|0010000|10001000101101100|00010101|1111101110|000001110  0x031088B60AFDC0E
0x0c 0000110|0010001|10001000101101100|00010110|1111101110|000001111  0x031188B60B7DC0F
0x0d 0000110|0010011|10110000110001000|00011100|0100011000|000010100  0x0313B0C40E23014
0x0e 0000110|0010100|10011111010011100|00011001|0001110101|000010001  0x03149F4E0C8EA11
0x0f 0000110|0010101|10001011110011100|00000110|1110111100|111111010  0x03158BCE03779FA
0x10 0000110|0010110|10101100001010110|01010100|0011001010|000111000  0x0316AC2B2A19438
0x11 0000110|0010111|10100010011010100|00000101|0001100100|000000110  0x0317A26A028C806
0x12 0000110|0011000|10110101110111110|01001101|0011110110|000111101  0x0318B5DF269EC3D
BX = 011 Event : 92
0x00 0000110|0000011|10001100011101010|11011101|0000101000|111011110  0x03038C756E851DE
0x01 0000110|0000100|10000010001100010|01000100|1111110110|000111010  0x03048231227EC3A
0x02 0000110|0000101|10101110010000110|00011001|0100100101|000010111  0x0305AE430CA4A17
0x03 0000110|0000110|10010010101100000|00100010|0001010111|000011111  0x030692B0110AE1F
0x04 0000110|0000111|10011111101010110|00011011|0011010000|000010111  0x03079FAB0D9A017
0x05 0000110|0001000|10100001001100110|00001010|0011011110|000000011  0x0308A133051BC03
0x06 0000110|0001011|10001011110100000|00000110|1111100101|000000000  0x030B8BD0037CA00
0x07 0000110|0001100|10000101101010110|00010001|1110110111|000001100  0x030C85AB08F6E0C
0x08 0000110|0010111|10000100001010010|10001001|1110011011|110100011  0x0317842944F37A3
0x09 0000110|0011000|10011000110000000|00110100|0000010000|000101011  0x031898C01A0202B
0x0a 0000110|0011001|10001010100011110|01000011|1110100110|000111010  0x03198A8F21F4C3A
0x0b 0000110|0011100|10100100100111000|00100101|0001101001|000011101  0x031CA49C128D21D
BX = 100 Event : 93
0x00 0000110|0000010|10001101110001010|10100100|0001011111|110110110  0x03028DC5520BFB6
0x01 0000110|0000100|10000010101001010|01010101|1110110011|000111100  0x030482A52AF663C
0x02 0000110|0000101|10010001100100110|11100010|1111011010|111101011  0x03059193717B5EB
0x03 0000110|0000111|10001111000111010|00000011|1111000010|111111110  0x03078F1D01F85FE
0x04 0000110|0001000|10010110001111010|00000100|1111110111|111111110  0x0308963D027EFFE
0x05 0000110|0001001|10001100010100110|00101011|1110101101|000100011  0x03098C5315F5A23
0x06 0000110|0001010|10010100000001010|10010100|1111101111|110110111  0x030A94054A7DFB7
0x07 0000110|0001011|10011100111100000|10010011|0001001100|110110110  0x030B9CF049899B6
0x08 0000110|0001100|10111011100101100|11101101|0100010100|111110110  0x030CBB9676A29F6
0x09 0000110|0001101|10101010000001010|00001101|0010010010|000010100  0x030DAA050692414
BX = 101 Event : 94
0x00 0000110|0000001|10101010100010100|11100010|0011010010|111100111  0x0301AA8A711A5E7
0x01 0000110|0000010|10100001111100010|00000001|0010010010|000000011  0x0302A1F10092403
0x02 0000110|0000011|10111000101101100|11101111|0100111010|111110011  0x0303B8B677A75F3
0x03 0000110|0000100|10100111111111110|10101010|0011000100|111000110  0x0304A7FF55189C6
0x04 0000110|0000110|10101110111100000|11101111|0010101001|111101110  0x0306AEF077953EE
BX = 110 Event : 95
0x00 0000110|0000010|10101010110001110|01110100|0101001010|001001001  0x0302AAC73A29449
0x01 0000110|0000101|10001101111101000|11001111|0000111000|111011100  0x03058DF467871DC
0x02 0000110|0001000|10011110010110010|11111101|0010001101|000000010  0x03089E597E91A02
0x03 0000110|0001001|10001100010000010|11100101|1111100100|111100110  0x03098C4172FC9E6
0x04 0000110|0001010|10110100010101110|00110010|0100010000|000101110  0x030AB457192202E
0x05 0000110|0001011|10110011010011110|00101111|0100001001|000101011  0x030BB34F17A122B
0x06 0000110|0001111|10101100011001000|00100100|0011000110|000011101  0x030FAC641218C1D
0x07 0000110|0010000|10101100001010000|00011111|0011000100|000010111  0x0310AC280F98817
0x08 0000110|0010001|10111100110101000|11101011|0100111111|111101000  0x0311BCD475A7FE8
0x09 0000110|0010010|10101100100011000|00100011|0011000111|000011100  0x0312AC8C1198E1C
BX = 111 Event : 96
0x00 0000110|0000100|10100010111111110|10101111|0011101001|111001010  0x0304A2FF579D3CA
0x01 0000110|0000101|10100011001001100|10101110|0011101010|111001001  0x0305A326571D5C9
0x02 0000110|0000110|10101100001011110|10011100|0100111111|110110100  0x0306AC2F4E27FB4
0x03 0000110|0001001|10011111001100000|11010010|0010001101|111101001  0x03099F306911BE9
0x04 0000110|0001011|10011111100110010|11011110|0001100001|111101000  0x030B9F996F0C3E8
0x05 0000110|0001100|10010000010111100|00001000|1111001110|000010000  0x030C905E0479C10
0x06 0000110|0001101|10001110100001000|11011100|1111000000|111100111  0x030D8E846E781E7
0x07 0000110|0001110|10010000101110100|00000110|1111010010|000001110  0x030E90BA037A40E
0x08 0000110|0001111|10001110111101110|11011010|1111000100|111100100  0x030F8EF76D789E4
0x09 0000110|0010000|10001111010101100|00000000|1111000100|000000110  0x03108F560078806
0x0a 0000110|0010001|10001101010010100|11010100|1110110101|111011101  0x03118D4A6A76BDD
0x0b 0000110|0010010|10101011101001100|01100111|0011000110|001001110  0x0312ABA63398C4E
0x0c 0000110|0010011|10100101000001010|01100001|0010000100|001000111  0x0313A5053090847
0x0d 0000110|0010100|10100111001101010|01011001|0010011010|000111101  0x0314A7352C9343D
0x0e 0000110|0010101|10101111110110110|00001010|0011011010|000010001  0x0315AFDB051B411
0x0f 0000110|0010110|10100010010100000|00000111|0001010110|000001110  0x0316A250038AC0E
0x10 0000110|0010111|10100000011111110|00000001|0001000100|000000111  0x0317A07F0088807
BX = 000 Event : 97
0x00 0000110|0000100|10000010011011000|00101011|1111100011|000100111  0x0304826C15FC627
0x01 0000110|0000110|10101101011101100|00010101|0100100110|000010010  0x0306AD760AA4C12
0x02 0000110|0000111|10101101011101100|00010110|0100100110|000010011  0x0307AD760B24C13
0x03 0000110|0001000|10101000110001000|00010110|0100000011|000010011  0x0308A8C40B20613
0x04 0000110|0001001|10010111111101100|00011100|0010000110|000011001  0x030997F60E10C19
0x05 0000110|0001010|10101111101100100|00101010|0100110110|000100110  0x030AAFB21526C26
0x06 0000110|0001011|10101111101100100|00101011|0100110110|000100111  0x030BAFB215A6C27
0x07 0000110|0001100|10000110110011110|00011000|1110111111|000010101  0x030C86CF0C77E15
0x08 0000110|0001101|10000110110011110|00011000|1110111111|000010110  0x030D86CF0C77E16
0x09 0000110|0001110|10000010000000110|00011000|1110011011|000010110  0x030E82030C73616
0x0a 0000110|0010000|10001010111011110|00101100|1111011110|000101001  0x03108AEF167BC29
0x0b 0000110|0010001|10001010111011110|00101101|1111011110|000101001  0x03118AEF16FBC29
0x0c 0000110|0010100|10011110010110010|11001100|0010000100|111011110  0x03149E5966109DE
0x0d 0000110|0010111|10101100010101100|01111000|0011010111|001001000  0x0317AC563C1AE48
0x0e 0000110|0011000|10101100010111100|01111010|0011010111|001001010  0x0318AC5E3D1AE4A
0x0f 0000110|0011100|10011101100001000|11101000|0000110011|111110010  0x031C9D8474067F2
0x10 0000110|0011110|10100000110000000|11100011|0001010011|111101100  0x031EA0C0718A7EC
0x11 0000110|0011111|10101010100000100|00000100|0010011101|000001011  0x031FAA820213A0B
BX = 001 Event : 98
0x00 0000110|0000100|10001110010000010|10111100|0001010111|111010101  0x03048E415E0AFD5
0x01 0000110|0000101|10001001110000010|10101111|0000101010|111000100  0x030589C157855C4
0x02 0000110|0000110|10000101100011000|10101110|0000000000|111000011  0x0306858C57001C3
0x03 0000110|0001000|10011110010101010|00101111|0001101011|000100101  0x03089E55178D625
0x04 0000110|0010001|10000011001111010|10010100|1101111000|110101010  0x0311833D4A6F1AA
0x05 0000110|0010010|10000110101100110|11001111|1110010010|111100001  0x031286B367F25E1
0x06 0000110|0010110|10000111111001000|11010001|1110011101|111100011  0x031687E468F3BE3
0x07 0000110|0010111|10010011010101100|11001100|0000001001|111011110  0x0317935666013DE
0x08 0000110|0011010|10100110110010100|11011001|0001101110|111101010  0x031AA6CA6C8DDEA
0x09 0000110|0011011|10101001101100110|11011000|0010001011|111101001  0x031BA9B36C117E9
BX = 010 Event : 99
0x00 0000110|0000011|10010100011000000|11000011|0010000110|111010010  0x030394606190DD2
0x01 0000110|0000101|10100101110111100|10001111|0100010000|110110110  0x0305A5DE47A21B6
0x02 0000110|0001000|10101000111010000|11010011|0010110101|111100010  0x0308A8E86996BE2
0x03 0000110|0001001|10101000011000000|11010001|0010101111|111011111  0x0309A8606895FDF
0x04 0000110|0001010|10101000001101010|11010001|0010101110|111011111  0x030AA8356895DDF
0x05 0000110|0001011|10101011000100000|01011000|0010010001|000111101  0x030BAB102C1223D
0x06 0000110|0001100|10100100001011110|01110100|0001011100|001010111  0x030CA42F3A0B857
0x07 0000110|0001110|10100001001001010|10000100|0001001101|110101111  0x030EA1254209BAF
0x08 0000110|0001111|10111000110010000|10000011|0100000011|110101110  0x030FB8C841A07AE
BX = 011 Event : 100
0x00 0000110|0001111|10110100001001000|01110111|0101010110|001010010  0x030FB4243BAAC52
0x01 0000110|0010011|10110011110011000|01100111|0101010011|000111111  0x0313B3CC33AA63F
0x02 0000110|0010101|10111011001110010|00001010|0100100111|000010000  0x0315BB390524E10
0x03 0000110|0010110|10111001010011000|11110110|0100010100|111111001  0x0316B94C7B229F9
