BX = 000 Event : 1
0x00 0000110|0000000|01001110100000000|00110110|1011011100|000011100  0x03004E801B5B81C
0x01 0000110|0000010|01001110001010100|10100110|1011101001|111001110  0x03024E2A535D3CE
0x02 0000110|0000011|01001110110011110|00110110|1011011110|000011101  0x03034ECF1B5BC1D
0x03 0000110|0000100|01001110110011110|00110101|1011011110|000011100  0x03044ECF1ADBC1C
0x04 0000110|0000101|01001110100010110|00110110|1011011100|000011100  0x03054E8B1B5B81C
0x05 0000110|0010000|01110011111110110|11000001|1110000000|111011111  0x031073FB60F01DF
0x06 0000110|0010001|01011101110100100|00101010|1011111111|000011011  0x03115DD2155FE1B
0x07 0000110|0010010|01110000111101010|00100010|1101110101|000010101  0x031270F5116EA15
0x08 0000110|0010101|01111010011100000|10101000|1110100011|111001110  0x03157A7054747CE
0x09 0000110|0010110|01111101001000000|00010001|1110101101|000001110  0x03167D2008F5A0E
0x0a 0000110|0010111|01111100100000100|00010000|1110101001|000001101  0x03177C82087520D
0x0b 0000110|0011000|01110101000101110|11110001|1101111011|111110101  0x0318751778EF7F5
0x0c 0000110|0100000|01110111111110010|10000111|1101010101|110111010  0x032077F943EABBA
BX = 001 Event : 2
0x00 0000110|0000110|01110101010111010|10000001|1110110111|111000011  0x0306755D40F6FC3
0x01 0000110|0001000|01111011101001000|11010101|1111010010|111101111  0x03087BA46AFA5EF
0x02 0000110|0001001|01010011001111000|10010011|1011011010|111000110  0x0309533C49DB5C6
0x03 0000110|0001111|01111111010000010|00001100|1101111111|111111111  0x030F7F41066FFFF
BX = 010 Event : 3
0x00 0000110|0000000|01011101101101110|11100001|1101000000|111101101  0x03005DB770E81ED
0x01 0000110|0000001|01000110010100000|11110111|1010110010|111111110  0x030146507BD65FE
0x02 0000110|0000010|01010011111111000|11011010|1100000100|111100111  0x030253FC6D609E7
0x03 0000110|0000111|01011011011010010|11010111|1011000001|111101100  0x03075B696BD83EC
0x04 0000110|0001000|01101010100100110|00111011|1100110000|000100101  0x03086A931DE6025
BX = 011 Event : 4
0x00 0000110|0010001|01110000001101010|01001101|1101011000|000101001  0x0311703526EB029
0x01 0000110|0011000|01110011100011000|11010011|1101110110|111101010  0x0318738C69EEDEA
BX = 100 Event : 5
0x00 0000110|0000000|01110011010100000|10101110|1110010100|111001111  0x0300735057729CF
0x01 0000110|0000100|01101000100011010|10100001|1101010000|111000101  0x0304688D50EA1C5
0x02 0000110|0000101|01111001010110100|11010101|1110101011|111101000  0x0305795A6AF57E8
0x03 0000110|0000110|01010110111101100|11101100|1011110011|111111000  0x030656F6765E7F8
0x04 0000110|0000111|01101001001101010|10100000|1101010100|111000100  0x03076935506A9C4
0x05 0000110|0001000|01111010000010010|11010100|1110101111|111100111  0x03087A096A75FE7
0x06 0000110|0001001|01010111101000100|11101011|1011110111|111110111  0x030957A275DEFF7
0x07 0000110|0001010|01110010010100000|11001111|1101111111|111100011  0x030A725067EFFE3
0x08 0000110|0001011|01010001000100100|11100101|1011001111|111110011  0x030B511272D9FF3
0x09 0000110|0001100|01001110001111000|10011010|1010110011|111001010  0x030C4E3C4D567CA
BX = 101 Event : 6
0x00 0000110|0000000|01000111010011010|00110110|1010100111|000011110  0x0300474D1B54E1E
0x01 0000110|0000001|01111000000001000|10010100|1110111101|111001010  0x030178044A77BCA
0x02 0000110|0001101|01101100001110010|01111011|1100110111|000111011  0x030D6C393DE6E3B
0x03 0000110|0010000|01110101100110100|00001001|1101101101|000000010  0x0310759A04EDA02
BX = 110 Event : 7
0x00 0000110|0000000|01010110010100100|00100000|1100000100|000010110  0x030056521060816
BX = 111 Event : 8
0x00 0000110|0000000|01000101000001000|00011111|1010100000|000011000  0x030045040FD4018
0x01 0000110|0000001|01011111011111000|11101000|1101000000|111101101  0x03015F7C74681ED
0x02 0000110|0000010|01110100111110000|10100100|1110011100|111000110  0x030274F852739C6
0x03 0000110|0000011|01110100001110100|10100110|1110011000|111000111  0x0303743A53731C7
0x04 0000110|0000100|01110100101001110|10101010|1110011010|111001010  0x030474A755735CA
0x05 0000110|0000101|01011010101100100|11010011|1100010000|111100110  0x03055AB269E21E6
0x06 0000110|0000110|01111001110010100|11110010|1110110110|111111010  0x030679CA7976DFA
0x07 0000110|0001000|01010000001000010|10011110|1010100101|111001011  0x030850214F54BCB
BX = 000 Event : 9
0x00 0000110|0000010|01001000100111000|00011011|1011001010|000001101  0x0302489C0DD940D
0x01 0000110|0001010|01110001101110100|01000011|1101110110|000100000  0x030A71BA21EEC20
0x02 0000110|0010101|01101101011011100|10010001|1100010000|111000101  0x03156D6E48E21C5
BX = 001 Event : 10
0x00 0000110|0000100|01011010111011110|11011111|1011011011|111101101  0x03045AEF6FDB7ED
0x01 0000110|0000101|01100010110111000|11000011|1100001011|111010111  0x030562DC61E17D7
BX = 010 Event : 11
0x00 0000110|0000010|01111000000101110|11000000|1111000001|111100101  0x0302781760783E5
0x01 0000110|0000011|01011101100001010|00110011|1011101111|000011000  0x03035D8519DDE18
0x02 0000110|0000100|01011011111101010|00111101|1011100111|000011111  0x03045BF51EDCE1F
BX = 011 Event : 12
0x00 0000110|0000000|01010000101011010|10110110|1011110100|111010111  0x030050AD5B5E9D7
0x01 0000110|0000001|01001111101111000|10110110|1011101111|111010111  0x03014FBC5B5DFD7
0x02 0000110|0000010|01000100000010000|10110100|1010101001|111010110  0x030244085A553D6
0x03 0000110|0000011|01000011110010100|10110011|1010100111|111010110  0x030343CA59D4FD6
0x04 0000110|0000100|01010101011110100|11000001|1100010001|111011111  0x0304557A60E23DF
0x05 0000110|0000101|01010100011110000|11000000|1100001100|111011111  0x0305547860619DF
0x06 0000110|0000110|01000011110000110|10110100|1010100111|111010110  0x030643C35A54FD6
0x07 0000110|0000111|01000011100101000|10110100|1010100110|111010110  0x030743945A54DD6
0x08 0000110|0010001|01010100010111010|11111111|1011100101|111111110  0x0311545D7FDCBFE
0x09 0000110|0010010|01010011111111110|11111111|1011100011|111111101  0x031253FF7FDC7FD
0x0a 0000110|0010011|01011111110001010|01001001|1100001000|000101110  0x03135FC524E102E
0x0b 0000110|0010100|01010001001010000|00110001|1010110000|000011011  0x0314512818D601B
0x0c 0000110|0011100|01011111100000100|11001000|1011100011|111100101  0x031C5F82645C7E5
BX = 100 Event : 13
0x00 0000110|0000001|01111110011101110|11111101|1111100011|111110110  0x03017E777EFC7F6
0x01 0000110|0001011|01101100001010000|00000110|1100101100|000000111  0x030B6C280365807
BX = 101 Event : 14
BX = 110 Event : 15
0x00 0000110|0000000|01010111101010010|11101111|1100100000|111111101  0x030057A977E41FD
0x01 0000110|0000001|01000010101100000|11010110|1010100011|111101000  0x030142B06B547E8
0x02 0000110|0000010|01101011100111110|11011100|1110000000|111101011  0x03026B9F6E701EB
0x03 0000110|0000011|01000010001000100|11010110|1010100000|111101000  0x030342226B541E8
0x04 0000110|0000100|01100100010110010|11011011|1101010010|111101011  0x030464596DEA5EB
0x05 0000110|0000101|01111000110100100|11001011|1111010011|111011110  0x030578D265FA7DE
0x06 0000110|0000110|01011010111001000|01100101|1100001101|000111011  0x03065AE432E1A3B
0x07 0000110|0000111|01100101010000100|01000110|1101010000|000100010  0x03076542236A022
0x08 0000110|0001111|01001100011111000|00000010|1011000000|000001001  0x030F4C7C0158009
0x09 0000110|0010000|01001000110111110|11111001|1010101011|000000010  0x031048DF7CD5602
BX = 111 Event : 16
0x00 0000110|0000010|01011100010001110|01011111|1100000111|000101110  0x03025C472FE0E2E
0x01 0000110|0000011|01011100010110110|01011111|1100001000|000101101  0x03035C5B2FE102D
0x02 0000110|0000110|01010011010110010|11100010|1010111000|111101001  0x0306535971571E9
0x03 0000110|0000111|01010011000001010|11100111|1010110111|111101100  0x0307530573D6FEC
0x04 0000110|0001000|01011100000111100|01001100|1011001101|000101001  0x03085C1E2659A29
0x05 0000110|0001001|01010000101100000|10111000|1010100000|111010011  0x030950B05C541D3
BX = 000 Event : 17
0x00 0000110|0001111|01010001010111100|00100001|1011001111|000001001  0x030F515E10D9E09
0x01 0000110|0010000|01100100101001110|00010101|1100011101|000001011  0x031064A70AE3A0B
0x02 0000110|0011011|01110011011101110|00001110|1101000110|000001101  0x031B73770768C0D
0x03 0000110|0011100|01110010000111000|00010100|1100111111|000010001  0x031C721C0A67E11
BX = 001 Event : 18
0x00 0000110|0000110|01111010101111100|11000001|1101100010|111100000  0x03067ABE60EC5E0
BX = 010 Event : 19
0x00 0000110|0000000|01101010000111100|11110001|1101111011|111111110  0x03006A1E78EF7FE
0x01 0000110|0000001|01110011001110010|11110110|1110110101|000000010  0x030173397B76A02
0x02 0000110|0000011|01101110100101110|10000011|1101101111|110110100  0x03036E9741EDFB4
0x03 0000110|0000100|01111110101100100|01101110|1110110011|000111100  0x03047EB2377663C
0x04 0000110|0001001|01110010100100010|10101010|1100111101|111001011  0x030972915567BCB
BX = 011 Event : 20
0x00 0000110|0000000|01000110001100110|00010001|1010110100|000001110  0x0300463308D680E
0x01 0000110|0000001|01001011000001010|11101001|1011010001|111101111  0x03014B0574DA3EF
0x02 0000110|0000010|01001011110101010|11101010|1011010110|111110000  0x03024BD5755ADF0
0x03 0000110|0000011|01000100100000000|01011110|1010100101|000111000  0x030344802F54A38
0x04 0000110|0000100|01010010000111100|11101110|1011111100|111110010  0x0304521E775F9F2
0x05 0000110|0000101|01010011011100010|11101110|1100000100|111110011  0x0305537177609F3
0x06 0000110|0000110|01111111110111110|00100000|1111110100|000010101  0x03067FDF107E815
0x07 0000110|0000111|01111110100010110|00011110|1111101011|000010100  0x03077E8B0F7D614
0x08 0000110|0001000|01110001100011000|00100101|1110011001|000010001  0x0308718C12F3211
0x09 0000110|0001010|01111101011010100|00011010|1111100100|000010000  0x030A7D6A0D7C810
0x0a 0000110|0001011|01111101100011100|00011001|1111100101|000010000  0x030B7D8E0CFCA10
0x0b 0000110|0001100|01110001111010100|00100101|1110011100|000010010  0x030C71EA12F3812
BX = 100 Event : 21
0x00 0000110|0000001|01011011000000100|00000010|1100010110|000000000  0x03015B020162C00
0x01 0000110|0000110|01100001001100000|11100001|1100110111|111101010  0x0306613070E6FEA
0x02 0000110|0000111|01110010111001000|10111111|1101111010|111011011  0x030772E45FEF5DB
0x03 0000110|0001000|01101010111001000|01110111|1101011111|001000110  0x03086AE43BEBE46
0x04 0000110|0001101|01011100111111100|01110101|1011000001|001000101  0x030D5CFE3AD8245
0x05 0000110|0001110|01110110100110000|01010000|1101100101|000100111  0x030E7698286CA27
0x06 0000110|0001111|01011001001011000|01111101|1011000110|001000101  0x030F592C3ED8C45
0x07 0000110|0010000|01100111100001100|01000001|1100000011|000011010  0x0310678620E061A
BX = 101 Event : 22
0x00 0000110|0000000|01010111011111010|10111101|1011010011|111011010  0x0300577D5EDA7DA
0x01 0000110|0000010|01010011001000100|00001000|1010011010|000000101  0x030253220453405
0x02 0000110|0000100|01110110100011000|00001000|1101010011|000000110  0x0304768C046A606
0x03 0000110|0000110|01110111001100000|00000111|1101010111|000000101  0x0306773003EAE05
BX = 110 Event : 23
0x00 0000110|0000001|01101001000101000|10011000|1101101010|111000011  0x030169144C6D5C3
0x01 0000110|0000110|01111000011111010|00100000|1110011011|000010101  0x0306787D1073615
0x02 0000110|0001111|01100111110101100|11001100|1100010111|111100011  0x030F67D66662FE3
0x03 0000110|0010000|01100111110101100|11001101|1100010111|111100100  0x031067D666E2FE4
BX = 111 Event : 24
0x00 0000110|0000000|01110011100100100|00111111|1110110001|000100010  0x030073921FF6222
0x01 0000110|0000001|01101111110101010|00110110|1110011010|000011011  0x03016FD51B7341B
0x02 0000110|0000010|01011101110100000|00100110|1100101001|000001111  0x03025DD0136520F
0x03 0000110|0000011|01101100101010100|01101001|1101111000|000111100  0x03036CAA34EF03C
0x04 0000110|0000110|01111101011101010|01011111|1111100111|000110100  0x03067D752FFCE34
0x05 0000110|0001000|01110100001111100|01011111|1110101010|000110100  0x0308743E2FF5434
0x06 0000110|0001001|01111001101110110|01011000|1111001110|000101110  0x030979BB2C79C2E
0x07 0000110|0001010|01111111100000100|00000011|1111011010|111111010  0x030A7F8201FB5FA
0x08 0000110|0001100|01111010101100000|01011101|1111000000|000110111  0x030C7AB02EF8037
0x09 0000110|0001101|01111010010110000|01110100|1111010010|001000101  0x030D7A583A7A445
0x0a 0000110|0010000|01101100111000000|01101000|1101111001|000111011  0x03106CE0346F23B
0x0b 0000110|0010010|01111110001110010|01000000|1111010111|000100000  0x03127E39207AE20
0x0c 0000110|0011101|01110110111110000|01100110|1110000100|000111001  0x031D76F83370839
0x0d 0000110|0011111|01111111001000100|01001011|1110011110|000101001  0x031F7F2225F3C29
BX = 000 Event : 25
BX = 001 Event : 26
0x00 0000110|0010000|01111101000010110|00001001|1110110111|000001001  0x03107D0B04F6E09
0x01 0000110|0010011|01110110100001010|01100111|1110001101|000111101  0x0313768533F1A3D
BX = 010 Event : 27
0x00 0000110|0001000|01101011000010110|00000000|1100011111|111111111  0x03086B0B0063FFF
BX = 011 Event : 28
0x00 0000110|0000000|01011111101011100|11110010|1100100110|111111001  0x03005FAE7964DF9
0x01 0000110|0000001|01010101010110100|00101010|1011110000|000011110  0x0301555A155E01E
0x02 0000110|0001000|01011011100010010|11110001|1100001101|111111000  0x03085B8978E1BF8
0x03 0000110|0010010|01111101110100100|00110101|1101110011|000011010  0x03127DD21AEE61A
BX = 100 Event : 29
0x00 0000110|0000000|01010101111001000|00000010|1100010001|000001001  0x030055E40162209
0x01 0000110|0000001|01011011110111100|00001001|1100110100|000000100  0x03015BDE04E6804
0x02 0000110|0000010|01110100110001100|00011111|1110111010|000010011  0x030274C60FF7413
0x03 0000110|0000011|01100100011000110|10110111|1101001101|111010001  0x030364635BE9BD1
0x04 0000110|0000110|01101111100110110|11111011|1110001010|000000000  0x03066F9B7DF1400
0x05 0000110|0001011|01110001001111100|00010101|1110011010|000000100  0x030B713E0AF3404
0x06 0000110|0001101|01110111101001100|11101100|1111000101|111111010  0x030D77A67678BFA
0x07 0000110|0001111|01111111010001100|11010111|1111101110|111101100  0x030F7F466BFDDEC
0x08 0000110|0010000|01110110111000110|11101010|1111000000|111111001  0x031076E375781F9
0x09 0000110|0010010|01011110111101100|10111100|1100101011|111010101  0x03125EF65E657D5
0x0a 0000110|0010101|01101000001101100|11110100|1101011100|111111010  0x031568367A6B9FA
0x0b 0000110|0100000|01101001010001000|00100001|1101101000|000001101  0x0320694410ED00D
0x0c 0000110|0100100|01010000100100110|11011000|1011001101|111101101  0x032450936C59BED
0x0d 0000110|0100101|01010100011100000|11001011|1011100100|111100011  0x0325547065DC9E3
0x0e 0000110|0100110|01111110001010000|00001011|1111000011|000001110  0x03267E2805F860E
0x0f 0000110|0100111|01101010100010000|11110100|1101001000|111111100  0x03276A887A691FC
0x10 0000110|0101000|01101010100010000|11111101|1101001000|000000010  0x03286A887EE9002
0x11 0000110|0101001|01110001101001110|01001001|1101111100|000101101  0x032971A724EF82D
BX = 101 Event : 30
0x00 0000110|0000001|01111001000111100|11010100|1111000111|111100010  0x0301791E6A78FE2
0x01 0000110|0000011|01110110110100000|00001001|1110110000|000001100  0x030376D004F600C
0x02 0000110|0000100|01101100010101000|00001111|1101110111|000010000  0x03046C5407EEE10
0x03 0000110|0000101|01111001101011110|11011100|1111001011|111101000  0x030579AF6E797E8
0x04 0000110|0000110|01110100001111100|00111101|1110101011|000100110  0x0306743E1EF5626
0x05 0000110|0000111|01101010100001110|01000001|1101110110|000101001  0x03076A8720EEC29
0x06 0000110|0001001|01010011100010010|01001000|1011100001|000101110  0x03095389245C22E
0x07 0000110|0001010|01010011100010010|00110100|1011100001|000011111  0x030A53891A5C21F
0x08 0000110|0001011|01111101000010000|10111110|1110110000|111011010  0x030B7D085F761DA
0x09 0000110|0001100|01110100101111110|11110010|1101000001|111110000  0x030C74BF79683F0
BX = 110 Event : 31
0x00 0000110|0000101|01110001001100100|01110111|1101010111|001000000  0x030571323BEAE40
0x01 0000110|0001101|01111100000111100|11100000|1101111101|111101011  0x030D7C1E706FBEB
0x02 0000110|0001110|01111011100011110|11111010|1101111010|111111101  0x030E7B8F7D6F5FD
0x03 0000110|0001111|01111010011000110|11011110|1101110010|111101010  0x030F7A636F6E5EA
BX = 111 Event : 32
0x00 0000110|0000000|01111001000011010|01001110|1110111011|000100101  0x0300790D2777625
BX = 000 Event : 33
0x00 0000110|0000001|01100001011111110|11110111|1101010101|000000010  0x0301617F7BEAA02
0x01 0000110|0000010|01100011000111000|00000000|1101011110|000001000  0x0302631C006BC08
0x02 0000110|0000011|01011101111001100|00101101|1100101100|000011110  0x03035DE616E581E
0x03 0000110|0000100|01011001101001110|00010100|1100010010|000001011  0x030459A70A6240B
0x04 0000110|0000111|01010011101110100|10100001|1011011110|111010110  0x030753BA50DBDD6
BX = 001 Event : 34
0x00 0000110|0000011|01011111010111100|11111100|1100100101|111111101  0x03035F5E7E64BFD
0x01 0000110|0000101|01110110100100110|00101100|1110100001|000011101  0x03057693167421D
0x02 0000110|0000110|01100000010110010|11101101|1100101011|111110001  0x0306605976E57F1
0x03 0000110|0001000|01110110110101110|00011011|1110100011|000001111  0x030876D70DF460F
0x04 0000110|0001010|01111000101110000|00001010|1110101111|000000010  0x030A78B80575E02
0x05 0000110|0011101|01110001000101010|00101101|1101111111|000011101  0x031D711516EFE1D
0x06 0000110|0011110|01110110100100000|00000110|1110010010|000000000  0x031E76900372400
0x07 0000110|0011111|01100110010011100|00010011|1100111011|000001001  0x031F664E09E7609
0x08 0000110|0100000|01101010101000000|11111011|1101001000|111110111  0x03206AA07DE91F7
0x09 0000110|0100001|01011010010010100|00001000|1011110001|000000000  0x03215A4A045E200
0x0a 0000110|0100010|01101001111100000|11110100|1101000011|111110010  0x032269F07A687F2
0x0b 0000110|0100011|01011001100111100|00000010|1011101101|111111011  0x0323599E015DBFB
0x0c 0000110|0101110|01110101001100100|11101010|1110000000|111101100  0x032E753275701EC
0x0d 0000110|0111001|01110110111110100|10011011|1101001101|111000100  0x033976FA4DE9BC4
0x0e 0000110|0111010|01111010100011110|00101110|1101101010|000100000  0x033A7A8F176D420
0x0f 0000110|0111100|01111001011000100|00000101|1101100010|000000000  0x033C796202EC400
BX = 010 Event : 35
0x00 0000110|0000000|01100001001100110|10101001|1100111000|111001111  0x0300613354E71CF
0x01 0000110|0000001|01011001000101010|10100101|1100000110|111001100  0x0301591552E0DCC
0x02 0000110|0000010|01011001000101010|10100100|1100000110|111001011  0x030259155260DCB
0x03 0000110|0000100|01101100001110010|01111011|1100110111|000111011  0x03046C393DE6E3B
0x04 0000110|0000101|01110000111111110|00100111|1101010101|000010110  0x030570FF13EAA16
BX = 011 Event : 36
0x00 0000110|0000001|01110000001000110|10110110|1101111110|111011010  0x030170235B6FDDA
0x01 0000110|0000011|01100011001100100|00101000|1011100110|000010001  0x03036332145CC11
0x02 0000110|0000110|01111111100111000|00001111|1101111100|000000001  0x03067F9C07EF801
BX = 100 Event : 37
0x00 0000110|0000000|01101101110100000|10010010|1101011101|111000001  0x03006DD0496BBC1
0x01 0000110|0000001|01011001100110000|11100011|1011110010|111110111  0x0301599871DE5F7
0x02 0000110|0000101|01111000101011110|00010111|1101111010|000010101  0x030578AF0BEF415
0x03 0000110|0000110|01010101000010010|11101111|1010100001|111110101  0x0306550977D43F5
0x04 0000110|0001000|01111010001100000|00100011|1101100011|000011000  0x03087A3011EC618
BX = 101 Event : 38
0x00 0000110|0000001|01000111011111000|10000101|1010111101|111000001  0x0301477C42D7BC1
0x01 0000110|0000011|01100010100110000|10000011|1101000100|111000001  0x0303629841E89C1
0x02 0000110|0000101|01001011010100000|10001011|1011010101|111000101  0x03054B5045DABC5
0x03 0000110|0000110|01100111011000000|00100000|1101100001|000011001  0x03066760106C219
0x04 0000110|0000111|01110011100101100|11000101|1110101001|111100011  0x0307739662F53E3
0x05 0000110|0001000|01110011010111010|11000110|1110101000|111100011  0x0308735D63751E3
0x06 0000110|0001001|01110011111101100|10111100|1110101100|111011100  0x030973F65E759DC
0x07 0000110|0001010|01110011101111100|10111101|1110101011|111011101  0x030A73BE5EF57DD
0x08 0000110|0001011|01100110010101110|00010001|1101011010|000001101  0x030B665708EB40D
0x09 0000110|0001100|01100100010100000|00011111|1101001111|000010111  0x030C64500FE9E17
0x0a 0000110|0010101|01101001111100110|10100111|1101010011|111011000  0x031569F353EA7D8
0x0b 0000110|0010110|01100110001110000|10011110|1100111011|111010000  0x031666384F677D0
BX = 110 Event : 39
0x00 0000110|0000100|01010110010111110|00101111|1011001011|000011101  0x0304565F17D961D
0x01 0000110|0000101|01010011001111000|10010011|1011011010|111000110  0x0305533C49DB5C6
0x02 0000110|0001011|01010010101001010|00011111|1010110101|000010000  0x030B52A50FD6A10
0x03 0000110|0001100|01010010101001010|00011110|1010110101|000001111  0x030C52A50F56A0F
BX = 111 Event : 40
0x00 0000110|0000000|01101011011101000|10101101|1101100111|111001011  0x03006B7456ECFCB
0x01 0000110|0000001|01011111001111100|11101001|1100100110|111110011  0x03015F3E74E4DF3
0x02 0000110|0000010|01110010100000000|11110110|1110001101|111111100  0x030272807B71BFC
0x03 0000110|0000011|01011110000000110|11110111|1100100000|111111101  0x03035E037BE41FD
0x04 0000110|0000101|01111101001000110|11111101|1111000110|000000001  0x03057D237EF8C01
0x05 0000110|0000110|01111000000110100|11111111|1110101011|000000010  0x0306781A7FF5602
0x06 0000110|0000111|01101101010100000|11011011|1101111101|111101000  0x03076D506DEFBE8
0x07 0000110|0001000|01111000110100000|11011111|1110111100|111101011  0x030878D06FF79EB
0x08 0000110|0001010|01101100000011100|11101001|1101110111|111110010  0x030A6C0E74EEFF2
0x09 0000110|0001110|01111100100001000|00000010|1111000011|111111100  0x030E7C8401787FC
0x0a 0000110|0010011|01100011101011000|10000110|1100010000|111000011  0x031363AC43621C3
BX = 000 Event : 41
0x00 0000110|0000000|01000011100101110|00111100|1010100100|000100001  0x030043971E54821
0x01 0000110|0000010|01000011010001110|00111100|1010100010|000100001  0x030243471E54421
0x02 0000110|0000011|01010010000001100|00100111|1011111011|000010001  0x0303520613DF611
0x03 0000110|0001000|01110010000000100|11001011|1110010100|111011111  0x0308720265F29DF
0x04 0000110|0001001|01111110101011010|11010101|1111011001|111100110  0x03097EAD6AFB3E6
0x05 0000110|0010001|01011100111011010|10011101|1100001111|111010010  0x03115CED4EE1FD2
0x06 0000110|0010110|01110101110001000|00011100|1101100001|000001110  0x031675C40E6C20E
BX = 001 Event : 42
0x00 0000110|0000010|01111111010000110|00000101|1111011100|000000110  0x03027F4302FB806
BX = 010 Event : 43
0x00 0000110|0000100|01011001100101110|00001000|1011101110|000000001  0x03045997045DC01
0x01 0000110|0000110|01111001010110010|01001101|1110010111|000110000  0x0306795926F2E30
BX = 011 Event : 44
0x00 0000110|0000000|01010011100111100|10111000|1100000001|111011001  0x0300539E5C603D9
0x01 0000110|0000001|01010001100001000|10111011|1011110101|111011011  0x030151845DDEBDB
0x02 0000110|0000010|01001111011111000|01111101|1011011101|000111011  0x03024F7C3EDBA3B
0x03 0000110|0000100|01010000000011100|10110111|1011101011|111011000  0x0304500E5BDD7D8
0x04 0000110|0000101|01001110011101100|10111001|1011100011|111011001  0x03054E765CDC7D9
0x05 0000110|0001010|01011010100010010|10111011|1100101011|111011011  0x030A5A895DE57DB
0x06 0000110|0001011|01010111011011010|10111101|1100011010|111011101  0x030B576D5EE35DD
0x07 0000110|0010011|01110000011011000|01001101|1101111100|000101011  0x0313706C26EF82B
0x08 0000110|0010100|01110000000101110|01010011|1101111010|000101111  0x0314701729EF42F
0x09 0000110|0010101|01111100100000110|10010100|1110111000|111000010  0x03157C834A771C2
0x0a 0000110|0011011|01010010000011110|00110110|1010011100|000011011  0x031B520F1B5381B
0x0b 0000110|0011111|01111110001111100|00011111|1110001001|000010100  0x031F7E3E0FF1214
0x0c 0000110|0100010|01111011111001010|00110011|1101110110|000011010  0x03227BE519EEC1A
BX = 100 Event : 45
0x00 0000110|0000100|01110100111111000|11011011|1110011011|111100111  0x030474FC6DF37E7
0x01 0000110|0000110|01101001111000010|01011011|1101000111|000110001  0x030669E12DE8E31
0x02 0000110|0000111|01110011010000110|01110110|1101111010|001000101  0x030773433B6F445
0x03 0000110|0001000|01001111100000010|01011000|1010100010|000101110  0x03084F812C5442E
0x04 0000110|0001001|01001111111000110|01010111|1010100100|000101110  0x03094FE32BD482E
0x05 0000110|0001010|01110101110111000|11011001|1110001100|111110000  0x030A75DC6CF19F0
0x06 0000110|0001100|01010111100110000|10111111|1011010001|111011100  0x030C57985FDA3DC
0x07 0000110|0001101|01111100101100010|01101011|1111000000|000111111  0x030D7CB135F803F
BX = 101 Event : 46
0x00 0000110|0000110|01110100000101100|00110010|1101101000|000011100  0x03067416196D01C
0x01 0000110|0010100|01010100010100010|00101110|1010100111|000011001  0x031454511754E19
0x02 0000110|0100000|01111100100001110|00001011|1101110001|111111111  0x03207C8705EE3FF
0x03 0000110|0100010|01111100010101110|00001011|1101110000|111111111  0x03227C5705EE1FF
0x04 0000110|0100011|01111101100111110|00001101|1101110111|000000000  0x03237D9F06EEE00
0x05 0000110|0100100|01110110101100100|01100100|1101010010|000111011  0x032476B2326A43B
BX = 110 Event : 47
0x00 0000110|0000001|01111100000001010|00011001|1111011100|000001100  0x03017C050CFB80C
0x01 0000110|0000011|01110100000110100|11111011|1110101010|111110101  0x0303741A7DF55F5
0x02 0000110|0000100|01110010110010000|11111101|1110100001|111110110  0x030472C87EF43F6
0x03 0000110|0000101|01111111001000010|00111111|1111100100|000100011  0x03057F211FFC823
0x04 0000110|0000110|01111100110000110|01100000|1111000011|000111000  0x03067CC33078638
0x05 0000110|0001111|01111000011100010|01100100|1110101000|000111011  0x030F7871327503B
0x06 0000110|0010000|01010101101111010|01011000|1011011000|000110001  0x031055BD2C5B031
0x07 0000110|0010001|01001010011101100|00110011|1010011110|000011000  0x03114A7619D3C18
0x08 0000110|0010010|01011100101000000|01011111|1011111100|000110110  0x03125CA02FDF836
0x09 0000110|0010011|01001011101010000|01111001|1010100100|001000111  0x03134BA83CD4847
BX = 111 Event : 48
0x00 0000110|0000010|01111001001111010|11010101|1110110101|111100001  0x0302793D6AF6BE1
0x01 0000110|0010110|01010111010001000|11011100|1011100011|111100111  0x031657446E5C7E7
0x02 0000110|0010111|01101010010010000|00001111|1101001000|000001001  0x03176A4807E9009
0x03 0000110|0011000|01011111111101010|00100011|1100010001|000010110  0x03185FF511E2216
0x04 0000110|0011001|01011100011000000|11011010|1100000010|111100101  0x03195C606D605E5
0x05 0000110|0011010|01101110110000000|00001100|1101100100|000000110  0x031A6EC0066C806
0x06 0000110|0011011|01100100110001010|00011111|1100101110|000010011  0x031B64C50FE5C13
0x07 0000110|0011110|01111111100001110|00010011|1110111010|000001011  0x031E7F8709F740B
0x08 0000110|0011111|01110000010011010|00101101|1101101000|000011101  0x031F704D16ED01D
0x09 0000110|0100000|01110100111100110|00101101|1110000001|000011101  0x032074F316F021D
0x0a 0000110|0100001|01111010100100000|00110000|1110011111|000011111  0x03217A901873E1F
0x0b 0000110|0100011|01110100010111000|00101001|1110000010|000011010  0x0323745C14F041A
0x0c 0000110|0100100|01111000111000010|00101001|1110011010|000011010  0x032478E114F341A
0x0d 0000110|0100101|01111110010101010|00101100|1110110111|000011100  0x03257E551676E1C
BX = 000 Event : 49
BX = 001 Event : 50
0x00 0000110|0000111|01011101110101110|11101000|1100101000|111111010  0x03075DD774651FA
0x01 0000110|0001011|01011010100000010|11110110|1011111111|111111110  0x030B5A817B5FFFE
0x02 0000110|0010001|01111011011111100|11010111|1101111001|111100110  0x03117B7E6BEF3E6
0x03 0000110|0010100|01111101010100000|00010101|1110000011|000010000  0x03147D500AF0610
BX = 010 Event : 51
0x00 0000110|0000000|01011100010011100|10100000|1100011010|111001000  0x03005C4E50635C8
0x01 0000110|0000001|01001001010100110|10110101|1010100011|111011010  0x030149535AD47DA
0x02 0000110|0000010|01001100100010100|10101100|1010110111|111010011  0x03024C8A5656FD3
0x03 0000110|0000100|01100111000110010|11011100|1100101001|111100101  0x030467196E653E5
0x04 0000110|0000101|01110011101010110|11110010|1101101100|111110100  0x030573AB796D9F4
0x05 0000110|0001000|01011000111001110|11111110|1011000111|111111110  0x030858E77F58FFE
0x06 0000110|0001001|01110001010110000|10001001|1100101110|110111010  0x0309715844E5DBA
0x07 0000110|0001010|01111110100011100|11101111|1101110101|111111111  0x030A7E8E77EEBFF
0x08 0000110|0001011|01110001110100000|11101101|1100110001|111111101  0x030B71D076E63FD
0x09 0000110|0001100|01110001110100000|11101110|1100110001|111111110  0x030C71D077663FE
BX = 011 Event : 52
0x00 0000110|0000000|01101000000010110|00110101|1101111001|000011100  0x0300680B1AEF21C
0x01 0000110|0000001|01001101101111100|01011101|1011101010|000110111  0x03014DBE2EDD437
0x02 0000110|0000010|01100101111101010|00110100|1101101100|000011011  0x030265F51A6D81B
0x03 0000110|0000011|01010000001000100|01010100|1011111000|000110000  0x030350222A5F030
0x04 0000110|0001000|01111110101011100|01000100|1111001011|000100100  0x03087EAE2279624
0x05 0000110|0001001|01110111010100000|01000001|1110011101|000100010  0x0309775020F3A22
0x06 0000110|0001010|01011000101111000|10100110|1011110010|111010000  0x030A58BC535E5D0
0x07 0000110|0001111|01111011010001110|00110011|1110000111|000011001  0x030F7B4719F0E19
0x08 0000110|0010000|01010111100010010|10101011|1010101111|111010101  0x0310578955D5FD5
0x09 0000110|0010001|01011010100010100|10101111|1010111111|111011000  0x03115A8A57D7FD8
BX = 100 Event : 53
0x00 0000110|0000000|01010111110100010|00000001|1100010100|000000001  0x030057D100E2801
0x01 0000110|0000001|01011101100111110|11011111|1100111000|111100110  0x03015D9F6FE71E6
0x02 0000110|0000010|01100001100000010|00110110|1101001101|000100010  0x030261811B69A22
0x03 0000110|0000110|01011000001111110|00101111|1011111011|000010011  0x0306583F17DF613
0x04 0000110|0001010|01101010000110010|01010001|1100101110|000101010  0x030A6A1928E5C2A
0x05 0000110|0001011|01101111101010010|11001001|1101011001|111100101  0x030B6FA964EB3E5
0x06 0000110|0001100|01110011001111100|11001000|1101101111|111100101  0x030C733E646DFE5
BX = 101 Event : 54
0x00 0000110|0000011|01110000000100010|10111011|1110010010|111011010  0x030370115DF25DA
0x01 0000110|0000111|01100000111111000|00100100|1011011100|000011001  0x030760FC125B819
0x02 0000110|0001000|01011101000111000|00011000|1011000101|000010000  0x03085D1C0C58A10
BX = 110 Event : 55
0x00 0000110|0000000|01001000110111000|01001110|1011000010|000101101  0x030048DC275842D
0x01 0000110|0000001|01001010110101100|01001100|1011001110|000101011  0x03014AD62659C2B
0x02 0000110|0000010|01011000100110110|00111101|1100100010|000011111  0x0302589B1EE441F
0x03 0000110|0011100|01111100001100100|01011101|1101110011|000110101  0x031C7C322EEE635
BX = 111 Event : 56
0x00 0000110|0000000|01110011111101000|11101010|1110101100|111111001  0x030073F475759F9
0x01 0000110|0000010|01111000011000010|11101000|1111001000|111110111  0x0302786174791F7
0x02 0000110|0000011|01110110011001110|11101000|1110111100|111110111  0x0303766774779F7
0x03 0000110|0000101|01111000000000100|11100111|1111000110|111110111  0x0305780273F8DF7
0x04 0000110|0000111|01110100100001000|11101101|1110110000|111111011  0x0307748476F61FB
0x05 0000110|0001001|01110011000010100|11101110|1110100111|111111100  0x0309730A7774FFC
0x06 0000110|0010010|01111100010000110|10110100|1110101111|111010100  0x03127C435A75FD4
BX = 000 Event : 57
0x00 0000110|0000000|01000100010101100|00110010|1010011100|000010010  0x030044561953812
0x01 0000110|0000001|01000110101111110|00001010|1010100111|000000011  0x030146BF0554E03
0x02 0000110|0000100|01100111101101010|00010111|1100110000|000001011  0x030467B50BE600B
BX = 001 Event : 58
BX = 010 Event : 59
0x00 0000110|0010010|01010110111101000|10010110|1011100100|111000001  0x031256F44B5C9C1
0x01 0000110|0010011|01010110010010100|10010100|1011011111|110111111  0x0313564A4A5BFBF
0x02 0000110|0010101|01111010111101100|10011000|1110100010|111000001  0x03157AF64C745C1
0x03 0000110|0010111|01111011010001010|10010101|1110100100|110111111  0x03177B454AF49BF
0x04 0000110|0011010|01110101101000000|10111111|1101000101|111100001  0x031A75A05FE8BE1
BX = 011 Event : 60
0x00 0000110|0000001|01010010111100100|10100110|1011111111|111001110  0x030152F2535FFCE
0x01 0000110|0000010|01111011000011000|00000000|1111011100|111111001  0x03027B0C007B9F9
0x02 0000110|0000011|01110111011000000|10101111|1111000001|111010011  0x0303776057F83D3
0x03 0000110|0000100|01111001111010010|10111001|1111001111|111011001  0x030479E95CF9FD9
0x04 0000110|0000101|01011001101001010|10100100|1100001001|111001011  0x030559A552613CB
0x05 0000110|0000110|01011100001110010|10101110|1100010110|111010010  0x03065C395762DD2
0x06 0000110|0001000|01001100010110100|10101000|1010111001|111001110  0x03084C5A54573CE
0x07 0000110|0001001|01010000010100010|10110111|1011001110|111011000  0x030950515BD9DD8
0x08 0000110|0001010|01001101110101100|10101110|1011000010|111010011  0x030A4DD657585D3
0x09 0000110|0001011|01010000011101100|10111000|1011001111|111011001  0x030B50765C59FD9
0x0a 0000110|0010001|01110100010111110|00101111|1101001110|000100000  0x0311745F17E9C20
0x0b 0000110|0010011|01111011100010110|00011001|1101111011|000001110  0x03137B8B0CEF60E
BX = 100 Event : 61
0x00 0000110|0000000|01010111010011000|10111000|1100011100|111011010  0x0300574C5C639DA
0x01 0000110|0000001|01010111101011110|10110011|1100011110|111010110  0x030157AF59E3DD6
0x02 0000110|0000100|01011000010100010|10101010|1011100000|111011010  0x03045851555C1DA
BX = 101 Event : 62
0x00 0000110|0000000|01010111101010100|01010110|1100010000|000101111  0x030057AA2B6202F
0x01 0000110|0000001|01001110010010110|00001000|1011100010|000001101  0x03014E4B045C40D
0x02 0000110|0000010|01010001101010100|01101000|1011101011|000111101  0x030251AA345D63D
0x03 0000110|0000011|01101001111100010|01011111|1110000000|000110110  0x030369F12FF0036
0x04 0000110|0000100|01110111011001000|11100011|1111000001|111110100  0x0304776471F83F4
0x05 0000110|0000101|01101111101111010|11110000|1110010001|111111110  0x03056FBD78723FE
0x06 0000110|0000110|01110100011101110|11110000|1110101111|111111110  0x030674777875FFE
0x07 0000110|0000111|01110011110001010|11011100|1110101010|111101111  0x030773C56E755EF
0x08 0000110|0001010|01101111111000010|11010100|1101011001|111100111  0x030A6FE16A6B3E7
BX = 110 Event : 63
0x00 0000110|0000011|01001000011010010|11011100|1010011011|111110011  0x030348696E537F3
0x01 0000110|0000100|01111100011010010|11100101|1110101100|111111000  0x03047C6972F59F8
BX = 111 Event : 64
0x00 0000110|0000000|01001100011111100|11110111|1011000110|111110100  0x03004C7E7BD8DF4
0x01 0000110|0000101|01010001010100110|01111101|1011000111|001001011  0x030551533ED8E4B
BX = 000 Event : 65
0x00 0000110|0000011|01111101001110010|00000111|1110110111|000001100  0x03037D3903F6E0C
0x01 0000110|0000110|01011110101111100|00100000|1011010001|000001110  0x03065EBE105A20E
BX = 001 Event : 66
0x00 0000110|0000000|01110011011101100|11101111|1110110111|111110011  0x0300737677F6FF3
0x01 0000110|0000001|01110001110111110|11101110|1110101101|111110011  0x030171DF7775BF3
0x02 0000110|0000010|01010101111111000|01100110|1011111010|000110111  0x030255FC335F437
0x03 0000110|0000011|01110011111101010|01100100|1110111011|000110110  0x030373F53277636
0x04 0000110|0000100|01011110000101010|01011011|1100101110|000101110  0x03045E152DE5C2E
0x05 0000110|0000101|01011010111101010|01010101|1100011010|000101001  0x03055AF52AE3429
0x06 0000110|0001001|01101010010011010|01110111|1101110001|001000010  0x03096A4D3BEE242
0x07 0000110|0001011|01101001110111110|01110111|1101101110|001000010  0x030B69DF3BEDC42
0x08 0000110|0010111|01111101101100100|01100010|1110110110|000110110  0x03177DB23176C36
0x09 0000110|0011000|01111101101010110|01100010|1110110110|000110110  0x03187DAB3176C36
0x0a 0000110|0011001|01111111001100100|01100111|1110111110|000111010  0x03197F3233F7C3A
0x0b 0000110|0011010|01111101000001000|01100011|1110110010|000110111  0x031A7D0431F6437
0x0c 0000110|0011011|01111100110000110|01100011|1110110000|000110111  0x031B7CC331F6037
0x0d 0000110|0011100|01111110101000010|01101001|1110111011|000111100  0x031C7EA134F763C
0x0e 0000110|0011101|01110010101101000|01010101|1101101101|000101100  0x031D72B42AEDA2C
0x0f 0000110|0011110|01101111100000000|01010010|1101011011|000101001  0x031E6F80296B629
0x10 0000110|0011111|01110110111000110|01000111|1110001001|000100000  0x031F76E323F1220
0x11 0000110|0100000|01110101001001000|01000000|1101111111|000011011  0x03207524206FE1B
BX = 010 Event : 67
0x00 0000110|0000000|01001001010110100|11111011|1011000111|000000100  0x0300495A7DD8E04
0x01 0000110|0000101|01001110011011010|11000001|1010100101|111011111  0x03054E6D60D4BDF
0x02 0000110|0000110|01011010010001100|10110011|1011101100|111010011  0x03065A4659DD9D3
BX = 011 Event : 68
0x00 0000110|0000000|01101001111100110|11000011|1101111100|111100000  0x030069F361EF9E0
0x01 0000110|0000001|01010101000101010|11000000|1011111010|111011110  0x03015515605F5DE
0x02 0000110|0000010|01010100110010010|10111111|1011111001|111011110  0x030254C95FDF3DE
0x03 0000110|0000011|01010100110010010|10111010|1011111001|111011001  0x030354C95D5F3D9
0x04 0000110|0000110|01110011111000110|10100000|1110100011|111001000  0x030673E350747C8
0x05 0000110|0000111|01110100111101000|10011001|1110101010|111000010  0x030774F44CF55C2
0x06 0000110|0001010|01110110011111100|00100010|1110111011|000001010  0x030A767E117760A
0x07 0000110|0001100|01101110000110000|10100101|1101111111|111001100  0x030C6E1852EFFCC
0x08 0000110|0001101|01111010101001110|11111000|1111000010|000000011  0x030D7AA77C78403
0x09 0000110|0001110|01111011100111000|10100000|1111010100|111001000  0x030E7B9C507A9C8
0x0a 0000110|0010001|01110010010000010|11101001|1110100001|111111001  0x0311724174F43F9
0x0b 0000110|0010011|01101110000110000|10011111|1101111111|111000111  0x03136E184FEFFC7
0x0c 0000110|0010100|01111010101001110|11110010|1111000010|111111111  0x03147AA779785FF
0x0d 0000110|0010110|01110101000001100|10000011|1110101101|110110111  0x0316750641F5BB7
0x0e 0000110|0010111|01111000100100100|11000010|1111000000|111100011  0x0317789261781E3
0x0f 0000110|0011001|01111101100101010|10111101|1111100000|111011111  0x03197D955EFC1DF
0x10 0000110|0100101|01100011010111110|11001110|1100011111|111101001  0x0325635F6763FE9
0x11 0000110|0101001|01010010100110010|10011001|1011010010|111001001  0x032952994CDA5C9
0x12 0000110|0101010|01010000000111110|10100011|1011000111|111001011  0x032A501F51D8FCB
0x13 0000110|0101100|01111111000010100|11011001|1111001101|111110000  0x032C7F0A6CF9BF0
0x14 0000110|0101110|01110100010001000|10010110|1101111001|111000011  0x032E74444B6F3C3
0x15 0000110|0101111|01110100100001100|10101111|1101111010|111010100  0x032F748657EF5D4
0x16 0000110|0110000|01100011110000000|10001100|1100010000|110111011  0x033063C046621BB
0x17 0000110|0110001|01100000010101110|10101100|1011111110|111010010  0x03316057565FDD2
BX = 100 Event : 69
0x00 0000110|0001011|01101110001001110|11000001|1110001000|111100110  0x030B6E2760F11E6
0x01 0000110|0001100|01110000010100100|11000001|1110010110|111100110  0x030C705260F2DE6
0x02 0000110|0001101|01010100111010110|10011111|1011101001|111001010  0x030D54EB4FDD3CA
0x03 0000110|0001110|01010101011010100|10011111|1011101100|111001011  0x030E556A4FDD9CB
0x04 0000110|0010000|01100010011001010|01101000|1100010100|000110001  0x031062653462831
0x05 0000110|0010001|01100010010100110|01101001|1100010011|000110010  0x0311625334E2632
0x06 0000110|0010101|01011100100111100|10100011|1011010001|111000111  0x03155C9E51DA3C7
0x07 0000110|0010110|01100110010011110|11110001|1100000011|111111011  0x0316664F78E07FB
0x08 0000110|0010111|01111010001101100|11010110|1101111111|111100110  0x03177A366B6FFE6
BX = 101 Event : 70
0x00 0000110|0000110|01100011001001100|01110001|1100011000|000110111  0x0306632638E3037
BX = 110 Event : 71
0x00 0000110|0000010|01111010000011100|10111001|1110100111|111011000  0x03027A0E5CF4FD8
0x01 0000110|0000011|01100111111000010|11011100|1100110101|111110100  0x030367E16E66BF4
0x02 0000110|0000101|01101010010101000|11010011|1101000000|111100100  0x03056A5469E81E4
0x03 0000110|0000110|01110011100110100|00001011|1101110001|000001001  0x0306739A05EE209
0x04 0000110|0000111|01110101000101110|11110001|1101111011|111110101  0x0307751778EF7F5
0x05 0000110|0001000|01101111000011100|00011110|1101011010|000010011  0x03086F0E0F6B413
BX = 111 Event : 72
0x00 0000110|0000100|01111111001000010|10111100|1111000100|111100011  0x03047F215E789E3
0x01 0000110|0000110|01100001011111010|01100000|1011100110|000110011  0x0306617D305CC33
0x02 0000110|0000111|01011100111110110|01000011|1011001001|000011011  0x03075CFB21D921B
0x03 0000110|0001111|01100110100011010|10010001|1011101100|111000101  0x030F668D48DD9C5
BX = 000 Event : 73
BX = 001 Event : 74
0x00 0000110|0000001|01100111010000110|01010111|1100110110|000100111  0x030167432BE6C27
0x01 0000110|0000010|01010001101010110|01011000|1011000011|000100111  0x030251AB2C58627
0x02 0000110|0000011|01100110011110000|11011101|1100101010|111110001  0x030366786EE55F1
0x03 0000110|0000100|01111101001010100|10111110|1110110111|111011001  0x03047D2A5F76FD9
0x04 0000110|0000101|01110011011001000|01010010|1101011000|000101100  0x03057364296B02C
0x05 0000110|0000110|01100000011110110|01001011|1011011111|000100110  0x0306607B25DBE26
0x06 0000110|0000111|01101000010101100|01000101|1100010001|000100010  0x0307685622E2222
BX = 010 Event : 75
0x00 0000110|0000110|01011101010001110|10100001|1100001011|111000101  0x03065D4750E17C5
BX = 011 Event : 76
BX = 100 Event : 77
BX = 101 Event : 78
0x00 0000110|0000000|01011010100101110|01101100|1100010110|000111111  0x03005A973662C3F
0x01 0000110|0000001|01011010100000110|01101101|1100010110|000111111  0x03015A8336E2C3F
0x02 0000110|0000010|01111111110100000|00010110|1110101110|000001110  0x03027FD00B75C0E
0x03 0000110|0000101|01111010111110110|00001011|1110010000|000000110  0x03057AFB05F2006
0x04 0000110|0000110|01111011001101010|00001101|1110010001|000000111  0x03067B3506F2207
0x05 0000110|0000111|01111011011011100|00010011|1110010010|000001011  0x03077B6E09F240B
0x06 0000110|0001111|01011110011101100|00000101|1011100000|000000001  0x030F5E7602DC001
0x07 0000110|0010000|01011110101100000|00000111|1011100001|000000011  0x03105EB003DC203
0x08 0000110|0010001|01011110111010100|00001101|1011100010|000000111  0x03115EEA06DC407
0x09 0000110|0010010|01011100011100000|11111110|1011010100|111111011  0x03125C707F5A9FB
0x0a 0000110|0010011|01011100101010010|00000000|1011010101|111111101  0x03135CA9005ABFD
0x0b 0000110|0010100|01011100111000110|00000110|1011010110|000000001  0x03145CE3035AC01
0x0c 0000110|0010101|01110110101011100|11111011|1101110101|111111001  0x031576AE7DEEBF9
0x0d 0000110|0010110|01110110111001010|11111101|1101110110|111111011  0x031676E57EEEDFB
0x0e 0000110|0010111|01110111000111010|00000011|1101110111|111111110  0x0317771D01EEFFE
BX = 110 Event : 79
BX = 111 Event : 80
0x00 0000110|0000100|01110100100010100|10000001|1110110101|111000011  0x0304748A40F6BC3
0x01 0000110|0000101|01110100011111000|01111101|1110100011|000111111  0x0305747C3EF463F
0x02 0000110|0000110|01100101101011010|01110001|1101000100|000110101  0x030665AD38E8835
0x03 0000110|0010100|01110111010111010|00011111|1101110111|000010001  0x0314775D0FEEE11
BX = 000 Event : 81
0x00 0000110|0010011|01111100100111010|01110111|1110000111|001000111  0x03137C9D3BF0E47
0x01 0000110|0010111|01110110110000010|00010110|1101100011|000001001  0x031776C10B6C609
0x02 0000110|0011000|01101001111000110|00011011|1100011110|000001100  0x031869E30DE3C0C
0x03 0000110|0011001|01110100000110110|01110000|1101010000|001000001  0x0319741B386A041
0x04 0000110|0011110|01111101100001000|00001001|1110000111|000000000  0x031E7D8404F0E00
0x05 0000110|0011111|01111111100010010|00010001|1110010010|000000110  0x031F7F8908F2406
BX = 001 Event : 82
BX = 010 Event : 83
0x00 0000110|0000100|01100000101111000|10111010|1100011011|111100010  0x030460BC5D637E2
0x01 0000110|0000101|01110001111100100|10001011|1101011010|111001001  0x030571F245EB5C9
0x02 0000110|0001001|01111110010100010|00111100|1110010101|000011011  0x03097E511E72A1B
BX = 011 Event : 84
0x00 0000110|0000110|01110111000011110|00100000|1110001101|000010101  0x0306770F1071A15
BX = 100 Event : 85
0x00 0000110|0000101|01101110111010000|10011100|1110001110|111010010  0x03056EE84E71DD2
BX = 101 Event : 86
0x00 0000110|0000000|01011010111101110|10011010|1100110000|111000011  0x03005AF74D661C3
0x01 0000110|0000001|01011011010001110|10010110|1100110010|111000000  0x03015B474B665C0
0x02 0000110|0000101|01111001111011000|11111001|1110100101|111111101  0x030579EC7CF4BFD
0x03 0000110|0000111|01111001000000100|10100101|1101011011|111001101  0x0307790252EB7CD
BX = 110 Event : 87
0x00 0000110|0000000|01110001101010100|01101010|1110101100|000111110  0x030071AA357583E
0x01 0000110|0000010|01001001101011110|11001011|1010100001|111100001  0x030249AF65D43E1
0x02 0000110|0000011|01010010001101000|11000000|1011010011|111011000  0x03035234605A7D8
0x03 0000110|0000100|01001101100010000|11001010|1010111011|111011111  0x03044D8865577DF
0x04 0000110|0000101|01001100110000000|11001010|1010110111|111100000  0x03054CC06556FE0
0x05 0000110|0000110|01100101010111100|01000111|1101000011|000101100  0x0306655E23E862C
0x06 0000110|0000111|01100101001001100|01001000|1101000010|000101101  0x03076526246842D
0x07 0000110|0001000|01010010100100010|11011101|1011001010|111110100  0x030852916ED95F4
0x08 0000110|0001010|01111110110110110|10110101|1110111010|111010001  0x030A7EDB5AF75D1
BX = 111 Event : 88
0x00 0000110|0000011|01100101000000100|11000110|1100101100|111100001  0x0303650263659E1
0x01 0000110|0000101|01111101100010000|10111100|1110100010|111011101  0x03057D885E745DD
0x02 0000110|0001110|01011111010110000|10110000|1011011110|111010100  0x030E5F58585BDD4
0x03 0000110|0001111|01010100000001110|10110101|1010100100|111011000  0x030F54075AD49D8
0x04 0000110|0011001|01111101011001110|11000001|1101111100|111011111  0x03197D6760EF9DF
0x05 0000110|0011010|01111100111010000|11000010|1101111010|111100000  0x031A7CE8616F5E0
0x06 0000110|0100000|01100111011001010|11011000|1011110101|111110010  0x032067656C5EBF2
0x07 0000110|0100001|01101000000000010|11011001|1011111000|111110010  0x032168016CDF1F2
BX = 000 Event : 89
0x00 0000110|0000001|01101001101101110|01100011|1101110000|000111110  0x030169B731EE03E
0x01 0000110|0000100|01110000011010100|10101101|1110010101|111010100  0x0304706A56F2BD4
0x02 0000110|0000110|01100101111101110|10010110|1101000101|110111111  0x030665F74B68BBF
0x03 0000110|0000111|01100100100100110|10010110|1100111100|110111111  0x030764934B679BF
0x04 0000110|0001000|01100010101001100|11110100|1100100001|111110100  0x030862A67A643F4
0x05 0000110|0001001|01111001100010100|11110010|1110101111|111110010  0x0309798A7975FF2
0x06 0000110|0001010|01100101011101100|10000011|1100110111|110111001  0x030A657641E6FB9
0x07 0000110|0001011|01100101001110110|10000011|1100110110|110111001  0x030B653B41E6DB9
0x08 0000110|0001100|01111111010011000|00100010|1110111010|000010011  0x030C7F4C1177413
0x09 0000110|0010010|01100100011001000|00111111|1100010001|000101010  0x031264641FE222A
BX = 001 Event : 90
0x00 0000110|0000000|01001111010001000|01011010|1011001111|000110010  0x03004F442D59E32
0x01 0000110|0000111|01010011110001110|01111110|1010011101|001000101  0x030753C73F53A45
0x02 0000110|0001000|01011100010010100|01000001|1011000001|000101010  0x03085C4A20D822A
0x03 0000110|0001011|01110110010011110|00000111|1101001001|000000100  0x030B764F03E9204
0x04 0000110|0001100|01101101111010000|00001000|1100011100|000000100  0x030C6DE80463804
0x05 0000110|0001101|01110001100000000|00011111|1100101111|000010100  0x030D71800FE5E14
BX = 010 Event : 91
0x00 0000110|0000000|01100110100000100|11001100|1101101110|111100111  0x03006682666DDE7
0x01 0000110|0000001|01001110000101000|11010001|1011011000|111101100  0x03014E1468DB1EC
0x02 0000110|0000011|01111111100101110|10010110|1111010111|110111110  0x03037F974B7AFBE
0x03 0000110|0000100|01111001010010010|11110100|1110110101|111111110  0x030479497A76BFE
0x04 0000110|0001110|01010100001000110|11101010|1011011011|111101101  0x030E5423755B7ED
0x05 0000110|0001111|01101110111110110|01011000|1101010000|000101101  0x030F6EFB2C6A02D
0x06 0000110|0010010|01111000000011110|01110011|1110001011|001000100  0x0312780F39F1644
BX = 011 Event : 92
0x00 0000110|0000010|01101011001010110|10111101|1101111000|111011011  0x03026B2B5EEF1DB
0x01 0000110|0001001|01101101101110100|10001011|1101100011|110111011  0x03096DBA45EC7BB
0x02 0000110|0001010|01001101000010110|10100001|1010110100|111010011  0x030A4D0B50D69D3
0x03 0000110|0001110|01010110110101110|01111100|1010111111|001000001  0x030E56D73E57E41
0x04 0000110|0001111|01010111001010010|01111100|1011000000|001000001  0x030F57293E58041
0x05 0000110|0010000|01101001001011110|00100010|1100010110|000010110  0x0310692F1162C16
0x06 0000110|0010001|01100001110010110|00110010|1011101111|000100001  0x031161CB195DE21
0x07 0000110|0010010|01101110101001110|00011110|1100110111|000010011  0x03126EA70F66E13
0x08 0000110|0010011|01100111000011100|00101110|1100001111|000011110  0x0313670E1761E1E
0x09 0000110|0010100|01011000110011100|00010101|1010111001|000001010  0x031458CE0AD720A
BX = 100 Event : 93
0x00 0000110|0000000|01101010000111100|11110001|1101111011|111111110  0x03006A1E78EF7FE
0x01 0000110|0000001|01110011001110010|11110110|1110110101|000000010  0x030173397B76A02
0x02 0000110|0000011|01101110100101110|10000011|1101101111|110110100  0x03036E9741EDFB4
0x03 0000110|0000100|01111110101100100|01101110|1110110011|000111100  0x03047EB2377663C
0x04 0000110|0000110|01110010100100010|10101010|1100111101|111001011  0x030672915567BCB
BX = 101 Event : 94
0x00 0000110|0000000|01011000010011010|10100111|1100011011|111001001  0x0300584D53E37C9
BX = 110 Event : 95
0x00 0000110|0000110|01100011100101110|11011100|1101000011|111101110  0x030663976E687EE
0x01 0000110|0001100|01011001001011000|01111101|1011000110|001000101  0x030C592C3ED8C45
BX = 111 Event : 96
0x00 0000110|0000010|01010100000000110|10000101|1011100101|110111101  0x0302540342DCBBD
0x01 0000110|0000011|01100100011111000|10001000|1101001110|110111110  0x0303647C4469DBE
BX = 000 Event : 97
0x00 0000110|0000000|01000001111000100|01100110|1010100000|000111001  0x030041E23354039
0x01 0000110|0000001|01001111101000100|01011101|1011110100|000110010  0x03014FA22EDE832
0x02 0000110|0000011|01101111101111010|00111011|1110000110|000100111  0x03036FBD1DF0C27
0x03 0000110|0001110|01111100110010000|00100010|1110011011|000010110  0x030E7CC81173616
0x04 0000110|0001111|01100101100011110|00101011|1100011110|000011100  0x030F658F15E3C1C
0x05 0000110|0011011|01101000101110100|10011000|1100001001|111000001  0x031B68BA4C613C1
BX = 001 Event : 98
0x00 0000110|0000000|01010001100100000|00001011|1011111111|000000111  0x0300519005DFE07
0x01 0000110|0000001|01010011100010000|11111101|1100001011|111111100  0x030153887EE17FC
0x02 0000110|0000010|01011110111001100|10000111|1100110111|110111100  0x03025EE643E6FBC
0x03 0000110|0000011|01100010100111010|10010101|1101001011|111000110  0x0303629D4AE97C6
0x04 0000110|0000111|01011110100001000|01000110|1011110110|000101010  0x03075E84235EC2A
0x05 0000110|0001001|01101010101011110|00101101|1100100000|000010000  0x03096AAF16E4010
0x06 0000110|0001011|01011001110111010|10101101|1011000100|111010100  0x030B59DD56D89D4
0x07 0000110|0001100|01011101000110100|10101111|1011010101|111010101  0x030C5D1A57DABD5
0x08 0000110|0001101|01011100010011100|10100100|1011010011|111001100  0x030D5C4E525A7CC
0x09 0000110|0001110|01100001111001110|10100011|1011110010|111001011  0x030E61E751DE5CB
0x0a 0000110|0001111|01011101111100100|11000001|1011011100|111100001  0x030F5DF260DB9E1
0x0b 0000110|0010000|01011011011011110|10100011|1011001110|111001011  0x03105B6F51D9DCB
0x0c 0000110|0010100|01110001010011000|11000000|1100110000|111100000  0x0314714C60661E0
0x0d 0000110|0010101|01110110101100100|10111111|1101010010|111011111  0x031576B25FEA5DF
BX = 010 Event : 99
0x00 0000110|0000000|01011010100101110|01101100|1100010110|000111111  0x03005A973662C3F
0x01 0000110|0000001|01011010100000110|01101101|1100010110|000111111  0x03015A8336E2C3F
BX = 011 Event : 100
0x00 0000110|0000001|01110010000000010|00000111|1110100111|000000000  0x0301720103F4E00
0x01 0000110|0000101|01111000100011010|10001010|1110110111|110111010  0x0305788D4576FBA
0x02 0000110|0000110|01110111011100000|10010000|1110110001|110111110  0x0306777048763BE
0x03 0000110|0010001|01010000011110000|10001011|1010111111|111000011  0x0311507845D7FC3
