BX = 000 Event : 1
0x00 0001000|0000000|10101101100000|001010000000|0001000100|0000111010  0x1002B602801103A
0x01 0001000|0000001|10110100000100|110001111001|0010110010|1110110000  0x1006D04C792CBB0
0x02 0001000|0000010|10110110110000|001011001101|1111111010|0001000010  0x100ADB02CDFE842
0x03 0001000|0000011|10110110110110|001011001010|1111111101|0001000001  0x100EDB62CAFF441
0x04 0001000|0000111|10110001001010|001001111000|1100111001|0000101011  0x101EC4A278CE42B
0x05 0001000|0001000|10110000110101|001001101010|1100101111|0000100111  0x1022C3526ACBC27
0x06 0001000|0001001|10110000110111|001001101010|1100101111|0000100111  0x1026C3726ACBC27
0x07 0001000|0001010|10100111111110|001111100000|1011100000|0000111111  0x102A9FE3E0B803F
BX = 001 Event : 2
0x00 0001000|0000001|10100110000101|111000000001|1110110011|1111001101  0x1006985E01ECFCD
0x01 0001000|0000010|10101001010000|000010010110|1101111010|0000010111  0x100AA50096DE817
0x02 0001000|0000011|10100010000000|110110111100|1011101001|1111010011  0x100E880DBCBA7D3
0x03 0001000|0000100|10100111011010|111000000011|1101001101|1111011101  0x10129DAE03D37DD
0x04 0001000|0000101|10110001100101|111101011001|1111111110|1111101111  0x1016C65F59FFBEF
0x05 0001000|0000110|10101111100110|111111010000|1111011111|1111111110  0x101ABE6FD0F7FFE
0x06 0001000|0000111|10110001100001|110111011101|0000001001|1111010111  0x101EC61DDD027D7
0x07 0001000|0001000|10110100000100|110111111011|0000111000|1111011100  0x1022D04DFB0E3DC
0x08 0001000|0001001|10100011111100|011100010011|1010011011|0001111100  0x10268FC713A6C7C
0x09 0001000|0001100|10111110110100|100010000110|0001100010|1101111110  0x1032FB488618B7E
BX = 010 Event : 3
0x00 0001000|0000000|10111000001100|000101000101|0100001010|0000011101  0x1002E0C1454281D
0x01 0001000|0000001|10110011000010|000011101000|0001101100|0000000110  0x1006CC20E81B006
0x02 0001000|0000010|10110011010010|000011100101|0001110100|0000000101  0x100ACD20E51D005
0x03 0001000|0000101|10100100001111|100010111101|1100001000|1110000110  0x101690F8BDC2386
0x04 0001000|0000110|10100100010100|100011000101|1100001001|1110000111  0x101A9148C5C2787
0x05 0001000|0000111|10100001001111|100010100010|1010100010|1110000000  0x101E84F8A2A8B80
0x06 0001000|0001000|10100001011000|100010101010|1010100100|1110000001  0x10228588AAA9381
0x07 0001000|0001001|10101111001111|000001001101|1101011001|1111110011  0x1026BCF04DD67F3
BX = 011 Event : 4
0x00 0001000|0000000|10110000100010|101101100010|0010001100|1110101100  0x1002C22B62233AC
0x01 0001000|0000001|10111011110001|000101010111|0011011000|0000001100  0x1006EF11573600C
0x02 0001000|0000010|10110101101111|001000000000|1111110000|0000011000  0x100AD6F200FC018
0x03 0001000|0000011|10111111110010|001100001111|0010010111|0000111100  0x100EFF230F25C3C
0x04 0001000|0000100|10111001010110|000111010001|0000011100|0000101011  0x1012E561D10702B
0x05 0001000|0000101|10111001010110|000111010111|0000011100|0000101100  0x1016E561D70702C
0x06 0001000|0000110|10111100100110|000101110101|0010000100|0000010100  0x101AF2617521014
0x07 0001000|0000111|10111100100110|000101111011|0010000100|0000010101  0x101EF2617B21015
0x08 0001000|0001010|10111111011100|000111110111|0000100010|0000101000  0x102AFDC1F708828
BX = 100 Event : 5
0x00 0001000|0000000|10110000110110|111111100011|0000100101|1111101111  0x1002C36FE3097EF
0x01 0001000|0000001|10101101000110|000010101000|1111101011|0000000111  0x1006B460A8FAC07
0x02 0001000|0000010|10100000101010|101100001000|1100000111|1110110110  0x100A82AB08C1FB6
0x03 0001000|0000011|10011011111101|000001011011|1010011011|0000000111  0x100E6FD05BA6C07
0x04 0001000|0000100|10101100110110|000000101100|1110100101|0000000001  0x1012B3602CE9401
0x05 0001000|0000101|10101001000011|000011110011|1101101001|0000011001  0x1016A430F3DA419
0x06 0001000|0000111|10101101001000|111011001110|1101010010|1111110100  0x101EB48ECED4BF4
0x07 0001000|0001000|10101101000100|111100111001|1101010001|0000000001  0x1022B44F39D4401
0x08 0001000|0010011|10111010110001|011001110001|0000010011|0001100110  0x104EEB167104C66
0x09 0001000|0010101|10111110111010|111110011101|0000111101|1111110011  0x1056FBAF9D0F7F3
BX = 101 Event : 6
0x00 0001000|0000000|10101010011000|010010011000|1101110010|0001011101  0x1002A98498DC85D
0x01 0001000|0000010|10101001101010|010101001011|1011001110|0001101111  0x100AA6A54BB386F
BX = 110 Event : 7
0x00 0001000|0000000|10100011010010|001010010000|1011110001|0000101101  0x10028D2290BC42D
0x01 0001000|0000001|10101110001101|000101111110|1110101001|0000001001  0x1006B8D17EEA409
0x02 0001000|0000010|10100011111100|011100010011|1010011011|0001111100  0x100A8FC713A6C7C
0x03 0001000|0000101|10101110000100|110101101100|1100000010|1111011101  0x1016B84D6CC0BDD
BX = 111 Event : 8
0x00 0001000|0000000|10110001111100|010110100110|0001000000|0001011110  0x1002C7C5A61005E
0x01 0001000|0000011|10101100100101|001011011011|1101001010|0000110111  0x100EB252DBD2837
0x02 0001000|0000100|10101110011011|001011100000|1101101101|0000111000  0x1012B9B2E0DB438
0x03 0001000|0000101|10111011010001|001001001101|0001011011|0000100010  0x1016ED124D16C22
0x04 0001000|0000110|10111011010110|001001010011|0001011101|0000100011  0x101AED625317423
0x05 0001000|0001000|10111011111110|110100111010|0001011001|1111001011  0x1022EFED3A167CB
BX = 000 Event : 9
0x00 0001000|0000000|10110000100010|101101100010|0010001100|1110101100  0x1002C22B62233AC
0x01 0001000|0000001|10111001010110|000111010001|0000011100|0000101011  0x1006E561D10702B
0x02 0001000|0000010|10111100100110|000101110101|0010000100|0000010100  0x100AF2617521014
0x03 0001000|0000011|10111111011100|000111110111|0000100010|0000101000  0x100EFDC1F708828
BX = 001 Event : 10
0x00 0001000|0000000|10101100111001|011110000100|1101101001|0010001000  0x1002B39784DA488
BX = 010 Event : 11
0x00 0001000|0000000|10101010011000|010010011000|1101110010|0001011101  0x1002A98498DC85D
0x01 0001000|0000001|10100000110001|111111100110|1011101001|1111111000  0x1006831FE6BA7F8
0x02 0001000|0000011|10110000100001|111011101010|1111101111|1111111000  0x100EC21EEAFBFF8
BX = 011 Event : 12
0x00 0001000|0000000|10101101100000|001010000000|0001000100|0000111010  0x1002B602801103A
0x01 0001000|0000001|10100011000111|111110001010|1011001010|1111101100  0x10068C7F8AB2BEC
0x02 0001000|0000010|10100011100011|111110001100|1011010000|1111101100  0x100A8E3F8CB43EC
0x03 0001000|0000011|10100011001001|000011001100|1011001010|0000010011  0x100E8C90CCB2813
0x04 0001000|0000100|10100011000101|000001100111|1011001000|1111111010  0x10128C5067B23FA
0x05 0001000|0000101|10110110110000|001011001101|1111111010|0001000010  0x1016DB02CDFE842
0x06 0001000|0000110|10110110110110|001011001010|1111111101|0001000001  0x101ADB62CAFF441
0x07 0001000|0001011|10110001001010|001001111000|1100111001|0000101011  0x102EC4A278CE42B
0x08 0001000|0001100|10110000110101|001001101010|1100101111|0000100111  0x1032C3526ACBC27
0x09 0001000|0001101|10110000110111|001001101010|1100101111|0000100111  0x1036C3726ACBC27
BX = 100 Event : 13
0x00 0001000|0000000|10100111001110|010011101110|1101111001|0001100000  0x10029CE4EEDE460
0x01 0001000|0000001|10110001111100|010110100110|0001000000|0001011110  0x1006C7C5A61005E
0x02 0001000|0000100|10110011010101|110111010111|0001001011|1111001000  0x1012CD5DD712FC8
0x03 0001000|0000101|10111011110111|000000111010|0011010001|0000010011  0x1016EF703A34413
0x04 0001000|0001001|10110110000101|000100001011|1111000000|0000000101  0x1026D8510BF0005
0x05 0001000|0001010|10111001101100|000111001011|1111111000|0000011101  0x102AE6C1CBFE01D
0x06 0001000|0001011|10110111100001|001010001111|1111010110|0000110101  0x102EDE128FF5835
0x07 0001000|0001100|10110111100010|001010010110|1111010111|0000110110  0x1032DE2296F5C36
BX = 101 Event : 14
0x00 0001000|0000000|10100101010000|001010111010|1101100000|0000111000  0x10029502BAD8038
0x01 0001000|0000001|10100001011110|001011010101|1100011101|0000111100  0x100685E2D5C743C
0x02 0001000|0000010|10111000001100|000101000101|0100001010|0000011101  0x100AE0C1454281D
0x03 0001000|0000011|10110011000010|000011101000|0001101100|0000000110  0x100ECC20E81B006
0x04 0001000|0000100|10101000000111|001011110011|1110111111|0001000111  0x1012A072F3EFC47
0x05 0001000|0000101|10110011010010|000011100101|0001110100|0000000101  0x1016CD20E51D005
0x06 0001000|0000110|10101000010100|001011110001|1111000110|0001000110  0x101AA142F1F1846
0x07 0001000|0000111|10100101010100|001010111010|1101100010|0000111000  0x101E9542BAD8838
0x08 0001000|0001000|10100010000001|001011010010|1100101110|0000111011  0x10228812D2CB83B
0x09 0001000|0001101|10011100110000|001010001111|1010100011|0000110100  0x103673028FA8C34
0x0a 0001000|0001110|10100010110110|001011010010|1100010000|0000111110  0x103A8B62D2C403E
0x0b 0001000|0001111|10011110110100|001011110000|1011001000|0001000010  0x103E7B42F0B2042
0x0c 0001000|0010000|10100010000000|001011110010|1011110101|0001000110  0x10428802F2BD446
0x0d 0001000|0010010|10100100010011|100011000011|1100001010|1110001000  0x104A9138C3C2B88
0x0e 0001000|0010011|10100100001111|100010111101|1100001000|1110000110  0x104E90F8BDC2386
0x0f 0001000|0010100|10100001001111|100010100010|1010100010|1110000000  0x105284F8A2A8B80
0x10 0001000|0010101|10111001100101|000111001010|0001101010|0000100010  0x1056E651CA1A822
0x11 0001000|0010110|10101111001111|000001001101|1101011001|1111110011  0x105ABCF04DD67F3
BX = 110 Event : 15
0x00 0001000|0000000|10101100011010|001001001010|0000100111|0000011001  0x1002B1A24A09C19
0x01 0001000|0000001|10100011111010|101001101110|1010111000|1110011000  0x10068FAA6EAE398
0x02 0001000|0000010|10100101010101|101100110000|1011010000|1110110010  0x100A955B30B43B2
BX = 111 Event : 16
0x00 0001000|0000000|10110000110110|111111100011|0000100101|1111101111  0x1002C36FE3097EF
0x01 0001000|0000001|10101101000110|000010101000|1111101011|0000000111  0x1006B460A8FAC07
0x02 0001000|0000010|10100000101010|101100001000|1100000111|1110110110  0x100A82AB08C1FB6
0x03 0001000|0000011|10100001111100|101011010111|1100110000|1110101010  0x100E87CAD7CC3AA
0x04 0001000|0000100|10011011111101|000001011011|1010011011|0000000111  0x10126FD05BA6C07
0x05 0001000|0000101|10100100111000|000000101011|1100010100|0000001101  0x101693802BC500D
0x06 0001000|0000110|10101011011000|000000011000|1101110101|0000001001  0x101AAD8018DD409
0x07 0001000|0000111|10101011010100|000001111111|1101110100|0000010110  0x101EAD407FDD016
0x08 0001000|0001000|10101100111010|111111000011|1110100110|1111110100  0x1022B3AFC3E9BF4
0x09 0001000|0001001|10100110000011|111111001101|1100111010|1111110101  0x1026983FCDCEBF5
0x0a 0001000|0001010|10101100110110|000000101100|1110100101|0000000001  0x102AB3602CE9401
0x0b 0001000|0001011|10101001000011|000011110011|1101101001|0000011001  0x102EA430F3DA419
0x0c 0001000|0001100|10101101000100|111100111001|1101010001|0000000001  0x1032B44F39D4401
0x0d 0001000|0001101|10110001001000|111010011001|1111001111|1111011010  0x1036C48E99F3FDA
0x0e 0001000|0001111|10111100101110|111100111001|0010000100|1111101110  0x103EF2EF39213EE
0x0f 0001000|0011000|10101010010110|101111100001|1100001001|1110100011  0x1062A96BE1C27A3
0x10 0001000|0011001|10101010001111|101111011111|1100000101|1110100011  0x1066A8FBDFC17A3
BX = 000 Event : 17
0x00 0001000|0000000|10100100001100|010101100110|1110000100|0001110100  0x100290C566E1074
0x01 0001000|0000010|10111010010010|000000110111|0011000100|0000010101  0x100AE9203731015
0x02 0001000|0000011|10111011111101|111110010101|0011111001|1111101101  0x100EEFDF953E7ED
0x03 0001000|0000101|10100110100010|101010111000|1010100110|1110100000  0x10169A2AB8A9BA0
0x04 0001000|0000110|10110111110100|010010111000|1101111001|0001011101  0x101ADF44B8DE45D
0x05 0001000|0000111|10111111001010|111100100111|0000101111|1111101100  0x101EFCAF270BFEC
0x06 0001000|0001000|10111101101101|111100100010|0000000000|1111101011  0x1022F6DF22003EB
BX = 001 Event : 18
0x00 0001000|0000000|10110100011100|000111010000|0010101011|0000101011  0x1002D1C1D02AC2B
0x01 0001000|0000001|10110111001110|111001010111|0010110110|1111100010  0x1006DCEE572DBE2
0x02 0001000|0000010|10110111010110|111001011001|0010111010|1111100011  0x100ADD6E592EBE3
0x03 0001000|0000011|10111001110111|000110110011|0011101011|0000100100  0x100EE771B33AC24
0x04 0001000|0000100|10110100011100|111000010001|0001011101|1111010000  0x1012D1CE11177D0
0x05 0001000|0000101|10110011011111|000111110101|0000011111|0000110101  0x1016CDF1F507C35
0x06 0001000|0000110|10110100011110|000101010010|0000111111|0000001100  0x101AD1E1520FC0C
0x07 0001000|0000111|10101010111111|111010101011|1100101110|1111110111  0x101EABFEABCBBF7
0x08 0001000|0001000|10101110011111|111010101011|1110011110|1111110111  0x1022B9FEABE7BF7
0x09 0001000|0001010|10111100111001|010111001011|0001101110|0001110101  0x102AF395CB1B875
0x0a 0001000|0010010|10110001100000|110111010011|1101101010|1111011011  0x104AC60DD3DABDB
0x0b 0001000|0010011|10101100110111|110111001000|1011011100|1111011000  0x104EB37DC8B73D8
0x0c 0001000|0010100|10101100110110|110111001000|1011011011|1111011000  0x1052B36DC8B6FD8
0x0d 0001000|0010101|10111011110010|000101111111|0000100000|0000100011  0x1056EF217F08023
BX = 010 Event : 19
0x00 0001000|0000000|10100100010111|010010101001|1101101011|0001100110  0x10029174A9DAC66
0x01 0001000|0000001|10100110001010|010001110010|1110101110|0001010110  0x100698A472EB856
0x02 0001000|0000010|10100110001100|010001101111|1110101111|0001010101  0x100A98C46FEBC55
0x03 0001000|0000011|10100101011010|010001000110|1110010010|0001001001  0x100E95A446E4849
0x04 0001000|0000100|10100110010101|000011000100|1110000100|0000001011  0x10129950C4E100B
0x05 0001000|0000101|10100111000000|000011000100|1110001110|0000001011  0x10169C00C4E380B
0x06 0001000|0000110|10110010010101|100011001101|0001111011|1101110011  0x101AC958CD1EF73
0x07 0001000|0000111|10110110011101|101011110000|0010100100|1110101111  0x101ED9DAF0293AF
0x08 0001000|0001000|10111010011001|101011011000|0100100100|1110101001  0x1022E99AD8493A9
0x09 0001000|0001001|10101100110011|111101101110|1101110011|1111100111  0x1026B33F6EDCFE7
0x0a 0001000|0001010|10101111100000|001000000101|1101101001|0000100011  0x102ABE0205DA423
0x0b 0001000|0001011|10101010000110|111010100011|1011010100|1111011000  0x102EA86EA3B53D8
0x0c 0001000|0001100|10101001110101|001000010001|1010111011|0000100110  0x1032A75211AEC26
0x0d 0001000|0010000|10111111011111|100010101111|0000001010|1101111111  0x1042FDF8AF02B7F
BX = 011 Event : 20
0x00 0001000|0000000|10110011001111|111100101011|0010000110|1111111010  0x1002CCFF2B21BFA
0x01 0001000|0000001|10110000010110|111010010001|0000101010|1111010011  0x1006C16E910ABD3
0x02 0001000|0000010|10101001101010|101110111101|1110111101|1110100001  0x100AA6ABBDEF7A1
0x03 0001000|0000011|10111011110101|001001101101|0011010110|0000100010  0x100EEF526D35822
0x04 0001000|0000100|10110110010100|111000101010|0010110111|1111011010  0x1012D94E2A2DFDA
0x05 0001000|0000101|10111111110010|101110100001|0100110101|1110011110  0x1016FF2BA14D79E
0x06 0001000|0000110|10100101001001|110101110000|1011101010|1111000110  0x101A949D70BABC6
0x07 0001000|0000111|10100101000111|101111110110|1100100000|1110110001  0x101E947BF6C83B1
0x08 0001000|0001000|10110011000111|111100111100|1110100010|1111110111  0x1022CC7F3CE8BF7
0x09 0001000|0001001|10110011001011|111101000001|1110100011|1111111000  0x1026CCBF41E8FF8
BX = 100 Event : 21
0x00 0001000|0000000|10101001101011|000110000110|0000101111|0000101001  0x1002A6B1860BC29
0x01 0001000|0000001|10101011100110|000110110010|0001001101|0000101111  0x1006AE61B21342F
0x02 0001000|0000010|10110111110000|111000001100|0010000010|1111001011  0x100ADF0E0C20BCB
0x03 0001000|0000011|10100111110001|001000111000|1101000110|0000100100  0x100E9F1238D1824
0x04 0001000|0000100|10100110110001|001000111101|1100100001|0000100110  0x10129B123DC8426
BX = 101 Event : 22
0x00 0001000|0000000|10101110110111|010001011101|0001010001|0001010101  0x1002BB745D14455
0x01 0001000|0000001|10101110101010|010001011001|0001001011|0001010100  0x1006BAA45912C54
0x02 0001000|0000010|10110001100101|010000000001|0010100101|0000111111  0x100AC654012943F
0x03 0001000|0000011|10110111000110|010100000000|0100000010|0001100000  0x100EDC650040860
0x04 0001000|0000100|10101001111010|111010100000|1110110111|1111011001  0x1012A7AEA0EDFD9
0x05 0001000|0000101|10110001000110|000010001010|0000100111|0000010101  0x1016C4608A09C15
0x06 0001000|0000110|10101011110010|000100011000|0000000000|0000011100  0x101AAF21180001C
0x07 0001000|0000111|10110001110000|000111000101|0001011101|0000110001  0x101EC701C517431
0x08 0001000|0001000|10110010110010|000101010001|0001111101|0000010101  0x1022CB21511F415
0x09 0001000|0001001|10110001101011|000111110111|0001101100|0000101001  0x1026C6B1F71B029
0x0a 0001000|0001010|10101111011101|000010000110|0001110110|1111110111  0x102ABDD0861DBF7
0x0b 0001000|0001011|10110100011100|000111010000|0011000100|0000011111  0x102ED1C1D03101F
0x0c 0001000|0010000|10101000101111|101010011011|1110010111|1110001110  0x1042A2FA9BE5F8E
0x0d 0001000|0010001|10101001101110|101111010111|1110101001|1110111000  0x1046A6EBD7EA7B8
0x0e 0001000|0010010|10101110101100|101111101000|1111111111|1110111011  0x104ABACBE8FFFBB
0x0f 0001000|0010011|10110110111110|010010001110|0011011011|0001011011  0x104EDBE48E36C5B
0x10 0001000|0010100|10110110101110|010010001000|0011010011|0001011010  0x1052DAE48834C5A
0x11 0001000|0010101|10111001111100|010000101001|0100110001|0001000100  0x1056E7C4294C444
0x12 0001000|0010110|10111011110011|111011110100|0011001111|1111100011  0x105AEF3EF433FE3
0x13 0001000|0010111|10110100111001|000010100011|0010011110|1111111111  0x105ED390A327BFF
0x14 0001000|0011001|10110110000101|001000111110|0010110001|0000110010  0x1066D8523E2C432
0x15 0001000|0011010|10111000111111|001000010100|0100001010|0000101000  0x106AE3F21442828
0x16 0001000|0011101|10110110001011|110010110000|0010110010|1110111100  0x1076D8BCB02CBBC
0x17 0001000|0011110|10111010000000|110010000100|0100101100|1110110001  0x107AE80C844B3B1
0x18 0001000|0011111|10111010110101|110010100011|0101000110|1110111001  0x107EEB5CA351BB9
0x19 0001000|0100000|10100100110111|000100011010|1011001111|0000000111  0x108293711AB3C07
0x1a 0001000|0100001|10100011101011|101011101111|1100000101|1110100001  0x10868EBAEFC17A1
0x1b 0001000|0100010|10100101000000|110000001111|1100011010|1111000110  0x108A940C0FC6BC6
0x1c 0001000|0100011|10100011010010|101011000101|1011111001|1110011000  0x108E8D2AC5BE798
0x1d 0001000|0100100|10101001010110|011111001100|1100001010|0010001001  0x1092A567CCC2889
0x1e 0001000|0100110|10101001011000|011111001000|1100001011|0010001000  0x109AA587C8C2C88
0x1f 0001000|0100111|10101101111110|000111101111|1101011101|0000100001  0x109EB7E1EFD7421
0x20 0001000|0101000|10110001110111|001100010110|1110011001|0001000101  0x10A2C77316E6445
0x21 0001000|0101001|10110001101001|100011110001|1100101000|1110000110  0x10A6C698F1CA386
0x22 0001000|0101010|10101110100101|100101010010|1011110100|1110010100  0x10AABA5952BD394
0x23 0001000|0101011|10101101111111|101010001011|1100101110|1110100001  0x10AEB7FA8BCBBA1
BX = 110 Event : 23
0x00 0001000|0000000|10101100011101|000100010001|1111001010|0000100011  0x1002B1D111F2823
0x01 0001000|0000001|10101001100011|000100101111|1110011100|0000100110  0x1006A6312FE7026
0x02 0001000|0000111|10101011110111|110010111101|1111101000|1110110010  0x101EAF7CBDFA3B2
0x03 0001000|0001011|10011011100110|000011111111|1010011011|0000001110  0x102E6E60FFA6C0E
0x04 0001000|0001100|10101010000111|000010000100|1101111111|1111111111  0x1032A87084DFFFF
0x05 0001000|0001101|10100111001101|000010100001|1101010001|0000000011  0x10369CD0A1D4403
0x06 0001000|0010000|10111000010111|110110111011|0010000110|1111010000  0x1042E17DBB21BD0
0x07 0001000|0010001|10101101111001|111111010010|1101101010|0000000010  0x1046B79FD2DA802
0x08 0001000|0010010|10101111001010|111111000001|1110010001|1111111110  0x104ABCAFC1E47FE
0x09 0001000|0011011|10101011101110|110101100010|1011011001|1111000001  0x106EAEED62B67C1
0x0a 0001000|0011100|10111001000100|111100110110|1110101111|1111111101  0x1072E44F36EBFFD
0x0b 0001000|0011101|10110110101111|000101111011|1101111111|0000011011  0x1076DAF17BDFC1B
0x0c 0001000|0011110|10111010110000|000110000001|1110111111|0000011011  0x107AEB0181EFC1B
0x0d 0001000|0011111|10111011000010|000110000001|1111000100|0000011011  0x107EEC2181F101B
0x0e 0001000|0100000|10110101001000|000101101010|1101001110|0000010110  0x1082D4816AD3816
0x0f 0001000|0100001|10111001010001|000101110001|1110010000|0000010111  0x1086E51171E4017
0x10 0001000|0100010|10111101110111|000101100110|0001011100|0000010101  0x108AF7716617015
0x11 0001000|0100100|10111101111110|000101100100|0001100000|0000010101  0x1092F7E16418015
BX = 111 Event : 24
0x00 0001000|0000000|10100011000001|011100011110|1010101101|0010000000  0x10028C171EAB480
0x01 0001000|0000010|10111011101001|000110000000|1110101110|0000011100  0x100AEE9180EB81C
BX = 000 Event : 25
0x00 0001000|0000000|10110100101110|010111001010|0011000100|0001101000  0x1002D2E5CA31068
0x01 0001000|0000001|10101100001000|111010001000|0000110000|1111011001  0x1006B08E880C3D9
0x02 0001000|0000100|10111111001101|111110010001|0001111000|1111111110  0x1012FCDF911E3FE
0x03 0001000|0000101|10101111110000|111000001101|1100101110|1111100001  0x1016BF0E0DCBBE1
0x04 0001000|0000110|10110000011111|111001110000|1100111001|1111101101  0x101AC1FE70CE7ED
0x05 0001000|0000111|10110101111110|001001100110|1110001111|0000101011  0x101ED7E266E3C2B
BX = 001 Event : 26
0x00 0001000|0000000|10011110011100|001101110001|1011010101|0000111111  0x100279C371B543F
0x01 0001000|0000001|10101100101011|111000101111|0001000000|1111100001  0x1006B2BE2F103E1
0x02 0001000|0000010|10110100001100|111011111000|0010110101|1111111001  0x100AD0CEF82D7F9
0x03 0001000|0000100|10110001010100|001111101010|0000101111|0001010001  0x1012C543EA0BC51
0x04 0001000|0001001|10100000110011|111010001001|1010110100|1111010101  0x1026833E89AD3D5
0x05 0001000|0001010|10100110011110|000010010001|1100101111|0000000011  0x102A99E091CBC03
0x06 0001000|0001011|10101010101010|001001001000|1101110001|0000111010  0x102EAAA248DC43A
0x07 0001000|0001100|10101011010011|000111010000|1110000101|0000011101  0x1032AD31D0E141D
0x08 0001000|0001101|10101010000100|001111100101|1100011111|0001001111  0x1036A843E5C7C4F
0x09 0001000|0001110|10101111101111|001111011110|1111110100|0001001101  0x103ABEF3DEFD04D
0x0a 0001000|0001111|10110011000110|111110101000|1111010101|1111111001  0x103ECC6FA8F57F9
0x0b 0001000|0010000|10101001111111|100110011000|1100100011|1110010000  0x1042A7F998C8F90
0x0c 0001000|0010001|10101100100001|101011010111|1101110110|1110100101  0x1046B21AD7DDBA5
0x0d 0001000|0010010|10101011100001|101001110110|1101010100|1110001100  0x104AAE1A76D538C
0x0e 0001000|0010011|10101010111001|101010010010|1101000000|1110010011  0x104EAB9A92D0393
0x0f 0001000|0010100|10101010000001|101001101100|1100100010|1110001010  0x1052A81A6CC8B8A
0x10 0001000|0010101|10101111110000|110011010011|1100100100|1110111110  0x1056BF0CD3C93BE
BX = 010 Event : 27
0x00 0001000|0000000|10101001100000|110001101101|1110110101|1110101101  0x1002A60C6DED7AD
0x01 0001000|0000001|10101000000011|110100010100|1110000111|1111010110  0x1006A03D14E1FD6
0x02 0001000|0000010|10110100111001|111100001011|0001101000|1111110111  0x100AD39F0B1A3F7
0x03 0001000|0000011|10100001010110|110011000110|1010111111|1111000101  0x100E856CC6AFFC5
0x04 0001000|0000100|10101100000110|111100110001|1101010111|0000000000  0x1012B06F31D5C00
0x05 0001000|0000101|10110000000101|010010011000|1101010111|0001011111  0x1016C05498D5C5F
0x06 0001000|0000110|10110011011001|000101100000|1110111000|0000100001  0x101ACD9160EE021
0x07 0001000|0000111|10101110001100|000011110111|1100011000|0000000111  0x101EB8C0F7C6007
0x08 0001000|0001000|10101110000011|000011110111|1100010100|0000000111  0x1022B830F7C5007
0x09 0001000|0001011|10111010010011|000111001111|1111011000|0000100010  0x102EE931CFF6022
0x0a 0001000|0001100|10111100110010|101011010110|1111010110|1110011111  0x1032F32AD6F5B9F
BX = 011 Event : 28
0x00 0001000|0000000|10111111000010|111000000001|0101001101|1111011101  0x1002FC2E01537DD
0x01 0001000|0000001|10111010010010|000101010110|0100011000|0000100010  0x1006E9215646022
0x02 0001000|0000010|10111001000010|000101001011|0011110001|0000100000  0x100AE4214B3C420
0x03 0001000|0000100|10110001000101|111010011111|1101001100|1111110100  0x1012C45E9FD33F4
0x04 0001000|0000101|10111111011001|111000001110|0001011110|1111010001  0x1016FD9E0E17BD1
0x05 0001000|0000110|10110011011010|111111101010|1101101011|0000000001  0x101ACDAFEADAC01
BX = 100 Event : 29
0x00 0001000|0000000|10100100110101|110101100000|1011000100|1111011000  0x1002935D60B13D8
BX = 101 Event : 30
0x00 0001000|0000000|10110010001000|111110001110|0001011100|0000001001  0x1002C88F8E17009
0x01 0001000|0000001|10110010001000|111110001100|0001011100|0000001000  0x1006C88F8C17008
0x02 0001000|0000010|10101111011011|111100100111|0000000101|1111101111  0x100ABDBF27017EF
0x03 0001000|0000011|10110000101110|111100000001|0000101111|1111100101  0x100EC2EF010BFE5
0x04 0001000|0000101|10111001010010|101010101101|0011101000|1110011001  0x1016E52AAD3A399
0x05 0001000|0000110|10101110011010|000011011010|1111011000|0000001011  0x101AB9A0DAF600B
0x06 0001000|0000111|10100100100110|000110100011|1100111101|0000100100  0x101E9261A3CF424
0x07 0001000|0001001|10110101000001|000000010100|0001000001|1111110010  0x1026D41014107F2
0x08 0001000|0001011|10101100011100|110001111001|1100100010|1110101110  0x102EB1CC79C8BAE
0x09 0001000|0001101|10101101011111|110010001011|1101000011|1110110011  0x1036B5FC8BD0FB3
0x0a 0001000|0001110|10111101101101|111001011101|0000101111|1111101001  0x103AF6DE5D0BFE9
0x0b 0001000|0001111|10111111010001|111010000000|0001000111|1111101101  0x103EFD1E8011FED
0x0c 0001000|0010000|10111101101010|111001010110|0000101101|1111100111  0x1042F6AE560B7E7
0x0d 0001000|0010001|10111111001101|111001111001|0001000110|1111101100  0x1046FCDE7911BEC
0x0e 0001000|0010011|10111110001011|111000010001|0000111110|1111010110  0x104EF8BE110FBD6
0x0f 0001000|0010100|10111111110000|111000110101|0001010111|1111011011  0x1052FF0E3515FDB
BX = 110 Event : 31
0x00 0001000|0000000|10100111101010|001001001100|1101100011|0000101111  0x10029EA24CD8C2F
0x01 0001000|0000001|10100110101101|001001111111|1101010100|0000110101  0x10069AD27FD5035
0x02 0001000|0000010|10101011110110|001000011101|1111100100|0000100011  0x100AAF621DF9023
0x03 0001000|0000011|10101010111001|001001001111|1111010110|0000101001  0x100EAB924FF5829
0x04 0001000|0000100|10100001100111|101111011110|1100110111|1110101001  0x1012867BDECDFA9
0x05 0001000|0000101|10111011010101|111110101101|0101000100|1111111101  0x1016ED5FAD513FD
0x06 0001000|0000110|10100100101101|000111101000|1100001000|0000010110  0x101A92D1E8C2016
0x07 0001000|0000111|10100010000100|100000010001|1011101110|1101110011  0x101E884811BBB73
0x08 0001000|0001000|10011101111101|101111010010|1010111010|1110100110  0x102277DBD2AEBA6
0x09 0001000|0001001|10110110110001|110100010010|0001100101|1111010101  0x1026DB1D12197D5
0x0a 0001000|0001010|10110110010100|110100000111|0001010111|1111010010  0x102AD94D0715FD2
0x0b 0001000|0001011|10110110000111|110011101101|0001010000|1111001011  0x102ED87CED143CB
BX = 111 Event : 32
0x00 0001000|0000001|10111000000010|111110010101|0001110101|1111101001  0x1006E02F951D7E9
0x01 0001000|0000100|10101111111011|111101101101|1100110010|1111110001  0x1012BFBF6DCCBF1
0x02 0001000|0000101|10101100000011|111111111010|1011110101|0000000010  0x1016B03FFABD402
BX = 000 Event : 33
0x00 0001000|0000000|10100100010101|111100101010|1100110011|1111101101  0x1002915F2ACCFED
0x01 0001000|0000001|10100010110011|001011111000|1011010010|0000111110  0x10068B32F8B483E
0x02 0001000|0000010|10111011010011|000001101010|0010010110|0000001101  0x100AED306A2580D
0x03 0001000|0000011|10110011011000|000001101110|0000011001|0000001110  0x100ECD806E0640E
0x04 0001000|0000101|10111111111011|000001101010|0011011111|0000001101  0x1016FFB06A37C0D
BX = 001 Event : 34
0x00 0001000|0000000|10101001111111|101000011010|1101110111|1110001001  0x1002A7FA1ADDF89
0x01 0001000|0000001|10100000101000|101100000011|1011010101|1110101001  0x1006828B03B57A9
0x02 0001000|0000010|10111000001100|000010100101|0001001000|0000011000  0x100AE0C0A512018
0x03 0001000|0000011|10101111111111|000001001111|1111011000|0000000110  0x100EBFF04FF6006
0x04 0001000|0000100|10111001011011|000001101001|0001101110|0000001001  0x1012E5B0691B809
0x05 0001000|0001001|10111110101000|100111101110|0001010011|1110001110  0x1026FA89EE14F8E
BX = 010 Event : 35
0x00 0001000|0000000|10110101010111|011010011011|0010110100|0001111000  0x1002D5769B2D078
0x01 0001000|0000001|10110100011010|000011001101|0010001100|0000010111  0x1006D1A0CD23017
0x02 0001000|0000010|10111100111010|111110011010|0100010010|1111110001  0x100AF3AF9A44BF1
0x03 0001000|0000011|10101000110111|001111100010|1101001001|0001000101  0x100EA373E2D2445
0x04 0001000|0000100|10100010101110|011011000001|1010101010|0001111101  0x10128AE6C1AA87D
0x05 0001000|0000110|10101111011011|000100101001|1100001100|0000011101  0x101ABDB129C301D
0x06 0001000|0000111|10110100100011|000100011111|1110110000|0000011010  0x101ED2311FEC01A
BX = 011 Event : 36
0x00 0001000|0000000|10110000100101|100110000000|0010010010|1110010101  0x1002C2598024B95
0x01 0001000|0000010|10111011011111|111100111101|0010111100|0000000000  0x100AEDFF3D2F000
0x02 0001000|0000100|10100101000111|101011010110|1010011011|1110011001  0x1012947AD6A6F99
BX = 100 Event : 37
0x00 0001000|0000000|10110100001001|100110010010|0001011000|1101111111  0x1002D099921637F
0x01 0001000|0000001|10100100001010|101111000111|1011011100|1110101010  0x100690ABC7B73AA
0x02 0001000|0000010|10110010010101|011011101010|1110100001|0001110010  0x100AC956EAE8472
0x03 0001000|0000100|10111111001110|111101011100|0001101001|0000000110  0x1012FCEF5C1A406
0x04 0001000|0000101|10111110011111|111101011010|0001011101|0000000110  0x1016F9FF5A17406
BX = 101 Event : 38
0x00 0001000|0000001|10110100111010|111000101111|0011010001|1111100000  0x1006D3AE2F347E0
0x01 0001000|0000110|10111010001100|110100101111|1111111100|1111000110  0x101AE8CD2FFF3C6
BX = 110 Event : 39
0x00 0001000|0000000|10101110010000|111011111100|0000100010|1111101001  0x1002B90EFC08BE9
0x01 0001000|0000001|10110011000010|000001100010|0001101101|0000010101  0x1006CC20621B415
0x02 0001000|0000010|10110010101011|000010010110|0001100111|0000011011  0x100ACAB09619C1B
0x03 0001000|0000011|10110101110101|111111101101|0011000110|1111110111  0x100ED75FED31BF7
0x04 0001000|0000100|10110101101011|000000011001|0011000100|1111111101  0x1012D6B019313FD
0x05 0001000|0000101|10110011010000|111111010111|0001110100|1111110010  0x1016CD0FD71D3F2
0x06 0001000|0000110|10110011011000|000000001000|0001110110|1111111000  0x101ACD80081DBF8
0x07 0001000|0000111|10100000110001|111011100010|1011010001|1111100100  0x101E831EE2B47E4
0x08 0001000|0001000|10100110100001|111011101100|1100101010|1111100101  0x10229A1EECCABE5
0x09 0001000|0001001|10101011010100|000001010011|1101110101|0000010001  0x1026AD4053DD411
0x0a 0001000|0001010|10101011011100|000010000100|1101110111|0000010111  0x102AADC084DDC17
0x0b 0001000|0001011|10101111100001|000000010011|1111111100|0000000001  0x102EBE1013FF001
0x0c 0001000|0001100|10101111101001|000001000100|1111111110|0000000111  0x1032BE9044FF807
0x0d 0001000|0001101|10111011100111|000001000100|0001110100|0000001111  0x1036EE70441D00F
0x0e 0001000|0001110|10111011100111|000010000100|0001110100|0000010111  0x103AEE70841D017
0x0f 0001000|0010001|10101101101011|001110010100|1101111001|0001010010  0x1046B6B394DE452
0x10 0001000|0010110|10111010110110|010101011011|1111000110|0001110010  0x105AEB655BF1872
BX = 111 Event : 40
0x00 0001000|0000000|10101001100100|011000100100|0000000000|0001101110  0x1002A646240006E
0x01 0001000|0000001|10101001100010|011001001001|0000000000|0001110011  0x1006A6264900073
0x02 0001000|0000010|10101100101110|011001101110|0000110111|0001111000  0x100AB2E66E0DC78
0x03 0001000|0000011|10101111010101|000000111010|0000010011|0000000100  0x100EBD503A04C04
0x04 0001000|0000100|10110001100100|000000010100|0001011011|1111111011  0x1012C6401416FFB
0x05 0001000|0000101|10110110101101|111010011010|0010110110|1111101010  0x1016DADE9A2DBEA
0x06 0001000|0001000|10100100001011|000001000111|1010101110|0000001000  0x102290B047AB808
BX = 000 Event : 41
0x00 0001000|0000000|10101101011111|001001111010|0000010110|0000101001  0x1002B5F27A05829
0x01 0001000|0000001|10101110001110|111101110001|0000011110|1111101101  0x1006B8EF7107BED
0x02 0001000|0000010|10101010001100|001011001010|1110100111|0000111110  0x100AA8C2CAE9C3E
0x03 0001000|0000011|10110111111011|100101101110|0010010101|1110001001  0x100EDFB96E25789
0x04 0001000|0000100|10111000000001|100100101110|0010011001|1101110111  0x1012E0192E26777
0x05 0001000|0000101|10111000001000|111001001010|0000110011|1111100001  0x1016E08E4A0CFE1
0x06 0001000|0000111|10111001100110|000101000011|0000101000|0000100101  0x101EE661430A025
BX = 001 Event : 42
0x00 0001000|0000110|10110111100010|000010101100|1110111101|0000001011  0x101ADE20ACEF40B
0x01 0001000|0000111|10110111011110|000001111001|1110111011|1111111111  0x101EDDE079EEFFF
BX = 010 Event : 43
0x00 0001000|0000000|10100011110100|011000001000|1101110011|0001100000  0x10028F4608DCC60
0x01 0001000|0000001|10100100011110|010111101101|1110000111|0001011010  0x100691E5EDE1C5A
0x02 0001000|0000010|10110010101110|111010010110|0011000011|1111101101  0x100ACAEE9630FED
0x03 0001000|0000011|10101111001010|111001001100|0001010001|1111011010  0x100EBCAE4C147DA
0x04 0001000|0000100|10011111110100|100110110111|1011101011|1110000010  0x10127F49B7BAF82
0x05 0001000|0000101|10101101111011|111011111101|1111010011|1111100110  0x1016B7BEFDF4FE6
0x06 0001000|0000110|10100110110001|000011010110|1101100011|0000100000  0x101A9B10D6D8C20
0x07 0001000|0000111|10110000010000|000011100000|1111111000|0000100001  0x101EC100E0FE021
0x08 0001000|0001000|10101110000000|001101100100|1110111101|0001001101  0x1022B80364EF44D
0x09 0001000|0001100|10111101001000|100111011101|0001110101|1110001100  0x1032F489DD1D78C
0x0a 0001000|0001101|10101101110000|000010010000|1011111100|0000000001  0x1036B70090BF001
BX = 011 Event : 44
0x00 0001000|0000000|10100011011101|111100110100|1100110010|1111111100  0x10028DDF34CCBFC
0x01 0001000|0000011|10101000010001|011011010101|1100101000|0010001001  0x100EA116D5CA089
0x02 0001000|0000100|10101001010000|011010000100|1101001011|0001110011  0x1012A50684D2C73
0x03 0001000|0000101|10101000000001|101111001101|1101101001|1110101001  0x1016A01BCDDA7A9
0x04 0001000|0000110|10101100111100|010110000001|1101111011|0001011010  0x101AB3C581DEC5A
0x05 0001000|0000111|10110011000111|101010110000|0000100000|1110101101  0x101ECC7AB0083AD
0x06 0001000|0001000|10110011111000|101001110100|0000110111|1110011111  0x1022CF8A740DF9F
0x07 0001000|0001001|10110011011111|101100000000|0000101111|1110110011  0x1026CDFB000BFB3
0x08 0001000|0001010|10110100011000|101100000000|0001000000|1110110011  0x102AD18B00103B3
0x09 0001000|0001011|10100111101100|101001100101|1010100011|1110001101  0x102E9ECA65A8F8D
0x0a 0001000|0001100|10111011101001|101001011111|1111101111|1110001011  0x1032EE9A5FFBF8B
BX = 100 Event : 45
0x00 0001000|0000000|10100000011010|010001001000|1100000111|0001011100  0x100281A448C1C5C
0x01 0001000|0000001|10111100110010|111000001100|0011101100|1111011011  0x1006F32E0C3B3DB
0x02 0001000|0000010|10111100011001|101101001011|0011101010|1110101100  0x100AF19B4B3ABAC
0x03 0001000|0000100|10101000100110|000100110110|1011010010|0000011110  0x1012A26136B481E
0x04 0001000|0000101|10101000101010|000100101110|1011010011|0000011100  0x1016A2A12EB4C1C
0x05 0001000|0000110|10110111111110|000000010000|1111000110|0000010001  0x101ADFE010F1811
0x06 0001000|0000111|10110111101000|111101001100|1110111011|1111100010  0x101EDE8F4CEEFE2
BX = 101 Event : 46
0x00 0001000|0000000|10100100101010|000011010110|1110010100|0000000100  0x100292A0D6E5004
0x01 0001000|0000001|10101011111100|101011011011|1110111011|1110100010  0x1006AFCADBEEFA2
0x02 0001000|0000010|10101011101100|101100100101|1110110110|1110101100  0x100AAECB25EDBAC
0x03 0001000|0000011|10011111000001|101101010010|1011011000|1110110011  0x100E7C1B52B63B3
0x04 0001000|0000110|10101011110000|001111011001|1100100010|0001001000  0x101AAF03D9C8848
0x05 0001000|0000111|10110101111101|111111111110|1111001011|1111111111  0x101ED7DFFEF2FFF
0x06 0001000|0001000|10101001111100|101101111101|1010100100|1110111000  0x1022A7CB7DA93B8
0x07 0001000|0001001|10111101011000|000010101010|0001000001|0000010100  0x1026F580AA10414
0x08 0001000|0001010|10111110010100|000000100001|0001011110|1111110011  0x102AF9402117BF3
BX = 110 Event : 47
0x00 0001000|0000000|10110100101101|000111111111|0010011000|0000011101  0x1002D2D1FF2601D
0x01 0001000|0000001|10100101011011|001101110101|1110001101|0001010000  0x100695B375E3450
0x02 0001000|0000010|10101110111110|110110111010|0000111001|1111010011  0x100ABBEDBA0E7D3
0x03 0001000|0000011|10101111000010|110110111000|0000111011|1111010010  0x100EBC2DB80EFD2
0x04 0001000|0000100|10101001111101|000000011000|1110011110|0000000000  0x1012A7D018E7800
0x05 0001000|0000101|10100111100101|000100011011|1101111000|0000100000  0x10169E511BDE020
0x06 0001000|0000110|10101010110110|000100101110|1110101100|0000100010  0x101AAB612EEB022
0x07 0001000|0001000|10110110010100|000111110100|0010110100|0000011011  0x1022D941F42D01B
0x08 0001000|0001001|10111110010011|111000011000|0100100111|1111011110  0x1026F93E1849FDE
0x09 0001000|0001010|10111010110100|110011111000|0011110001|1110111011  0x102AEB4CF83C7BB
0x0a 0001000|0001011|10111110010111|111000010110|0100101001|1111011110  0x102EF97E164A7DE
0x0b 0001000|0001100|10111010110111|110011110111|0011110011|1110111011  0x1032EB7CF73CFBB
0x0c 0001000|0001101|10111010100101|110101000101|0011101001|1111010001  0x1036EA5D453A7D1
0x0d 0001000|0001110|10101010100110|001000101100|1101011111|0000100111  0x103AAA622CD7C27
0x0e 0001000|0001111|10011111111111|001100001111|1011011100|0000110101  0x103E7FF30FB7035
0x0f 0001000|0010000|10100100110101|000000011011|1011111011|0000000000  0x104293501BBEC00
0x10 0001000|0010001|10100010011100|000100011110|1011010101|0000100000  0x104689C11EB5420
0x11 0001000|0010010|10100101101111|000100110010|1100001001|0000100011  0x104A96F132C2423
0x12 0001000|0010011|10101100010100|001000100000|1101111111|0000100110  0x104EB14220DFC26
0x13 0001000|0010100|10111101111100|001111010010|0011011110|0001010000  0x1052F7C3D237850
0x14 0001000|0010101|10110011111101|001101001011|1111001001|0000111100  0x1056CFD34BF243C
0x15 0001000|0010110|10110111001101|001111000100|0000000000|0001001100  0x105ADCD3C40004C
0x16 0001000|0010111|10110111100101|001101000111|0001001111|0000111011  0x105EDE534713C3B
0x17 0001000|0011000|10111011101110|001110111101|0010010101|0001001010  0x1062EEE3BD2544A
0x18 0001000|0011001|10110001111000|001101001000|1101111011|0000111011  0x1066C78348DEC3B
0x19 0001000|0011010|10110100111100|001111001110|1110110101|0001001111  0x106AD3C3CEED44F
0x1a 0001000|0011011|10101100101000|111001011100|1101100000|1111101010  0x106EB28E5CD83EA
0x1b 0001000|0011110|10111011100111|001001010111|0001001011|0000011100  0x107AEE725712C1C
0x1c 0001000|0100111|10111111010010|001011110111|0011000001|0000101110  0x109EFD22F73042E
0x1d 0001000|0101000|10101101011111|111111101000|1100001101|1111111110  0x10A2B5FFE8C37FE
0x1e 0001000|0101001|10101101010100|111110100010|1100001000|1111101101  0x10A6B54FA2C23ED
0x1f 0001000|0101010|10101010100010|101101011100|1010100011|1110100010  0x10AAAA2B5CA8FA2
0x20 0001000|0101011|10110111101111|111011111000|1110101111|1111100001  0x10AEDEFEF8EBFE1
0x21 0001000|0101100|10111001110101|000100010101|1111010000|0000100100  0x10B2E75115F4024
0x22 0001000|0101110|10111001011111|000011001011|1111000101|0000010001  0x10BAE5F0CBF1411
0x23 0001000|0101111|10110100000100|000011111100|1101110001|0000010111  0x10BED040FCDC417
BX = 111 Event : 48
0x00 0001000|0000000|10101011110101|111000111010|1101011110|1111011100  0x1002AF5E3AD7BDC
BX = 000 Event : 49
0x00 0001000|0000000|10101000011011|010011101010|1111111110|0001011010  0x1002A1B4EAFF85A
0x01 0001000|0000001|10110010101111|111000110010|0010010100|1111010010  0x1006CAFE32253D2
0x02 0001000|0000010|10110010001110|111100000110|0010001100|1111101100  0x100AC8EF06233EC
0x03 0001000|0000011|10100111100001|000010000000|1111100100|0000011010  0x100E9E1080F901A
0x04 0001000|0000101|10110000100111|110001110101|0010011111|1111001001  0x1016C27C7527FC9
0x05 0001000|0001000|10101111110000|111101011000|1101100001|1111110101  0x1022BF0F58D87F5
0x06 0001000|0001001|10110101001011|000000111010|1110110110|0000010000  0x1026D4B03AED810
0x07 0001000|0001010|10110011011000|000001111011|1110011010|0000011000  0x102ACD807BE6818
0x08 0001000|0001011|10101110101001|111110110110|1011100110|1111101111  0x102EBA9FB6B9BEF
0x09 0001000|0001100|10101100110101|111111110110|1011001010|1111110111  0x1032B35FF6B2BF7
0x0a 0001000|0001110|10101110111111|111100010101|1011010011|1111111111  0x103ABBFF15B4FFF
0x0b 0001000|0010000|10111110010110|000001101011|0001000110|0000010110  0x1042F9606B11816
0x0c 0001000|0010001|10111001100100|000001110101|1111111011|0000011000  0x1046E64075FEC18
0x0d 0001000|0010010|10111101011100|000010000100|0000110111|0000011010  0x104AF5C0840DC1A
0x0e 0001000|0010011|10110011000011|111111110001|1100101010|1111110110  0x104ECC3FF1CABF6
BX = 001 Event : 50
0x00 0001000|0000001|10100110111110|111110101100|1110111100|1111101001  0x10069BEFACEF3E9
0x01 0001000|0000010|10111100110110|000110101110|0001001010|0000011001  0x100AF361AE12819
0x02 0001000|0000011|10100110010010|010001101111|1010110001|0001001100  0x100E99246FAC44C
0x03 0001000|0000100|10100101001000|011110100010|1010011101|0010001011  0x10129487A2A748B
0x04 0001000|0000101|10101010110011|000010011101|1010110001|0000001000  0x1016AB309DAC408
0x05 0001000|0000110|10110000001101|000010010001|1101011100|0000000101  0x101AC0D091D7005
0x06 0001000|0001000|10110101000000|001000110010|1101001111|0000111010  0x1022D40232D3C3A
0x07 0001000|0001010|10111010010111|001000100100|1111111011|0000110110  0x102AE97224FEC36
BX = 010 Event : 51
0x00 0001000|0000000|10101100001000|000101001100|0001010100|0000010010  0x1002B0814C15012
0x01 0001000|0000001|10101100011000|000101001011|0001011011|0000010001  0x1006B1814B16C11
0x02 0001000|0000010|10101101101100|101010111100|0001001001|1110010101  0x100AB6CABC12795
0x03 0001000|0000011|10101101110100|101011100001|0001001101|1110100000  0x100EB74AE1137A0
0x04 0001000|0000100|10111100000111|111111101101|0100000000|0000000011  0x1012F07FED40003
0x05 0001000|0000101|10111100010010|000110010000|0101010110|0000101100  0x1016F121905582C
0x06 0001000|0000110|10111111011000|000111000011|0101011011|0000101011  0x101AFD81C356C2B
0x07 0001000|0000111|10111100000000|000011110100|0101001110|0000000111  0x101EF000F453807
0x08 0001000|0001000|10111100000010|000011110100|0101001110|0000000111  0x1022F020F453807
0x09 0001000|0001011|10110110110001|000100101011|0001001010|0000000101  0x102EDB112B12805
0x0a 0001000|0001100|10110001011010|000101011000|1111110110|0000001011  0x1032C5A158FD80B
0x0b 0001000|0001111|10101101001100|001001010000|1011110000|0000011001  0x103EB4C250BC019
0x0c 0001000|0010000|10101001110011|010000100100|1011111110|0001000001  0x1042A73424BF841
0x0d 0001000|0010001|10101101111001|000101000001|1011001110|0000001001  0x1046B79141B3809
0x0e 0001000|0010010|10110010110011|001101111000|1100101001|0001000111  0x104ACB3378CA447
0x0f 0001000|0010011|10110100100110|001101000101|1101101010|0000111000  0x104ED26345DA838
0x10 0001000|0010100|10111000010101|010101111001|1111101111|0001101110  0x1052E15579FBC6E
0x11 0001000|0010101|10110101111001|010101011011|1110011110|0001100110  0x1056D7955BE7866
BX = 011 Event : 52
0x00 0001000|0000000|10100100110000|111011010100|1011110111|1111101100  0x1002930ED4BDFEC
0x01 0001000|0000001|10111010111100|011110011110|0010010011|0010000011  0x1006EBC79E24C83
0x02 0001000|0000010|10111011111110|001011101110|0000110111|0001000111  0x100AEFE2EE0DC47
0x03 0001000|0000011|10100110011001|110001001110|1011011010|1110110101  0x100E999C4EB6BB5
0x04 0001000|0000100|10100110110010|110011000011|1011100001|1111000110  0x10129B2CC3B87C6
BX = 100 Event : 53
0x00 0001000|0000000|10100100110101|110101100000|1011000100|1111011000  0x1002935D60B13D8
BX = 101 Event : 54
0x00 0001000|0000000|10100110110001|000000010010|1101101010|0000000011  0x10029B1012DA803
0x01 0001000|0000001|10100101111101|000000010010|1101010000|0000000011  0x100697D012D4003
0x02 0001000|0000010|10111010110010|001100110000|0100101011|0000110110  0x100AEB23304AC36
0x03 0001000|0000011|10110000111001|000000111101|1101100000|0000000000  0x100EC3903DD8000
0x04 0001000|0000100|10101111100111|000001001101|1101001100|0000000010  0x1012BE704DD3002
0x05 0001000|0000101|10101000000011|000110111101|1011010110|0000101111  0x1016A031BDB582F
0x06 0001000|0000110|10100110101100|110000111010|1010100001|1110111101  0x101A9ACC3AA87BD
0x07 0001000|0000111|10111100100100|000111010110|0000010110|0000110010  0x101EF241D605832
BX = 110 Event : 55
0x00 0001000|0000000|10100001010000|111001010010|1100100000|1111010011  0x1002850E52C83D3
0x01 0001000|0000001|10100111101010|001001001100|1101100011|0000101111  0x10069EA24CD8C2F
0x02 0001000|0000010|10100110101001|001001111111|1101010011|0000110101  0x100A9A927FD4C35
0x03 0001000|0000011|10101011110110|001000011101|1111100100|0000100011  0x100EAF621DF9023
0x04 0001000|0000100|10101010110101|001001001111|1111010101|0000101001  0x1012AB524FF5429
0x05 0001000|0000101|10100100101101|000111101000|1100001000|0000010110  0x101692D1E8C2016
BX = 111 Event : 56
0x00 0001000|0000000|10111000100110|111101110111|0100011011|1111110111  0x1002E26F7746FF7
0x01 0001000|0000001|10111001000010|000001000101|0100100010|0000010000  0x1006E4204548810
0x02 0001000|0000010|10111110010100|011111111101|0101001010|0010000110  0x100AF947FD52886
0x03 0001000|0000011|10011100001000|111111001110|1010110000|0000000100  0x100E708FCEAC004
0x04 0001000|0000100|10011111101001|111100011101|1011100110|1111101111  0x10127E9F1DB9BEF
0x05 0001000|0000101|10101110010001|000001011101|1111001010|0000010110  0x1016B9105DF2816
0x06 0001000|0000110|10101010110100|111111010001|1101011011|1111110011  0x101AAB4FD1D6FF3
0x07 0001000|0000111|10100000010100|000001111000|1010111001|0000000111  0x101E814078AE407
0x08 0001000|0001000|10100100111010|000100100101|1100000000|0000011100  0x102293A125C001C
0x09 0001000|0001001|10100010101001|000000101000|1011111111|1111110100  0x10268A9028BFFF4
0x0a 0001000|0001010|10100111001000|000011011101|1101000110|0000001010  0x102A9C80DDD180A
0x0b 0001000|0001011|10110001000101|000010001000|1111110110|0000011011  0x102EC45088FD81B
0x0c 0001000|0001100|10101101100111|111111111100|1110000111|1111111000  0x1032B67FFCE1FF8
0x0d 0001000|0001101|10111000111111|000000001100|0000111001|1111111010  0x1036E3F00C0E7FA
0x0e 0001000|0001110|10110001101010|000000100001|1111000110|1111111101  0x103AC6A021F1BFD
0x0f 0001000|0001111|10110110101011|000000100101|0000010101|1111111101  0x103EDAB025057FD
0x10 0001000|0010000|10111000011100|000101101001|0000110000|0000100101  0x1042E1C1690C025
0x11 0001000|0010001|10111111101011|111111001010|0100001110|1111101010  0x1046FEBFCA43BEA
0x12 0001000|0010010|10111111100111|000100101000|0100001101|0000010101  0x104AFE712843415
0x13 0001000|0010011|10111011011101|111111101111|0001011111|1111110111  0x104EEDDFEF17FF7
0x14 0001000|0010100|10111110000000|000011110100|0010000111|0000010110  0x1052F800F421C16
0x15 0001000|0010101|10111101011101|000101100011|0001111111|0000100100  0x1056F5D1631FC24
0x16 0001000|0010111|10101111010100|000001001010|1100101001|1111111000  0x105EBD404ACA7F8
BX = 000 Event : 57
0x00 0001000|0000000|10100100010101|111100101010|1100110011|1111101101  0x1002915F2ACCFED
0x01 0001000|0000001|10111101111101|000000001101|0101011110|1111110110  0x1006F7D00D57BF6
0x02 0001000|0000010|10111001100101|000000100001|0100011010|1111111001  0x100AE6502146BF9
0x03 0001000|0000011|10111101001100|000011101001|0101010010|0000010001  0x100EF4C0E954811
0x04 0001000|0000100|10100110100110|001100110001|1101000110|0001001100  0x10129A6331D184C
0x05 0001000|0000101|10111011010011|000001101010|0010010110|0000001101  0x1016ED306A2580D
0x06 0001000|0000110|10110011011000|000001101110|0000011001|0000001110  0x101ACD806E0640E
0x07 0001000|0001000|10111111111011|000001101010|0011011111|0000001101  0x1022FFB06A37C0D
0x08 0001000|0001010|10101100011110|100111001011|1100010010|1110001111  0x102AB1E9CBC4B8F
BX = 001 Event : 58
0x00 0001000|0000000|10101010010011|111100010110|1110101100|1111111000  0x1002A93F16EB3F8
0x01 0001000|0000001|10101010000001|111011111101|1101001100|1111011100  0x1006A81EFDD33DC
BX = 010 Event : 59
0x00 0001000|0000000|10100101110100|000111101011|1110110010|0000010011  0x10029741EBEC813
0x01 0001000|0000001|10101001100110|001000110001|1111111000|0000011110  0x1006A66231FE01E
0x02 0001000|0000010|10110101010111|011010011011|0010110100|0001111000  0x100AD5769B2D078
0x03 0001000|0000011|10110100010110|000011001101|0010001011|0000010111  0x100ED160CD22C17
0x04 0001000|0000100|10111010110010|101011001011|0100100000|1110110001  0x1012EB2ACB483B1
0x05 0001000|0000110|10111000000111|000011100101|0000100101|0000011000  0x101AE070E509418
0x06 0001000|0000111|10111000010011|000101001000|0000101000|0000100101  0x101EE131480A025
0x07 0001000|0001001|10101111001111|000011001000|1100001010|0000010001  0x1026BCF0C8C2811
0x08 0001000|0001010|10101111011011|000100101001|1100001100|0000011101  0x102ABDB129C301D
0x09 0001000|0001011|10110100010111|000010111110|1110101101|0000001111  0x102ED170BEEB40F
0x0a 0001000|0001100|10110100100011|000100011111|1110110000|0000011010  0x1032D2311FEC01A
BX = 011 Event : 60
0x00 0001000|0000000|10101101000110|000110000101|0000100110|0000101001  0x1002B4618509829
0x01 0001000|0000001|10101111110111|111010101011|1101001111|1111100111  0x1006BF7EABD3FE7
0x02 0001000|0000010|10110000000001|000010111100|1100000000|0000001100  0x100AC010BCC000C
0x03 0001000|0000011|10101011001110|000101100110|1010110110|0000100001  0x100EACE166AD821
0x04 0001000|0000100|10110010101100|000010011100|1101010101|0000000100  0x1012CAC09CD5404
0x05 0001000|0000101|10101110000001|000101000110|1100001100|0000011001  0x1016B81146C3019
0x06 0001000|0000110|10110000100011|000100111011|1101011001|0000010111  0x101AC2313BD6417
0x07 0001000|0000111|10110111011011|000001100100|1111101101|1111110110  0x101EDDB064FB7F6
0x08 0001000|0001000|10110011001000|000100001001|1110101001|0000001010  0x1022CC8109EA40A
0x09 0001000|0001011|10111111110110|010000101100|0000100000|0000111101  0x102EFF642C0803D
0x0a 0001000|0001100|10110000010001|000010011111|1100000100|0000001001  0x1032C1109FC1009
0x0b 0001000|0001101|10110000001001|000011000000|1100000010|0000001101  0x1036C090C0C080D
0x0c 0001000|0001110|10110010111011|000001111111|1101011001|0000000001  0x103ACBB07FD6401
0x0d 0001000|0001111|10110010110011|000010100000|1101010111|0000000101  0x103ECB30A0D5C05
0x0e 0001000|0010000|10110111100011|000001101000|1111101111|1111110110  0x1042DE3068FBFF6
BX = 100 Event : 61
0x00 0001000|0000000|10110110111010|011101001111|0011110000|0010001000  0x1002DBA74F3C088
0x01 0001000|0000001|10110110111001|011101001011|0011110000|0010001000  0x1006DB974B3C088
0x02 0001000|0000010|10100110010111|100110100101|1011111101|1110010101  0x100A9979A5BF795
0x03 0001000|0000011|10100101000010|100110010011|1011001110|1110010000  0x100E942993B3B90
0x04 0001000|0000100|10101110100000|010100100111|1101100000|0001101110  0x1012BA0527D806E
0x05 0001000|0000101|10101100101110|000000100101|1101111001|0000000010  0x1016B2E025DE402
0x06 0001000|0000110|10111001011010|000011110010|0001000011|0000011011  0x101AE5A0F210C1B
0x07 0001000|0000111|10101100001111|000101111111|1101110010|0000101100  0x101EB0F17FDC82C
0x08 0001000|0001001|10111101100011|001110111110|0001111001|0001001001  0x1026F633BE1E449
0x09 0001000|0001011|10101100100111|110111000110|1100000000|1111010111  0x102EB27DC6C03D7
0x0a 0001000|0001100|10101100100111|110111011011|1100000000|1111011001  0x1032B27DDBC03D9
0x0b 0001000|0001101|10110000010100|111010100001|1100111001|1111110010  0x1036C14EA1CE7F2
0x0c 0001000|0001110|10110001000100|111010000001|1101010010|1111101010  0x103AC44E81D4BEA
BX = 101 Event : 62
0x00 0001000|0000000|10100011110111|000001111110|1100110100|0000000011  0x10028F707ECD003
0x01 0001000|0000001|10100011000100|000010000111|1100101000|0000000100  0x10068C4087CA004
0x02 0001000|0000010|10100010000010|001000000111|1100011000|0000110011  0x100A882207C6033
0x03 0001000|0000011|10110110110111|001110011100|1111100111|0000111010  0x100EDB739CF9C3A
0x04 0001000|0000100|10111101111110|000010001011|0011001100|0000000100  0x1012F7E08B33004
0x05 0001000|0000110|10101101110001|001001010011|1100111001|0000100101  0x101AB71253CE425
0x06 0001000|0000111|10101010110101|001010110011|1011010010|0000111111  0x101EAB52B3B483F
0x07 0001000|0001000|10101010101001|001010101010|1011001011|0000111101  0x1022AA92AAB2C3D
0x08 0001000|0001001|10111101010100|001010011001|0000111111|0000101110  0x1026F542990FC2E
BX = 110 Event : 63
0x00 0001000|0000011|10101101101001|011000100001|1101101011|0001110010  0x100EB69621DAC72
0x01 0001000|0000100|10111110000110|000101000000|0011000100|0000001110  0x1012F861403100E
0x02 0001000|0000110|10101001000111|011000101110|1011011001|0001110101  0x101AA4762EB6475
0x03 0001000|0000111|10101001000110|011000110000|1011011001|0001110101  0x101EA46630B6475
BX = 111 Event : 64
0x00 0001000|0000000|10101100110110|000011101101|0000000000|0000001101  0x1002B360ED0000D
0x01 0001000|0000001|10101001100001|000011011110|1110010101|0000001001  0x1006A610DEE5409
0x02 0001000|0000101|10111110011101|001011001100|0101100010|0000111000  0x1016F9D2CC58838
0x03 0001000|0000111|10111100000111|010111010001|0010011001|0001101110  0x101EF075D12646E
0x04 0001000|0001000|10111111000101|100010110110|0011110010|1101111011  0x1022FC58B63CB7B
0x05 0001000|0001001|10111110111100|100010111100|0011110000|1101111100  0x1026FBC8BC3C37C
0x06 0001000|0001010|10111101110111|110010100000|0011000111|1111010010  0x102AF77CA031FD2
0x07 0001000|0001011|10101011101110|010100101111|1010011100|0001010100  0x102EAEE52FA7054
0x08 0001000|0001100|10101110000011|011000000010|1011000001|0001101111  0x1032B83602B046F
0x09 0001000|0001101|10101111110111|000110011100|1100010011|0000011011  0x1036BF719CC4C1B
0x0a 0001000|0001110|10101111111000|000110100000|1100010100|0000011100  0x103ABF81A0C501C
0x0b 0001000|0001111|10101001101101|001001001110|1010110100|0000110001  0x103EA6D24EAD031
0x0c 0001000|0010000|10111110000110|000101010100|1111110100|0000010010  0x1042F86154FD012
0x0d 0001000|0010001|10111000100110|000111111111|1110011101|0000100111  0x1046E261FFE7427
0x0e 0001000|0010010|10111101111100|000101011001|1111101111|0000010011  0x104AF7C159FBC13
0x0f 0001000|0010011|10111000100000|001000000000|1110011010|0000101000  0x104EE20200E6828
BX = 000 Event : 65
0x00 0001000|0000000|10100001100010|100010100111|1011010011|1101111011  0x10028628A7B4F7B
0x01 0001000|0000010|10101010010110|001110001001|1011110111|0001000101  0x100AA96389BDC45
0x02 0001000|0000011|10110011100010|010000100010|1110101101|0001001011  0x100ECE2422EB44B
0x03 0001000|0000100|10101010011000|000001010110|1011011000|0000001001  0x1012A98056B6009
0x04 0001000|0000101|10101011011010|000000110000|1011110111|0000000000  0x1016ADA030BDC00
0x05 0001000|0000111|10110110111110|111000011110|1110111100|1111010110  0x101EDBEE1EEF3D6
0x06 0001000|0001001|10110110011000|111000001011|1110101001|1111010001  0x1026D98E0BEA7D1
BX = 001 Event : 66
0x00 0001000|0000000|10100000000000|101000111111|1011101111|1110010110  0x1002800A3FBBF96
0x01 0001000|0000001|10111001100001|000011001111|0010110001|0000000000  0x1006E610CF2C400
0x02 0001000|0000011|10110001100010|001110000000|1100010111|0000110110  0x100EC62380C5C36
0x03 0001000|0000100|10110000011111|001101111010|1011110110|0000110101  0x1012C1F37ABD835
BX = 010 Event : 67
0x00 0001000|0000000|10101111000000|001011101100|0001110011|0000101000  0x1002BC02EC1CC28
0x01 0001000|0000001|10101111101101|010001111001|0000101000|0001000100  0x1006BED4790A044
0x02 0001000|0000010|10100100100111|010011111100|1101101000|0001010110  0x100A9274FCDA056
0x03 0001000|0000011|10101110110111|000101110100|0000110010|0000010111  0x100EBB71740C817
0x04 0001000|0000100|10111011010001|010001100101|0101001010|0001011011  0x1012ED14655285B
0x05 0001000|0000101|10110011010011|010001111010|0001100110|0001000100  0x1016CD347A19844
0x06 0001000|0000110|10110111100001|001100001010|0010111001|0001001000  0x101ADE130A2E448
0x07 0001000|0000111|10100000110000|010011001011|1011011111|0001000111  0x101E8304CBB7C47
0x08 0001000|0001000|10100010101101|111000111010|1100010011|1111011000  0x10228ADE3AC4FD8
0x09 0001000|0001001|10100001001010|111000001111|1011100010|1111001110  0x102684AE0FB8BCE
0x0a 0001000|0001010|10101001111001|000000011010|1101101001|0000001101  0x102AA7901ADA40D
0x0b 0001000|0001011|10100100110101|110110011001|1011011110|1111011111  0x102E935D99B7BDF
0x0c 0001000|0001100|10110000010110|111000101001|1111011011|1111011000  0x1032C16E29F6FD8
0x0d 0001000|0001101|10101111100110|110111110010|1111000010|1111001010  0x1036BE6DF2F0BCA
0x0e 0001000|0001110|10111110101110|111000001010|0011001011|1111011110  0x103AFAEE0A32FDE
0x0f 0001000|0001111|10111101110111|110110110011|0010110001|1111001001  0x103EF77DB32C7C9
0x10 0001000|0010000|10111110111010|110110100110|0011010001|1111000110  0x1042FBADA6347C6
0x11 0001000|0010001|10111111010001|000111100011|0011010000|0000101100  0x1046FD11E33402C
0x12 0001000|0010010|10111111010001|000111100001|0011010000|0000101011  0x104AFD11E13402B
0x13 0001000|0010100|10111100111000|100000000001|0010010011|1101110000  0x1052F3880124F70
0x14 0001000|0010101|10111100111010|100001000000|0010010011|1101111001  0x1056F3A84024F79
0x15 0001000|0010110|10111100001000|100000001110|0001111101|1101110010  0x105AF0880E1F772
0x16 0001000|0010111|10111100001101|100001000011|0001111110|1101111001  0x105EF0D8431FB79
0x17 0001000|0011001|10101101001000|001011110010|1011111111|0000111010  0x1066B482F2BFC3A
BX = 011 Event : 68
0x00 0001000|0000000|10100111110000|111111111101|1110110011|0000001011  0x10029F0FFDECC0B
0x01 0001000|0000001|10101010110111|111101111110|0000010011|1111101100  0x1006AB7F7E04FEC
0x02 0001000|0000010|10101010110000|111101111001|0000010000|1111101011  0x100AAB0F79043EB
0x03 0001000|0000011|10101010101010|111101111001|0000001101|1111101011  0x100EAAAF79037EB
0x04 0001000|0000100|10110001011000|101111101110|0010001111|1110101100  0x1012C58BEE23FAC
0x05 0001000|0000101|10101101011001|101111000101|0000000011|1110100001  0x1016B59BC500FA1
0x06 0001000|0000110|10111000110011|000000100000|0011101111|0000000000  0x101AE330203BC00
0x07 0001000|0000111|10111000101100|000000011011|0011101100|1111111111  0x101EE2C01B3B3FF
0x08 0001000|0001000|10111000011001|000000011000|0011100011|1111111110  0x1022E1901838FFE
0x09 0001000|0001001|10100111111000|111110001110|1100110010|1111111110  0x10269F8F8ECCBFE
0x0a 0001000|0001010|10101000100100|111100000010|1101000111|1111011100  0x102AA24F02D1FDC
0x0b 0001000|0001011|10101001011111|111011111101|1101100011|1111011011  0x102EA5FEFDD8FDB
0x0c 0001000|0001100|10101100010101|001011000011|1100110111|0000110010  0x1032B152C3CDC32
0x0d 0001000|0001101|10111100001011|111001010011|0010110100|1111011010  0x1036F0BE532D3DA
0x0e 0001000|0001110|10111101010000|000000010101|0011000101|0000010001  0x103AF5001531411
0x0f 0001000|0001111|10111001101000|111101110101|0001010101|1111101011  0x103EE68F75157EB
0x10 0001000|0010000|10111011111110|111110000011|0001111010|1111101100  0x1042EFEF831EBEC
0x11 0001000|0010001|10111010100100|111101110000|0001110010|1111101001  0x1046EA4F701CBE9
0x12 0001000|0010010|10111010100010|111101101111|0001110001|1111101001  0x104AEA2F6F1C7E9
0x13 0001000|0010011|10111100110101|111101111101|0010010101|1111101011  0x104EF35F7D257EB
0x14 0001000|0010100|10111010101010|111101010011|0001110101|1111100010  0x1052EAAF531D7E2
0x15 0001000|0011101|10101111110000|111110111001|1100000001|1111111001  0x1076BF0FB9C07F9
0x16 0001000|0011111|10111101001010|111111001000|1111011110|1111101101  0x107EF4AFC8F7BED
0x17 0001000|0100010|10110011000100|101101001000|1100111011|1110101100  0x108ACC4B48CEFAC
0x18 0001000|0100011|10110001010100|110000110101|1100010010|1110111001  0x108EC54C35C4BB9
0x19 0001000|0100100|10110011111001|110001100101|1100111111|1110111111  0x1092CF9C65CFFBF
0x1a 0001000|0100101|10110001101010|101111110101|1100011100|1110101001  0x1096C6ABF5C73A9
0x1b 0001000|0100110|10110100010111|110000101110|1101001110|1110110001  0x109AD17C2ED3BB1
0x1c 0001000|0100111|10110001111111|101111111100|1100100110|1110101011  0x109EC7FBFCC9BAB
0x1d 0001000|0101000|10110100011001|110000101110|1101001111|1110110001  0x10A2D19C2ED3FB1
BX = 100 Event : 69
0x00 0001000|0000000|10101001011010|110111110001|1111100000|1111010110  0x1002A5ADF1F83D6
0x01 0001000|0000001|10101001011010|110111110111|1111100000|1111010111  0x1006A5ADF7F83D7
0x02 0001000|0000010|10100110001010|101000111110|1011001001|1110011001  0x100A98AA3EB2799
0x03 0001000|0000101|10100110001010|101000111111|1011001000|1110011001  0x101698AA3FB2399
BX = 101 Event : 70
0x00 0001000|0000010|10101001101000|110111001110|1110111110|1111100010  0x100AA68DCEEFBE2
0x01 0001000|0000011|10101000001111|110110110111|1110001011|1111011011  0x100EA0FDB7E2FDB
0x02 0001000|0000100|10111000000111|110101001101|0010011000|1111001101  0x1012E07D4D263CD
0x03 0001000|0000110|10100011010100|110101001011|1011011010|1110111101  0x101A8D4D4BB6BBD
0x04 0001000|0000111|10100011100100|101000000101|1010111110|1110010010  0x101E8E4A05AFB92
0x05 0001000|0001000|10100001110010|110101110101|1010100011|1111001001  0x1022872D75A8FC9
0x06 0001000|0001001|10111111110001|001000100100|0011110101|0000100011  0x1026FF12243D423
0x07 0001000|0001100|10110010010100|111111101101|1101001110|0000000110  0x1032C94FEDD3806
0x08 0001000|0001101|10110001111001|111111111011|1101001000|0000001000  0x1036C79FFBD2008
0x09 0001000|0001110|10110011100100|111101100010|1101110101|1111100101  0x103ACE4F62DD7E5
0x0a 0001000|0001111|10110011000101|111101111001|1101101101|1111100111  0x103ECC5F79DB7E7
0x0b 0001000|0010000|10110010110111|000100100000|1101101010|0000011011  0x1042CB7120DA81B
0x0c 0001000|0010001|10111001010000|110110111100|1110010000|1111001110  0x1046E50DBCE43CE
BX = 110 Event : 71
0x00 0001000|0000000|10100100001101|000011110111|1101000100|0000000111  0x100290D0F7D1007
0x01 0001000|0000001|10111011010011|000110010001|0100010011|0000001100  0x1006ED319144C0C
0x02 0001000|0000010|10111100100110|000110001110|0100111011|0000001011  0x100AF2618E4EC0B
0x03 0001000|0000011|10011110011101|111000110111|1010110001|1111001101  0x100E79DE37AC7CD
0x04 0001000|0000100|10100111100001|111001011100|1100111101|1111010010  0x10129E1E5CCF7D2
0x05 0001000|0000101|10100100000110|111010100011|1100001000|1111011010  0x1016906EA3C23DA
0x06 0001000|0000110|10100011000010|000101100000|1100100000|0000100001  0x101A8C2160C8021
0x07 0001000|0000111|10101011111100|111010110100|1100111011|1111010111  0x101EAFCEB4CEFD7
0x08 0001000|0001000|10111001111101|001001001011|0001011010|0000110100  0x1022E7D24B16834
0x09 0001000|0001001|10110001110101|001000001111|1101011111|0000100101  0x1026C7520FD7C25
0x0a 0001000|0001010|10101110110011|000111000110|1100000001|0000010100  0x102ABB31C6C0414
0x0b 0001000|0001011|10101001011110|111100100000|1011101101|1111110010  0x102EA5EF20BB7F2
0x0c 0001000|0001100|10110010110111|001000011011|1101111110|0000101000  0x1032CB721BDF828
0x0d 0001000|0001101|10110001110101|001000001101|1101011110|0000100101  0x1036C7520DD7825
0x0e 0001000|0001110|10111000100100|111101011011|1111010111|1111111001  0x103AE24F5BF5FF9
BX = 111 Event : 72
0x00 0001000|0000000|10100110001001|010010011101|1110000100|0001011110  0x100298949DE105E
0x01 0001000|0000001|10100100101100|010010000000|1101101100|0001011010  0x100692C480DB05A
0x02 0001000|0000010|10110100011011|111101001100|0010111110|0000000011  0x100AD1BF4C2F803
0x03 0001000|0000011|10101001011000|000000111011|1111010110|1111110111  0x100EA5803BF5BF7
0x04 0001000|0000100|10110100000001|101000101110|0010100000|1110001111  0x1012D01A2E2838F
0x05 0001000|0000101|10100110000101|010100111110|1100000110|0001110000  0x101698553EC1870
0x06 0001000|0000110|10011111011001|010001101111|1010101001|0001010101  0x101A7D946FAA455
0x07 0001000|0000111|10100111000111|000010111001|1100111001|0000001011  0x101E9C70B9CE40B
0x08 0001000|0001000|10100011100010|000001011101|1100100010|1111111111  0x10228E205DC8BFF
0x09 0001000|0001001|10101001000101|000010110101|1101111000|0000001010  0x1026A450B5DE00A
0x0a 0001000|0001010|10100001100010|000001001101|1011100101|1111111011  0x102A86204DB97FB
0x0b 0001000|0001011|10100111001110|000010100110|1100111101|0000000110  0x102E9CE0A6CF406
0x0c 0001000|0001100|10110100000001|000100110010|0000000011|0000011010  0x1032D0113200C1A
0x0d 0001000|0001111|10111111101000|010001001100|0010100001|0001001110  0x103EFE844C2844E
0x0e 0001000|0010001|10110001010111|001111010111|1101110011|0001010011  0x1046C573D7DCC53
0x0f 0001000|0010010|10101100000001|010100101110|1100110000|0001011101  0x104AB0152ECC05D
0x10 0001000|0010011|10101001010000|111111100010|1011000000|0000001001  0x104EA50FE2B0009
BX = 000 Event : 73
0x00 0001000|0000000|10111001001101|110110010101|0100011101|1111001110  0x1002E4DD95477CE
0x01 0001000|0000001|10100111111100|111100000011|1011111100|1111100100  0x10069FCF03BF3E4
0x02 0001000|0000010|10110101011100|100101011111|1111011010|1110011000  0x100AD5C95FF6B98
0x03 0001000|0001001|10101010110101|001110110000|1010111110|0001000111  0x1026AB53B0AF847
0x04 0001000|0001101|10111001101000|001110110101|1110110100|0001001000  0x1036E683B5ED048
0x05 0001000|0001110|10110011101110|101101011001|1101000111|1110101010  0x103ACEEB59D1FAA
BX = 001 Event : 74
0x00 0001000|0000000|10011101101001|011100000100|1010111101|0010000000  0x1002769704AF480
0x01 0001000|0000001|10110001000100|010101000000|1111101010|0001010101  0x1006C44540FA855
0x02 0001000|0000110|10101011110101|000001110001|1011101110|0000001001  0x101AAF5071BB809
BX = 010 Event : 75
0x00 0001000|0000000|10111010100110|000101000111|0100010101|0000011001  0x1002EA614745419
0x01 0001000|0000001|10111010010111|000101000001|0100001101|0000010111  0x1006E9714143417
0x02 0001000|0000010|10110111110110|000100110010|0011000000|0000010100  0x100ADF613230014
0x03 0001000|0000100|10100011011010|001100110010|1011111100|0000101000  0x10128DA332BF028
0x04 0001000|0000101|10011111110110|010000001001|1010111101|0001000110  0x10167F6409AF446
0x05 0001000|0000110|10111001111101|001000111110|0001100100|0000101011  0x101AE7D23E1902B
0x06 0001000|0000111|10111111111110|000010111100|0011011101|0000010000  0x101EFFE0BC37410
0x07 0001000|0001000|10110000101001|001001100010|1101000011|0000110011  0x1022C29262D0C33
0x08 0001000|0001001|10110000110100|001001011000|1101001000|0000110001  0x1026C34258D2031
BX = 011 Event : 76
0x00 0001000|0000000|10101000101010|011011001111|1111011000|0001110011  0x1002A2A6CFF6073
0x01 0001000|0000001|10110111101000|110010011001|0010100000|1110111000  0x1006DE8C99283B8
0x02 0001000|0000010|10110100101101|110110000110|0001101011|1111011001  0x100AD2DD861AFD9
0x03 0001000|0000011|10110100101011|110110001010|0001101011|1111011010  0x100ED2BD8A1AFDA
0x04 0001000|0000100|10100110111100|000000011100|1011110000|1111110111  0x10129BC01CBC3F7
0x05 0001000|0000101|10110000100001|010000110000|1101111111|0001001110  0x1016C21430DFC4E
0x06 0001000|0000111|10111001011000|001000001110|0001010100|0000110111  0x101EE5820E15037
0x07 0001000|0001000|10100101111111|001100010000|1010101111|0000111000  0x102297F310ABC38
0x08 0001000|0001001|10110000101101|010000101101|1110000101|0001001101  0x1026C2D42DE144D
0x09 0001000|0001011|10101001100100|101011001001|1011010001|1110011011  0x102EA64AC9B479B
0x0a 0001000|0001100|10101001100100|101011001010|1011010001|1110011011  0x1032A64ACAB479B
BX = 100 Event : 77
0x00 0001000|0000000|10111011100010|001110001110|0011110001|0001001110  0x1002EE238E3C44E
0x01 0001000|0000100|10110010000011|001100101011|1111001010|0000110110  0x1012C8332BF2836
0x02 0001000|0000101|10101111100111|001100110010|1110100001|0000110111  0x1016BE7332E8437
0x03 0001000|0000110|10110011000111|001100011111|1111101011|0000110011  0x101ACC731FFAC33
0x04 0001000|0000111|10110000000111|001100101010|1110110100|0000110101  0x101EC0732AED035
0x05 0001000|0001000|10101000101000|001100000010|1010011101|0000101000  0x1022A28302A7428
0x06 0001000|0001001|10100110010010|111110110011|1010101101|1111111010  0x1026992FB3AB7FA
0x07 0001000|0001010|10100110010010|111110110101|1010101101|1111111011  0x102A992FB5AB7FB
0x08 0001000|0001011|10101010111111|100101111011|1011100100|1110001000  0x102EABF97BB9388
BX = 101 Event : 78
0x00 0001000|0000000|10100110001111|111010000111|1110101010|1111101100  0x100298FE87EABEC
0x01 0001000|0000001|10101000011111|111010000111|1111001101|1111101100  0x1006A1FE87F37EC
0x02 0001000|0000010|10101101100010|110011101001|0001001111|1110111010  0x100AB62CE913FBA
0x03 0001000|0000011|10101101011001|110101101101|0001001100|1111001100  0x100EB59D6D133CC
0x04 0001000|0000100|10111111111001|111001010110|0100111001|1111100110  0x1012FF9E564E7E6
0x05 0001000|0000101|10100001111001|111001001101|1100011111|1111011110  0x1016879E4DC7FDE
0x06 0001000|0000110|10100100001011|111001001101|1101000011|1111011110  0x101A90BE4DD0FDE
0x07 0001000|0000111|10100001111000|111000011111|1100011110|1111010010  0x101E878E1FC7BD2
0x08 0001000|0001000|10100100001001|111000011111|1101000010|1111010010  0x1022909E1FD0BD2
0x09 0001000|0001001|10111011111010|111000011100|0010111010|1111011000  0x1026EFAE1C2EBD8
0x0a 0001000|0001010|10111011100100|110111101110|0010101111|1111001100  0x102AEE4DEE2BFCC
0x0b 0001000|0001111|10110011001100|001100010011|1101001000|0000101100  0x103ECCC313D202C
0x0c 0001000|0010000|10110100101110|001011111110|1110000001|0000100110  0x1042D2E2FEE0426
0x0d 0001000|0010001|10110001100101|001011000000|1100101100|0000100000  0x1046C652C0CB020
0x0e 0001000|0010010|10111011110110|001011011000|1111011110|0000100100  0x104AEF62D8F7824
0x0f 0001000|0010011|10110101000000|111001110000|1100110101|1111100101  0x104ED40E70CD7E5
BX = 110 Event : 79
0x00 0001000|0000000|10111000111110|101101011001|0100010111|1110111001  0x1002E3EB5945FB9
0x01 0001000|0000001|10110011100010|101011110000|0001111010|1110100001  0x1006CE2AF01EBA1
0x02 0001000|0000010|10111000011111|101010011001|0100001111|1110100000  0x100AE1FA9943FA0
0x03 0001000|0000011|10110011110101|101000101011|0001111111|1110000101  0x100ECF5A2B1FF85
0x04 0001000|0000100|10101010101101|111010100100|1100110010|1111100101  0x1012AADEA4CCBE5
0x05 0001000|0000101|10110000101000|111011110000|1110010000|1111101111  0x1016C28EF0E43EF
0x06 0001000|0000110|10100111101111|111010001101|1011010111|1111100000  0x101A9EFE8DB5FE0
0x07 0001000|0000111|10101101100101|111011011000|1100110010|1111101001  0x101EB65ED8CCBE9
0x08 0001000|0001001|10111000111010|101011111001|0001010100|1110110101  0x1026E3AAF9153B5
0x09 0001000|0001010|10111010001101|101001000101|0001111101|1110001000  0x102AE8DA451F788
0x0a 0001000|0001011|10111101100001|000000110011|0001010000|0000000000  0x102EF6103314000
0x0b 0001000|0001100|10111110001000|000001010111|0001011001|0000000100  0x1032F8805716404
0x0c 0001000|0001101|10111001101001|000001100001|0000010011|0000000101  0x1036E6906104C05
0x0d 0001000|0001110|10100111110011|111011001010|1011011001|1111101111  0x103A9F3ECAB67EF
0x0e 0001000|0001111|10101101110000|111100010110|1100110111|1111111000  0x103EB70F16CDFF8
0x0f 0001000|0010000|10100111110000|111010001110|1011011000|1111100000  0x10429F0E8EB63E0
0x10 0001000|0010001|10101101101101|111011011010|1100110101|1111101010  0x1046B6DEDACD7EA
0x11 0001000|0010010|10101100000011|111010000000|1100000011|1111010100  0x104AB03E80C0FD4
0x12 0001000|0010011|10111010011001|000010101100|1111100110|0000011001  0x104EE990ACF9819
0x13 0001000|0010100|10110101110110|000010110110|1110011101|0000011010  0x1052D760B6E741A
0x14 0001000|0010101|10111011001011|000001000101|1111111110|0000000000  0x1056ECB045FF800
0x15 0001000|0010110|10110110101100|000001001111|1110111000|0000000001  0x105ADAC04FEE001
BX = 111 Event : 80
0x00 0001000|0000000|10101110001000|000010110110|0001011111|0000001111  0x1002B880B617C0F
0x01 0001000|0000001|10110101001000|000110110100|0011001100|0000101110  0x1006D481B43302E
0x02 0001000|0000010|10111110101100|000100101100|0101011111|0000011101  0x100AFAC12C57C1D
0x03 0001000|0000011|10101011100011|001000100111|1110000110|0000100000  0x100EAE3227E1820
0x04 0001000|0000100|10101010101110|001101100000|1101111000|0001001001  0x1012AAE360DE049
0x05 0001000|0000101|10100111001010|001110101010|1100111100|0001010011  0x10169CA3AACF053
0x06 0001000|0000110|10100110101100|111001100101|1101101111|1111011011  0x101A9ACE65DBFDB
0x07 0001000|0000111|10100110110000|111001101001|1101110000|1111011100  0x101E9B0E69DC3DC
0x08 0001000|0001000|10111111011001|000101000100|0011100100|0000100000  0x1022FD914439020
0x09 0001000|0001001|10111111100101|000101001101|0011100111|0000100001  0x1026FE514D39C21
0x0a 0001000|0001100|10111000000110|111100001111|1111000101|0000000001  0x1032E06F0FF1401
0x0b 0001000|0001101|10111110010011|000110000000|0000100110|0000101000  0x1036F9318009828
0x0c 0001000|0001110|10111110111011|000100101100|0000111010|0000010100  0x103AFBB12C0E814
BX = 000 Event : 81
0x00 0001000|0000000|10100100011111|110001011101|1101101011|1110101100  0x100291FC5DDAFAC
0x01 0001000|0000001|10100101110111|110100010111|1110000000|1111000011  0x1006977D17E03C3
0x02 0001000|0000010|10100101101100|110100000101|1101111010|1110111101  0x100A96CD05DEBBD
0x03 0001000|0000011|10110100100101|111011111100|0001100110|1111111110  0x100ED25EFC19BFE
0x04 0001000|0000100|10110100010110|111011100010|0001011111|1111111000  0x1012D16EE217FF8
0x05 0001000|0000101|10111101110011|111111100011|0011101001|1111110101  0x1016F73FE33A7F5
0x06 0001000|0000110|10101000000110|001000100111|1011000001|0000100001  0x101AA06227B0421
0x07 0001000|0000111|10101011111001|001110011100|1011011101|0000111010  0x101EAF939CB743A
0x08 0001000|0001000|10101010100110|001110000000|1010110101|0000110011  0x1022AA6380AD433
0x09 0001000|0001001|10101011010111|010101010110|1010101100|0001100001  0x1026AD7556AB061
0x0a 0001000|0001010|10111011010001|101000010101|1111111110|1110000100  0x102AED1A15FFB84
BX = 001 Event : 82
0x00 0001000|0000000|10101111110111|111001010101|0001101001|1111011100  0x1002BF7E551A7DC
0x01 0001000|0000001|10110011001110|110010111100|0000111000|1110110010  0x1006CCECBC0E3B2
0x02 0001000|0000011|10110000111001|100100011000|1110110000|1101110000  0x100EC39918EC370
0x03 0001000|0000100|10111001001110|101010111001|0001000111|1110101011  0x1012E4EAB911FAB
0x04 0001000|0000111|10111101000011|100101011101|0001100011|1110010101  0x101EF4395D18F95
0x05 0001000|0001000|10101010100110|000001111100|1010100011|0000011010  0x1022AA607CA8C1A
0x06 0001000|0001001|10101111110011|001101111001|1100111101|0001010000  0x1026BF3379CF450
0x07 0001000|0001010|10110111101110|111000110101|1101101111|1111010011  0x102ADEEE35DBFD3
BX = 010 Event : 83
0x00 0001000|0000000|10111100000110|011100001010|0101010011|0001111100  0x1002F0670A54C7C
0x01 0001000|0000001|10011110100100|101101101111|1010111111|1110111010  0x10067A4B6FAFFBA
0x02 0001000|0000010|10101011101011|111010111001|1101101111|1111101011  0x100AAEBEB9DBFEB
0x03 0001000|0000011|10101011111001|111101101101|1010100011|1111110101  0x100EAF9F6DA8FF5
0x04 0001000|0000100|10110001101001|111101010010|1101010011|1111101111  0x1012C69F52D4FEF
BX = 011 Event : 84
0x00 0001000|0000000|10101000010100|001100101010|1111011011|0001000000  0x1002A1432AF6C40
0x01 0001000|0000001|10101000001101|001100101100|1111011000|0001000001  0x1006A0D32CF6041
0x02 0001000|0000010|10011111011110|010101110010|1011101110|0001110010  0x100A7DE572BB872
0x03 0001000|0000011|10100000001001|010011011100|1100000101|0001001001  0x100E8094DCC1449
0x04 0001000|0000100|10100011011110|010110011000|1100111010|0001100001  0x10128DE598CE861
0x05 0001000|0000101|10100011011000|010110011011|1100111001|0001100010  0x10168D859BCE462
0x06 0001000|0000110|10100011100000|010110011000|1100111011|0001100001  0x101A8E0598CEC61
0x07 0001000|0000111|10100011011000|010110011010|1100111001|0001100001  0x101E8D859ACE461
0x08 0001000|0001000|10111010111000|101001100010|0100110101|1110011100  0x1022EB8A624D79C
0x09 0001000|0001001|10111010110110|101001100101|0100110101|1110011100  0x1026EB6A654D79C
0x0a 0001000|0001010|10111010111101|101001011111|0100110111|1110011011  0x102AEBDA5F4DF9B
0x0b 0001000|0001011|10111010111101|101001011111|0100111000|1110011011  0x102EEBDA5F4E39B
0x0c 0001000|0001100|10101111001000|111101100010|1110111000|1111111000  0x1032BC8F62EE3F8
0x0d 0001000|0001101|10101101010011|100010011001|1101000110|1110000001  0x1036B53899D1B81
0x0e 0001000|0010001|10101000000100|000111010001|1011001011|0000011110  0x1046A041D1B2C1E
0x0f 0001000|0010011|10111111110110|000101111111|0001011110|0000011111  0x104EFF617F1781F
0x10 0001000|0010101|10111100011101|000101110001|1111110101|0000011100  0x1056F1D171FD41C
0x11 0001000|0010110|10111100110000|000101110101|1111111001|0000011100  0x105AF30175FE41C
0x12 0001000|0010111|10111101000101|000100011111|0000001000|0000001000  0x105EF4511F02008
0x13 0001000|0011000|10111101010111|000100100011|0000001100|0000001000  0x1062F5712303008
0x14 0001000|0011001|10111101110010|000100011111|0000011110|0000001000  0x1066F7211F07808
0x15 0001000|0011010|10111110000100|000100100011|0000100010|0000001000  0x106AF8412308808
BX = 100 Event : 85
0x00 0001000|0000000|10111101111100|000111110001|0101000100|0000101101  0x1002F7C1F15102D
0x01 0001000|0000001|10100001010001|001001111111|1010111111|0000110000  0x100685127FAFC30
0x02 0001000|0000010|10100010000010|100110011000|1011101011|1110000101  0x100A882998BAF85
0x03 0001000|0000011|10110100010111|000101100111|0000010010|0000001011  0x100ED171670480B
0x04 0001000|0000100|10110100010101|000101011011|0000010001|0000001000  0x1012D1515B04408
0x05 0001000|0000101|10101011100001|100101111001|1011101100|1110001100  0x1016AE1979BB38C
0x06 0001000|0000110|10111011111101|101111101001|1110110011|1110110101  0x101AEFDBE9ECFB5
BX = 101 Event : 86
0x00 0001000|0000000|10101010100100|000000011010|1101010100|0000010000  0x1002AA401AD5010
BX = 110 Event : 87
0x00 0001000|0000000|10100110110010|111000101111|1101010100|1111010011  0x10029B2E2FD53D3
0x01 0001000|0000001|10100100001100|000000010001|1100101011|0000001110  0x100690C011CAC0E
0x02 0001000|0000110|10110010101010|101001000001|1110000000|1110000101  0x101ACAAA41E0385
0x03 0001000|0000111|10111000111101|111001001100|1110100101|1111100111  0x101EE3DE4CE97E7
BX = 111 Event : 88
0x00 0001000|0000000|10110100110000|000100110011|0011001001|0000010101  0x1002D3013332415
0x01 0001000|0000001|10110010011001|000111011001|0010100011|0000101001  0x1006C991D928C29
0x02 0001000|0000010|10101011110001|000111101000|0000111010|0000101011  0x100AAF11E80E82B
0x03 0001000|0000011|10101111100000|001000111111|0001110110|0000110110  0x100EBE023F1D836
0x04 0001000|0000100|10101111100000|001001010011|0001110110|0000111000  0x1012BE02531D838
0x05 0001000|0000101|10101110011111|000110101011|0000100110|0000011110  0x1016B9F1AB0981E
0x06 0001000|0000110|10100111110110|000110111011|1110111100|0000100000  0x101A9F61BBEF020
0x07 0001000|0000111|10101011010011|001000001110|1111110011|0000101010  0x101EAD320EFCC2A
0x08 0001000|0001000|10101011010011|001000100010|1111110011|0000101100  0x1022AD3222FCC2C
0x09 0001000|0001001|10111110000101|001000001110|0100011100|0000101010  0x1026F8520E4702A
0x0a 0001000|0001010|10101001000001|000110010011|1101110110|0000011000  0x102AA41193DD818
0x0b 0001000|0001011|10100101011111|000111110011|1100111111|0000100011  0x102E95F1F3CFC23
0x0c 0001000|0001100|10100101011111|001000000111|1100111111|0000100110  0x103295F207CFC26
0x0d 0001000|0001101|10101010101000|000110001110|1110101010|0000010110  0x1036AA818EEA816
0x0e 0001000|0001110|10100100000101|000110011110|1101000100|0000011000  0x103A90519ED1018
0x0f 0001000|0001111|10100111001110|000111101101|1101110101|0000100010  0x103E9CE1EDDD422
0x10 0001000|0010000|10100111001110|001000000010|1101110101|0000100101  0x10429CE202DD425
0x11 0001000|0010001|10111011101011|111101100101|0010100010|1111101010  0x1046EEBF6528BEA
0x12 0001000|0010010|10111000111110|000010001110|0001110111|0000001111  0x104AE3E08E1DC0F
0x13 0001000|0010011|10111000101100|000010101000|0001110011|0000010010  0x104EE2C0A81CC12
0x14 0001000|0010100|10111000010100|000111100111|0001100110|0000100010  0x1052E141E719822
0x15 0001000|0010101|10111101101010|000111011110|0010111001|0000100001  0x1056F6A1DE2E421
0x16 0001000|0010110|10110111111110|000111110010|0001100000|0000100011  0x105ADFE1F218023
0x17 0001000|0010111|10111001111100|000111100010|0010011001|0000100001  0x105EE7C1E226421
0x18 0001000|0011000|10111111011010|000111011001|0011101110|0000100000  0x1062FDA1D93B820
0x19 0001000|0011001|10111001101101|000111101101|0010010110|0000100010  0x1066E6D1ED25822
0x1a 0001000|0011010|10111001100100|100000001100|0010001100|1101110000  0x106AE6480C23370
0x1b 0001000|0011101|10110010100010|000111100110|1101100010|0000100010  0x1076CA21E6D8822
0x1c 0001000|0011110|10110010101010|000111100011|1101100100|0000100010  0x107ACAA1E3D9022
0x1d 0001000|0011111|10101110010100|001000010010|1100100001|0000101000  0x107EB94212C8428
0x1e 0001000|0100000|10110101000001|000111000110|1110110010|0000011010  0x1082D411C6EC81A
0x1f 0001000|0100001|10110000100010|000111001100|1101101100|0000011011  0x1086C221CCDB01B
0x20 0001000|0100010|10110101010100|000111000010|1110110111|0000011010  0x108AD541C2EDC1A
0x21 0001000|0100011|10110001000000|000111110000|1101110011|0000100000  0x108EC401F0DCC20
0x22 0001000|0100100|10101101101001|100010011001|1101000100|1101101010  0x1092B69899D136A
0x23 0001000|0100101|10111111011011|000110011100|0000110110|0000011010  0x1096FDB19C0D81A
0x24 0001000|0100110|10111110110010|000110011000|0000100010|0000011001  0x109AFB219808819
BX = 000 Event : 89
0x00 0001000|0000000|10100011101101|111011100010|1101101101|1111101100  0x10028EDEE2DB7EC
0x01 0001000|0000001|10100011100100|111100001011|1101101010|1111110001  0x10068E4F0BDABF1
0x02 0001000|0000010|10100110100100|111010011101|1111001011|1111010101  0x100A9A4E9DF2FD5
0x03 0001000|0000011|10101011101100|111111111001|0000011100|0000000000  0x100EAECFF907000
0x04 0001000|0000110|10011110100011|100001111000|1011010000|1101110010  0x101A7A3878B4372
0x05 0001000|0000111|10100011011101|100001111010|1101111010|1101110010  0x101E8DD87ADEB72
0x06 0001000|0001000|10011110100100|100001110010|1011010000|1101110000  0x10227A4872B4370
0x07 0001000|0001010|10101011110010|110000010101|1101110100|1111000100  0x102AAF2C15DD3C4
0x08 0001000|0001011|10111111111001|000000100110|0011101111|0000000000  0x102EFF90263BC00
0x09 0001000|0001101|10111111110111|000000100110|0011101110|0000000000  0x1036FF70263B800
0x0a 0001000|0001110|10111111111110|000000101000|0011110000|0000000000  0x103AFFE0283C000
0x0b 0001000|0010101|10110101110001|000110110100|1101110110|0000101110  0x1056D711B4DD82E
BX = 001 Event : 90
0x00 0001000|0000000|10100111000000|110010011011|1100010111|1111000111  0x10029C0C9BC5FC7
0x01 0001000|0000001|10100100110000|100001110110|1010110101|1101111000  0x1006930876AD778
0x02 0001000|0000010|10100101110011|000001110100|1010101100|0000000011  0x100A973074AB003
BX = 010 Event : 91
0x00 0001000|0000000|10100110001000|011110001010|1101100001|0001111011  0x100298878AD847B
0x01 0001000|0000010|10110101000011|111001101110|0011000001|1111011111  0x100AD43E6E307DF
0x02 0001000|0000011|10101110000001|111100111100|0001010010|1111111000  0x100EB81F3C14BF8
0x03 0001000|0000100|10111011110011|110110001111|0100101011|1111000100  0x1012EF3D8F4AFC4
0x04 0001000|0000101|10100001000101|111101100100|1010110101|0000000011  0x1016845F64AD403
0x05 0001000|0000110|10100001001100|111101100011|1010111000|0000000010  0x101A84CF63AE002
0x06 0001000|0000111|10101110000101|110110111001|1110000011|1111001101  0x101EB85DB9E0FCD
0x07 0001000|0001000|10101011011111|111001000010|1100110011|1111101111  0x1022ADFE42CCFEF
0x08 0001000|0001001|10101011100010|111000110100|1100110101|1111101011  0x1026AE2E34CD7EB
0x09 0001000|0001010|10111101000011|111100110111|0001110001|1111111101  0x102AF43F371C7FD
0x0a 0001000|0001011|10111110000100|111100110101|0010010010|1111111100  0x102EF84F3524BFC
0x0b 0001000|0001101|10111011010101|111011001101|0000111010|1111100010  0x1036ED5ECD0EBE2
0x0c 0001000|0001110|10111101011001|111100010101|0001011010|1111101011  0x103AF59F1516BEB
0x0d 0001000|0001111|10101011111010|111000111100|1011111111|1111011001  0x103EAFAE3CBFFD9
0x0e 0001000|0010000|10101100111001|000110100100|1010110111|0000100101  0x1042B391A4ADC25
0x0f 0001000|0010001|10101101010101|000101101010|1011000100|0000011000  0x1046B5516AB1018
0x10 0001000|0010010|10101111100001|000100101111|1100000111|0000001001  0x104ABE112FC1C09
0x11 0001000|0010011|10110011001001|000100101001|1101110110|0000001000  0x104ECC9129DD808
0x12 0001000|0010100|10110110111100|111100010000|1110101101|1111110011  0x1052DBCF10EB7F3
0x13 0001000|0010101|10111001000010|111101011001|1111001110|1111111100  0x1056E42F59F3BFC
0x14 0001000|0010110|10111000010011|111011010010|1111011001|1111100011  0x105AE13ED2F67E3
0x15 0001000|0010111|10111010011000|111100011010|1111111001|1111101100  0x105EE98F1AFE7EC
0x16 0001000|0011000|10111011110001|111011000101|0001001000|1111100000  0x1062EF1EC5123E0
0x17 0001000|0011001|10111101110110|111100001110|0001101000|1111101001  0x1066F76F0E1A3E9
0x18 0001000|0011010|10110111100001|000101100111|1101011100|0000011110  0x106ADE1167D701E
0x19 0001000|0011011|10111000001000|000100101100|1101101110|0000010000  0x106EE0812CDB810
0x1a 0001000|0011100|10111010001000|000011110010|1110101100|0000000010  0x1072E880F2EB002
0x1b 0001000|0011101|10111101101110|000011101101|0000011100|0000000001  0x1076F6E0ED07001
BX = 011 Event : 92
0x00 0001000|0000000|10100010111111|111100100100|1101100101|1111111100  0x10028BFF24D97FC
0x01 0001000|0000001|10100111000100|111101000011|1110100101|1111111111  0x10069C4F43E97FF
0x02 0001000|0000010|10100011011101|111100110100|1100110010|1111111100  0x100A8DDF34CCBFC
0x03 0001000|0000101|10101000010001|011011010101|1100101000|0010001001  0x1016A116D5CA089
0x04 0001000|0000110|10101001010000|011010000100|1101001011|0001110011  0x101AA50684D2C73
0x05 0001000|0000111|10100000101101|111100110110|1011011011|1111111100  0x101E82DF36B6FFC
0x06 0001000|0001000|10101100111100|010110000001|1101111011|0001011010  0x1022B3C581DEC5A
0x07 0001000|0001001|10110011000111|101010110000|0000100000|1110101101  0x1026CC7AB0083AD
0x08 0001000|0001010|10110011111101|101001110100|0000111001|1110011111  0x102ACFDA740E79F
0x09 0001000|0001011|10110100011100|101100000000|0001000010|1110110011  0x102ED1CB0010BB3
0x0a 0001000|0001100|10100111101100|101001100101|1010100011|1110001101  0x10329ECA65A8F8D
0x0b 0001000|0001101|10111100010101|111100100001|0000010001|1111111000  0x1036F15F21047F8
0x0c 0001000|0001110|10111100101011|111100100100|0000010110|1111111000  0x103AF2BF2405BF8
0x0d 0001000|0001111|10111011101001|101001011111|1111101111|1110001011  0x103EEE9A5FFBF8B
BX = 100 Event : 93
0x00 0001000|0000001|10100110111110|111110101100|1110111100|1111101001  0x10069BEFACEF3E9
0x01 0001000|0000010|10111101000101|011010111010|0100110101|0001101101  0x100AF456BA4D46D
0x02 0001000|0000011|10011111000000|111110110110|1010111111|1111101100  0x100E7C0FB6AFFEC
0x03 0001000|0000101|10111100110110|000110101110|0001001010|0000011001  0x1016F361AE12819
0x04 0001000|0000110|10100110010010|010001101111|1010110001|0001001100  0x101A99246FAC44C
0x05 0001000|0000111|10100101000100|011110100010|1010011011|0010001011  0x101E9447A2A6C8B
0x06 0001000|0001001|10110101000000|001000110010|1101001111|0000111010  0x1026D40232D3C3A
BX = 101 Event : 94
0x00 0001000|0000000|10100100101010|000011010110|1110010100|0000000100  0x100292A0D6E5004
0x01 0001000|0000001|10011111000001|101101010010|1011011000|1110110011  0x10067C1B52B63B3
0x02 0001000|0000010|10100110011001|101101100101|1101011001|1110110101  0x100A999B65D67B5
0x03 0001000|0000100|10111001111011|111000111101|0001001100|1111101000  0x1012E7BE3D133E8
0x04 0001000|0000101|10110011101011|111011110110|0000011101|1111100101  0x1016CEBEF6077E5
0x05 0001000|0000111|10101011110000|001111011001|1100100010|0001001000  0x101EAF03D9C8848
0x06 0001000|0001000|10101100011010|111010111111|1100110100|1111010111  0x1022B1AEBFCD3D7
0x07 0001000|0001001|10101010010110|101000000000|1010101011|1110000011  0x1026A96A00AAF83
0x08 0001000|0001010|10110101010001|111001011101|1100110010|1111100110  0x102AD51E5DCCBE6
0x09 0001000|0001011|10111001001100|111000000011|1110110000|1111001111  0x102EE4CE03EC3CF
0x0a 0001000|0001100|10111101011000|000010101010|0001000001|0000010100  0x1032F580AA10414
0x0b 0001000|0001101|10111110010100|000000100001|0001011110|1111110011  0x1036F9402117BF3
BX = 110 Event : 95
0x00 0001000|0000001|10100100110000|111011010100|1011110111|1111101100  0x1006930ED4BDFEC
0x01 0001000|0000011|10111010111100|011110011110|0010010011|0010000011  0x100EEBC79E24C83
0x02 0001000|0000100|10110111001001|011110100101|0000011011|0010000100  0x1012DC97A506C84
0x03 0001000|0000101|10111001110010|011101101001|0001101111|0001110110  0x1016E727691BC76
0x04 0001000|0000110|10100110011001|110001001110|1011011010|1110110101  0x101A999C4EB6BB5
0x05 0001000|0000111|10110001011011|011111101011|1101100111|0010010110  0x101EC5B7EBD9C96
0x06 0001000|0001000|10111000111111|001111001001|1111100110|0001000001  0x1022E3F3C9F9841
BX = 111 Event : 96
0x00 0001000|0000000|10100110001001|000000001111|1101110010|0000001011  0x100298900FDC80B
0x01 0001000|0000001|10100001010110|000000011101|1100101000|0000001101  0x100685601DCA00D
BX = 000 Event : 97
0x00 0001000|0000000|10100100101011|000001011011|1101110111|0000000111  0x100292B05BDDC07
0x01 0001000|0000001|10100100110010|000001011010|1101111010|0000000110  0x100693205ADE806
0x02 0001000|0000010|10111011110100|001100011001|0011001111|0000111010  0x100AEF431933C3A
0x03 0001000|0000011|10111011000001|111110101011|0011011001|1111110001  0x100EEC1FAB367F1
0x04 0001000|0000100|10111010110011|111110101101|0011010001|1111110001  0x1012EB3FAD347F1
0x05 0001000|0000101|10111101100011|000110100010|0011101110|0000100000  0x1016F631A23B820
0x06 0001000|0000111|10100100100001|111111110001|1011001010|0000010001  0x101E921FF1B2811
0x07 0001000|0001000|10110010011010|110111111101|1110100110|1111010011  0x1022C9ADFDE9BD3
0x08 0001000|0001001|10110010011110|111100111110|1110100111|1111111010  0x1026C9EF3EE9FFA
0x09 0001000|0001010|10111111110010|000010101011|0100010011|0000011100  0x102AFF20AB44C1C
0x0a 0001000|0001011|10110000110111|101011010011|1110100110|1110101010  0x102EC37AD3E9BAA
0x0b 0001000|0001110|10110000110010|111000101101|1101110010|1111011110  0x103AC32E2DDCBDE
0x0c 0001000|0001111|10110000110110|111101101001|1101110010|0000000101  0x103EC36F69DC805
0x0d 0001000|0010000|10110010100011|111111111101|1101111001|1111110010  0x1042CA3FFDDE7F2
BX = 001 Event : 98
0x00 0001000|0000000|10101101011100|110110010011|1111101101|1111000111  0x1002B5CD93FB7C7
0x01 0001000|0000001|10101100000101|111001011000|1111011000|1111100000  0x1006B05E58F63E0
0x02 0001000|0000010|10110000000100|111000101011|0000111111|1111101100  0x100AC04E2B0FFEC
0x03 0001000|0000011|10110011100101|110111101000|0010101100|1111011100  0x100ECE5DE82B3DC
0x04 0001000|0000100|10110001100010|111011000110|0010000111|1111111011  0x1012C62EC621FFB
0x05 0001000|0000101|10110100011100|110101010101|0001011100|1111000000  0x1016D1CD55173C0
0x06 0001000|0000110|10111111101101|110010011100|0101000010|1110111001  0x101AFEDC9C50BB9
0x07 0001000|0000111|10110110101000|111000001100|0010100000|1111101100  0x101EDA8E0C283EC
0x08 0001000|0001001|10111111101000|110010011111|0101000000|1110111001  0x1026FE8C9F503B9
0x09 0001000|0001010|10110111011101|110111101010|0010111001|1111100100  0x102ADDDDEA2E7E4
0x0a 0001000|0001110|10100100010011|110110101000|1011010100|1111001101  0x103A913DA8B53CD
0x0b 0001000|0001111|10100111100110|111010000010|1100000111|1111100111  0x103E9E6E82C1FE7
0x0c 0001000|0010001|10111000111011|110100110111|0001101100|1111011111  0x1046E3BD371B3DF
0x0d 0001000|0010010|10110111110000|110011100101|0001000110|1111001010  0x104ADF0CE511BCA
BX = 010 Event : 99
0x00 0001000|0000000|10101110000011|001011010110|0000110001|0000110111  0x1002B832D60C437
0x01 0001000|0000001|10101111010001|001011010100|0001001000|0000110110  0x1006BD12D412036
0x02 0001000|0000011|10101011001011|100001110111|1110110110|1101101100  0x100EACB877EDB6C
0x03 0001000|0000100|10100010011111|001000001101|1010111111|0000101100  0x101289F20DAFC2C
0x04 0001000|0000101|10100010001001|001000011000|1010111001|0000101110  0x1016889218AE42E
0x05 0001000|0000110|10100010000011|000111111001|1010110001|0000100111  0x101A8831F9AC427
0x06 0001000|0000111|10100001101010|001000000011|1010101011|0000101001  0x101E86A203AAC29
0x07 0001000|0001000|10110101001001|000110110100|1111011011|0000010001  0x1022D491B4F6C11
0x08 0001000|0001001|10111000000101|000011111010|0001000101|0000001110  0x1026E050FA1140E
0x09 0001000|0001010|10111001000110|001001011110|0001010110|0000111010  0x102AE4625E1583A
0x0a 0001000|0001011|10110100110011|000011011011|1111100000|0000000111  0x102ED330DBF8007
0x0b 0001000|0001100|10101100110011|000011011011|1101100001|0000000111  0x1032B330DBD8407
0x0c 0001000|0001101|10101011011110|000100101101|1101001100|0000010001  0x1036ADE12DD3011
0x0d 0001000|0001110|10101001101011|000110011111|1100101111|0000011111  0x103AA6B19FCBC1F
0x0e 0001000|0001111|10110101110101|001001000000|1111110000|0000110011  0x103ED75240FC033
0x0f 0001000|0010000|10101100010100|000011000110|1101010010|0000000010  0x1042B140C6D4802
0x10 0001000|0010001|10101011000000|000100011000|1100111101|0000001100  0x1046AC0118CF40C
0x11 0001000|0010010|10101001001110|000110001100|1100100001|0000011010  0x104AA4E18CC841A
0x12 0001000|0010100|10110000001010|000110101110|1101000001|0000001111  0x1052C0A1AED040F
0x13 0001000|0010101|10101110111111|000111101001|1100011101|0000011110  0x1056BBF1E9C741E
BX = 011 Event : 100
0x00 0001000|0000000|10101010100001|011000011000|0000000100|0001110111  0x1002AA161801077
0x01 0001000|0000001|10101111110101|111111100101|0001010000|0000000000  0x1006BF5FE514000
0x02 0001000|0000010|10111100101101|001001001000|0100001000|0000110101  0x100AF2D24842035
0x03 0001000|0000100|10100111111001|111110010001|1101010001|1111101011  0x10129F9F91D47EB
0x04 0001000|0000101|10110100010001|001001000100|0000000100|0000110100  0x1016D1124401034
0x05 0001000|0000110|10110101011100|001000100101|0000101000|0000101100  0x101AD5C2250A02C
0x06 0001000|0000111|10110101010111|001000011111|0000100101|0000101011  0x101ED5721F0942B
0x07 0001000|0001010|10101011000001|001110100000|1011110000|0000111100  0x102AAC13A0BC03C
0x08 0001000|0001011|10111101110101|001101011000|0000110001|0000110011  0x102EF753580C433
