BX = 000 Event : 1
0x00 0100010|000|1|1011|00111|1 0x0886CF
0x01 0100101|100|1|1010|01100|1 0x096699
0x02 0100111|100|1|1000|10000|1 0x09E621
0x03 0101010|110|1|0101|10101|1 0x0AB56B
0x04 0110101|001|1|1000|01111|0 0x0D4E1E
BX = 001 Event : 2
0x00 0100000|001|1|1001|10011|1 0x080E67
0x01 0100001|001|1|1001|01110|1 0x084E5D
0x02 0100010|011|1|1010|10100|1 0x089EA9
0x03 0100011|011|1|1011|10100|1 0x08DEE9
0x04 0100100|011|1|1001|10000|1 0x091E61
0x05 0100101|011|1|1001|10011|1 0x095E67
0x06 0100110|011|1|1001|10011|1 0x099E67
0x07 0100111|100|1|0110|10011|1 0x09E5A7
0x08 0101000|100|1|0101|10011|1 0x0A2567
0x09 0101001|011|1|0100|11000|1 0x0A5D31
0x0a 0101100|100|1|0101|10101|1 0x0B256B
0x0b 0101101|100|1|0110|11000|1 0x0B65B1
0x0c 0101111|100|1|0101|10100|1 0x0BE569
0x0d 0110000|100|1|0110|10111|1 0x0C25AF
BX = 010 Event : 3
0x00 0001001|000|1|1011|01100|1 0x0246D9
0x01 0001010|000|1|1011|01100|1 0x0286D9
0x02 0001011|010|1|0111|10001|1 0x02D5E3
0x03 0001100|011|1|1010|10100|1 0x031EA9
0x04 0001110|011|1|0110|10110|1 0x039DAD
0x05 0001111|011|1|0101|11000|1 0x03DD71
0x06 0010000|011|1|0110|11010|1 0x041DB5
0x07 0010110|011|1|0100|11010|0 0x059D34
BX = 011 Event : 4
0x00 1100001|011|1|1011|01111|0 0x185EDE
0x01 1100010|011|1|1011|01111|0 0x189EDE
BX = 100 Event : 5
0x00 0111110|000|1|1011|10001|1 0x0F86E3
BX = 101 Event : 6
0x00 0110000|111|0|0101|01000|1 0x0C3951
0x01 0110001|100|1|0100|01111|1 0x0C651F
0x02 0110010|100|1|0100|01100|1 0x0CA519
0x03 0110011|100|1|0110|01101|1 0x0CE59B
0x04 0110100|100|1|0111|01101|1 0x0D25DB
0x05 0110110|010|1|0101|10001|1 0x0D9563
0x06 0110111|100|1|0100|01110|1 0x0DE51D
0x07 0111000|100|1|0100|01111|1 0x0E251F
0x08 0111001|100|1|0101|10001|1 0x0E6563
0x09 0111100|010|1|1010|10010|0 0x0F16A4
BX = 110 Event : 7
0x00 0011100|101|1|0100|10000|1 0x072D21
0x01 0011101|010|1|0110|01101|1 0x07559B
0x02 0011110|010|1|0101|01110|1 0x07955D
BX = 111 Event : 8
0x00 0001111|100|1|0100|01000|1 0x03E511
0x01 0011011|010|1|1010|01011|1 0x06D697
0x02 0011100|011|1|1000|01010|1 0x071E15
0x03 0011101|100|1|0100|10000|1 0x076521
0x04 0011110|100|1|0111|10000|1 0x07A5E1
0x05 0011111|011|1|1011|10001|1 0x07DEE3
0x06 0100000|100|1|0110|10001|1 0x0825A3
0x07 0100001|100|1|1011|10010|1 0x0866E5
0x08 0100010|101|1|0100|10001|1 0x08AD23
0x09 0100011|101|1|0101|10011|1 0x08ED67
0x0a 0100100|100|1|1011|10100|1 0x0926E9
0x0b 0100101|100|1|1011|10100|1 0x0966E9
0x0c 0100110|101|1|0100|10101|1 0x09AD2B
0x0d 0101000|101|1|0100|10110|1 0x0A2D2D
0x0e 0101111|100|1|1010|11010|0 0x0BE6B4
0x0f 0110000|101|1|0101|10101|0 0x0C2D6A
BX = 000 Event : 9
0x00 0110000|000|0|0001|01000|1 0x0C0051
0x01 0110001|000|0|0001|00110|1 0x0C404D
0x02 0111101|100|1|1011|01011|1 0x0F66D7
0x03 1000000|000|1|0111|10011|1 0x1005E7
0x04 1000001|000|1|0111|10011|1 0x1045E7
0x05 1000010|011|1|1001|11010|1 0x109E75
0x06 1000111|011|1|1011|11011|0 0x11DEF6
BX = 001 Event : 10
0x00 0001001|000|1|0100|10000|1 0x024521
0x01 0001010|010|1|1000|10011|1 0x029627
0x02 0001011|011|1|1010|11000|1 0x02DEB1
0x03 0001100|100|1|1001|10101|1 0x03266B
0x04 0101001|100|1|0100|10101|0 0x0A652A
BX = 010 Event : 11
0x00 0100101|101|1|0100|01000|1 0x096D11
0x01 0100110|100|1|1010|00110|1 0x09A68D
0x02 0101101|010|1|1010|10100|1 0x0B56A9
0x03 0110000|010|1|1010|10001|1 0x0C16A3
0x04 0110110|010|1|0111|11000|0 0x0D95F0
0x05 0110111|010|1|0110|11000|0 0x0DD5B0
BX = 011 Event : 12
0x00 0101010|100|1|0111|01000|1 0x0AA5D1
BX = 100 Event : 13
0x00 0010110|010|1|1010|00101|1 0x05968B
0x01 0100000|010|1|1010|01111|1 0x08169F
0x02 0100100|011|1|0111|10000|0 0x091DE0
BX = 101 Event : 14
0x00 0011101|001|1|1010|00101|1 0x074E8B
0x01 0101001|101|1|1011|10000|1 0x0A6EE1
0x02 0101010|010|1|0101|10010|1 0x0A9565
0x03 0101011|010|1|0100|10010|1 0x0AD525
BX = 110 Event : 15
0x00 0011010|101|1|0111|00101|1 0x06ADCB
0x01 0011101|101|1|0111|00101|1 0x076DCB
0x02 0100001|011|1|0111|01010|1 0x085DD5
0x03 0100011|100|1|0100|00111|1 0x08E50F
0x04 0100101|011|1|0111|01010|1 0x095DD5
0x05 0100111|100|1|0100|01000|1 0x09E511
0x06 0101001|011|1|1010|01000|1 0x0A5E91
0x07 0101011|011|1|1010|01000|1 0x0ADE91
0x08 0101100|000|1|0110|00111|1 0x0B058F
0x09 0101101|000|1|0110|00111|1 0x0B458F
0x0a 0111111|011|1|1010|01110|1 0x0FDE9D
0x0b 1000000|011|1|1010|01110|1 0x101E9D
0x0c 1000011|011|1|0100|01110|1 0x10DD1D
0x0d 1000101|011|1|1011|10011|1 0x115EE7
0x0e 1001010|011|1|0110|01110|0 0x129D9C
0x0f 1001011|100|1|0101|01000|0 0x12E550
BX = 111 Event : 16
0x00 0011010|000|1|1001|00110|1 0x06864D
0x01 0011100|100|1|1001|00110|1 0x07264D
0x02 0011101|100|1|1001|00110|1 0x07664D
0x03 0011110|111|0|0100|00110|1 0x07B90D
0x04 0011111|110|1|1011|00111|1 0x07F6CF
0x05 0100000|100|1|1011|01011|1 0x0826D7
0x06 0100001|100|1|1011|01011|1 0x0866D7
0x07 0100010|100|1|1001|01000|1 0x08A651
0x08 0101001|100|1|1001|01000|1 0x0A6651
0x09 0101010|100|1|1010|01100|1 0x0AA699
0x0a 0101011|011|1|1010|01011|1 0x0ADE97
0x0b 0101100|100|1|1000|01011|1 0x0B2617
0x0c 0101101|100|1|1010|01101|1 0x0B669B
0x0d 0101110|011|1|1010|01011|1 0x0B9E97
0x0e 0101111|100|1|1000|01011|1 0x0BE617
0x0f 0110000|100|1|1010|01101|1 0x0C269B
0x10 0110001|000|0|0011|01110|1 0x0C40DD
0x11 0111010|001|1|1010|01101|1 0x0E8E9B
0x12 0111011|001|1|1010|01100|1 0x0ECE99
0x13 0111100|001|1|1010|01100|1 0x0F0E99
0x14 1000000|100|1|1000|10111|1 0x10262F
0x15 1000001|010|1|0101|10111|1 0x10556F
0x16 1000010|001|1|0100|10101|1 0x108D2B
0x17 1000101|100|1|1001|01000|0 0x116650
BX = 000 Event : 17
0x00 0100011|100|1|0100|01001|1 0x08E513
0x01 0100100|100|1|0100|01001|1 0x092513
0x02 0100110|001|1|1010|01001|1 0x098E93
0x03 0101010|010|1|1000|01100|1 0x0A9619
0x04 0101011|010|1|0110|01101|1 0x0AD59B
0x05 0101100|010|1|0111|01100|1 0x0B15D9
0x06 0101101|010|1|0101|01101|1 0x0B555B
0x07 0110011|100|1|1001|11000|1 0x0CE671
0x08 0110100|100|1|1001|11000|1 0x0D2671
0x09 0111000|011|1|1010|01110|0 0x0E1E9C
0x0a 0111001|100|1|0110|10000|0 0x0E65A0
0x0b 1000011|100|1|1011|01010|0 0x10E6D4
0x0c 1000100|100|1|1011|01100|0 0x1126D8
0x0d 1000101|100|1|1011|01010|0 0x1166D4
0x0e 1000110|011|1|0100|01100|0 0x119D18
BX = 001 Event : 18
BX = 010 Event : 19
0x00 0110000|011|1|0101|10111|1 0x0C1D6F
0x01 0110001|011|1|0101|11001|1 0x0C5D73
0x02 0110010|010|1|1011|10110|1 0x0C96ED
0x03 0110011|010|1|1011|10110|1 0x0CD6ED
BX = 011 Event : 20
0x00 1000011|100|1|0111|00111|1 0x10E5CF
0x01 1000100|100|1|0111|00111|1 0x1125CF
0x02 1010000|100|1|0111|00111|1 0x1425CF
0x03 1010001|100|1|0111|00111|1 0x1465CF
0x04 1011000|001|1|1010|01110|1 0x160E9D
0x05 1011001|001|1|1010|01110|1 0x164E9D
0x06 1011010|001|1|1001|01101|1 0x168E5B
0x07 1011011|001|1|1001|01101|1 0x16CE5B
0x08 1100010|001|1|1001|10000|1 0x188E61
0x09 1100011|110|1|0101|10100|1 0x18F569
0x0a 1100100|101|1|1011|10011|1 0x192EE7
0x0b 1100101|110|1|0110|10111|1 0x1975AF
0x0c 1100110|110|1|0110|11000|1 0x19B5B1
0x0d 1100111|110|1|0110|10111|1 0x19F5AF
0x0e 1101000|110|1|0110|11011|1 0x1A35B7
0x0f 1101001|110|1|0110|11000|1 0x1A75B1
0x10 1101010|110|1|0110|11000|1 0x1AB5B1
0x11 1110111|001|1|1010|01111|0 0x1DCE9E
0x12 1111001|100|1|0110|00111|0 0x1E658E
BX = 100 Event : 21
0x00 0100110|011|1|0110|01010|1 0x099D95
0x01 0100111|011|1|0110|01100|1 0x09DD99
0x02 0101000|100|1|0111|01110|1 0x0A25DD
0x03 0101001|100|1|0111|01110|1 0x0A65DD
0x04 0101010|100|1|0111|01110|1 0x0AA5DD
0x05 0101111|100|1|1000|10000|1 0x0BE621
BX = 101 Event : 22
0x00 0110000|000|1|0110|10111|1 0x0C05AF
0x01 0110001|000|1|0111|10111|1 0x0C45EF
BX = 110 Event : 23
0x00 0110110|101|1|0110|00110|1 0x0DAD8D
0x01 0110111|101|1|0110|00110|1 0x0DED8D
0x02 0111000|000|1|1011|01001|1 0x0E06D3
0x03 0111001|001|1|1001|01000|1 0x0E4E51
0x04 0111011|010|1|0110|01011|1 0x0ED597
0x05 0111101|100|1|0101|10011|1 0x0F6567
0x06 0111110|100|1|0110|10011|1 0x0FA5A7
0x07 0111111|010|1|1010|11010|1 0x0FD6B5
0x08 1000110|101|1|0101|00110|0 0x11AD4C
0x09 1000111|101|1|0101|01000|0 0x11ED50
BX = 111 Event : 24
0x00 0101101|100|1|1001|10101|1 0x0B666B
0x01 0101111|011|1|0100|10110|1 0x0BDD2D
0x02 0110000|011|1|0100|10111|1 0x0C1D2F
BX = 000 Event : 25
0x00 0101111|101|1|1011|01000|1 0x0BEED1
0x01 0110000|000|0|0010|01000|1 0x0C0091
0x02 0110001|000|0|0010|00110|1 0x0C408D
0x03 0110010|010|1|0110|00111|1 0x0C958F
0x04 0110011|110|1|0100|01001|1 0x0CF513
0x05 0110111|011|1|0101|01011|1 0x0DDD57
0x06 0111100|100|1|1001|11000|1 0x0F2671
0x07 0111101|011|1|0100|11001|1 0x0F5D33
0x08 0111110|100|1|0110|10101|1 0x0FA5AB
0x09 0111111|100|1|0110|10110|1 0x0FE5AD
0x0a 1001101|100|1|1001|11000|0 0x136670
0x0b 1010111|010|1|0101|00111|0 0x15D54E
BX = 001 Event : 26
0x00 0111101|011|1|1001|01001|1 0x0F5E53
0x01 0111110|011|1|1001|01010|1 0x0F9E55
0x02 1000000|010|1|0111|10010|1 0x1015E5
0x03 1000010|010|1|0111|01111|1 0x1095DF
0x04 1000101|010|1|1000|10011|1 0x115627
0x05 1000111|011|1|0101|10000|1 0x11DD61
BX = 010 Event : 27
0x00 0011011|011|1|0111|00101|1 0x06DDCB
0x01 0011101|011|1|1000|01001|1 0x075E13
0x02 0011111|011|1|0111|01001|1 0x07DDD3
0x03 0100100|010|1|1000|01110|1 0x09161D
0x04 0100101|011|1|1001|01100|1 0x095E59
0x05 0101000|011|1|1010|01110|1 0x0A1E9D
0x06 0101001|011|1|1001|01111|1 0x0A5E5F
0x07 0110111|011|1|1001|11010|0 0x0DDE74
0x08 0111011|011|1|1011|11001|0 0x0EDEF2
0x09 0111100|011|1|1001|11010|0 0x0F1E74
0x0a 0111101|100|1|1010|01110|0 0x0F669C
0x0b 0111110|100|1|1010|01110|0 0x0FA69C
0x0c 0111111|010|1|1010|00111|0 0x0FD68E
BX = 011 Event : 28
0x00 0101010|011|1|1001|01011|1 0x0A9E57
0x01 0101011|101|1|1011|01010|1 0x0AEED5
0x02 0101110|101|1|0101|01101|1 0x0BAD5B
0x03 0101111|101|1|0101|01101|1 0x0BED5B
0x04 0110010|100|1|1011|10011|1 0x0CA6E7
0x05 0110011|100|1|1011|10011|1 0x0CE6E7
0x06 0110110|001|1|0101|10100|1 0x0D8D69
0x07 0110111|010|1|1000|10100|1 0x0DD629
0x08 0111000|001|1|0101|11010|1 0x0E0D75
BX = 100 Event : 29
0x00 0111111|011|1|0110|10010|1 0x0FDDA5
0x01 1001010|011|1|0101|01111|0 0x129D5E
BX = 101 Event : 30
0x00 0100100|011|1|0110|01001|1 0x091D93
0x01 0100101|100|1|0100|01000|1 0x096511
0x02 0100110|011|1|1011|01100|1 0x099ED9
0x03 0101010|011|1|0101|10011|1 0x0A9D67
0x04 0101011|001|1|1010|10101|1 0x0ACEAB
BX = 110 Event : 31
0x00 0100001|100|1|1000|01010|1 0x086615
0x01 0101100|011|1|1010|01110|1 0x0B1E9D
0x02 0101111|011|1|1000|10101|1 0x0BDE2B
0x03 0110001|100|1|0101|10011|1 0x0C6567
0x04 0110010|011|1|1011|10100|1 0x0C9EE9
0x05 0110101|001|1|1011|10010|1 0x0D4EE5
BX = 111 Event : 32
0x00 0010000|001|1|0110|00111|1 0x040D8F
0x01 0100001|001|1|0111|10011|1 0x084DE7
0x02 0100010|001|1|0110|10100|1 0x088DA9
0x03 0100011|001|1|1000|11010|1 0x08CE35
BX = 000 Event : 33
0x00 0011001|100|1|1010|00110|1 0x06668D
0x01 0100000|011|1|0100|00111|1 0x081D0F
0x02 0100100|010|1|1000|01011|1 0x091617
0x03 0100101|010|1|1001|01011|1 0x095657
0x04 0101011|101|1|1010|10001|1 0x0AEEA3
0x05 0101100|011|1|1011|11000|1 0x0B1EF1
0x06 0101101|011|1|1011|10110|1 0x0B5EED
0x07 0110011|101|1|0111|10010|0 0x0CEDE4
0x08 0110110|010|1|1010|00111|0 0x0D968E
BX = 001 Event : 34
0x00 1011110|101|1|0110|01001|1 0x17AD93
0x01 1111011|110|1|1010|01111|1 0x1EF69F
0x02 1111100|110|1|1010|01110|1 0x1F369D
0x03 1111110|100|1|1011|10100|1 0x1FA6E9
0x04 1111111|010|1|0111|10110|1 0x1FD5ED
0x05 1111111|011|1|1001|11010|1 0x1FDE75
0x06 1111111|011|1|1000|10000|0 0x1FDE20
0x07 1111111|011|1|1000|10000|0 0x1FDE20
0x08 1111111|011|1|1000|10000|0 0x1FDE20
0x09 1111111|011|1|1000|10000|0 0x1FDE20
0x0a 1111111|011|1|1000|01110|0 0x1FDE1C
0x0b 1111111|101|1|0110|01110|0 0x1FED9C
0x0c 1111111|101|1|0110|01000|0 0x1FED90
0x0d 1111111|101|1|0110|01000|0 0x1FED90
BX = 010 Event : 35
0x00 0100011|111|0|0101|01000|1 0x08F951
0x01 0100100|010|1|0111|00111|1 0x0915CF
0x02 0100101|010|1|0111|00111|1 0x0955CF
0x03 0100110|001|1|0101|00111|1 0x098D4F
0x04 0100111|100|1|0100|01111|1 0x09E51F
0x05 0101000|100|1|0100|01110|1 0x0A251D
0x06 0101001|100|1|0100|01100|1 0x0A6519
0x07 0101010|100|1|0110|01101|1 0x0AA59B
0x08 0101011|100|1|0111|01101|1 0x0AE5DB
0x09 0101110|100|1|0101|10010|1 0x0BA565
0x0a 0101111|100|1|0101|10010|1 0x0BE565
0x0b 0110001|011|1|1011|01111|1 0x0C5EDF
0x0c 0110010|100|1|0100|10000|1 0x0CA521
0x0d 0110100|100|1|0100|10010|1 0x0D2525
BX = 011 Event : 36
0x00 0010010|001|1|0111|00110|1 0x048DCD
0x01 0010011|001|1|0111|00101|1 0x04CDCB
0x02 0010100|001|1|0111|00101|1 0x050DCB
0x03 0011001|010|1|0111|01101|1 0x0655DB
0x04 0011010|011|1|0110|01101|1 0x069D9B
0x05 0011111|010|1|1010|01111|1 0x07D69F
0x06 0100000|010|1|1010|01110|1 0x08169D
0x07 0100011|101|1|0110|10001|1 0x08EDA3
BX = 100 Event : 37
0x00 0010101|010|1|0111|01100|1 0x0555D9
0x01 0010110|010|1|0111|01101|1 0x0595DB
0x02 0011000|010|1|1010|01011|1 0x061697
0x03 0011001|010|1|1010|01011|1 0x065697
0x04 0011010|010|1|1001|01100|1 0x069659
0x05 0011101|011|1|0110|10100|1 0x075DA9
0x06 0100001|111|0|0101|10111|1 0x08796F
0x07 0100010|011|1|0110|11000|1 0x089DB1
0x08 0100011|011|1|0111|11000|1 0x08DDF1
0x09 0100101|011|1|1001|11001|0 0x095E72
BX = 101 Event : 38
0x00 0011101|011|1|1000|10011|1 0x075E27
0x01 0011110|110|1|1000|11001|1 0x07B633
0x02 0101001|101|1|1000|01001|0 0x0A6E12
BX = 110 Event : 39
0x00 0011000|110|1|0110|01101|1 0x06359B
0x01 0011001|110|1|0110|01101|1 0x06759B
BX = 111 Event : 40
0x00 0101010|011|1|1000|01001|1 0x0A9E13
0x01 0101101|010|1|1011|01011|1 0x0B56D7
0x02 0101110|010|1|1010|01100|1 0x0B9699
0x03 0101111|010|1|1010|01011|1 0x0BD697
0x04 0110101|000|1|1011|11000|1 0x0D46F1
0x05 0110110|000|1|1010|10111|1 0x0D86AF
0x06 0111011|011|1|0100|01011|0 0x0EDD16
0x07 0111100|011|1|0101|01010|0 0x0F1D54
0x08 0111101|011|1|0101|01010|0 0x0F5D54
BX = 000 Event : 41
0x00 0111101|000|1|0101|00101|1 0x0F454B
0x01 1000011|111|0|0101|01001|1 0x10F953
0x02 1000100|010|1|1010|01011|1 0x111697
0x03 1000101|010|1|1010|01010|1 0x115695
0x04 1000110|010|1|1001|01110|1 0x11965D
0x05 1000111|010|1|1001|01110|1 0x11D65D
0x06 1001100|000|1|0101|11000|1 0x130571
0x07 1001101|000|1|0101|10110|1 0x13456D
0x08 1001110|000|1|0101|10111|1 0x13856F
0x09 1001111|000|1|0101|10111|1 0x13C56F
0x0a 1010000|000|1|0101|10110|1 0x14056D
0x0b 1010001|010|1|1010|11000|1 0x1456B1
0x0c 1010010|010|1|1001|11010|1 0x149675
BX = 001 Event : 42
0x00 0100011|000|1|1000|01100|1 0x08C619
0x01 0100100|010|1|0100|01101|1 0x09151B
0x02 0100101|001|1|0111|01011|1 0x094DD7
0x03 0100110|001|1|1001|01110|1 0x098E5D
0x04 0100111|000|0|0010|10011|1 0x09C0A7
0x05 0101000|000|1|1000|10001|1 0x0A0623
0x06 0101010|001|1|0110|10101|1 0x0A8DAB
0x07 0101011|011|1|1000|11011|1 0x0ADE37
BX = 010 Event : 43
0x00 0011001|101|1|1001|01010|1 0x066E55
0x01 0011010|011|1|0101|00111|1 0x069D4F
0x02 0011011|011|1|1001|00111|1 0x06DE4F
0x03 0011100|001|1|1010|01001|1 0x070E93
0x04 0100110|000|1|1010|10110|1 0x0986AD
0x05 0100111|001|1|0100|10100|1 0x09CD29
0x06 0101000|000|1|1010|10110|1 0x0A06AD
0x07 0101001|001|1|0100|10100|1 0x0A4D29
0x08 0101010|011|1|1010|11001|1 0x0A9EB3
0x09 0101011|100|1|0101|11010|1 0x0AE575
0x0a 0101111|011|1|0110|00111|0 0x0BDD8E
BX = 011 Event : 44
0x00 0110111|010|1|0111|00101|1 0x0DD5CB
0x01 0111000|010|1|1011|00110|1 0x0E16CD
0x02 0111010|110|1|0110|01001|1 0x0EB593
0x03 1000000|100|1|1000|10010|1 0x102625
BX = 100 Event : 45
0x00 0011011|110|1|1001|10010|1 0x06F665
0x01 0011100|011|1|1000|01110|1 0x071E1D
0x02 0011101|011|1|0110|01110|1 0x075D9D
BX = 101 Event : 46
0x00 1000111|100|1|0111|01010|1 0x11E5D5
0x01 1001101|011|1|0110|01110|1 0x135D9D
0x02 1001110|011|1|0110|01110|1 0x139D9D
0x03 1001111|011|1|0110|10010|1 0x13DDA5
0x04 1010000|111|0|0101|10010|1 0x143965
0x05 1010001|000|1|0101|10010|1 0x144565
0x06 1010010|011|1|1010|10101|1 0x149EAB
BX = 110 Event : 47
0x00 0101101|010|1|0111|00110|1 0x0B55CD
0x01 0110100|101|1|1010|01100|1 0x0D2E99
0x02 0110101|001|1|1010|01110|1 0x0D4E9D
0x03 0110110|010|1|1001|10001|1 0x0D9663
0x04 0110111|011|1|0100|10000|1 0x0DDD21
0x05 0111000|010|1|1001|10000|1 0x0E1661
0x06 0111001|010|1|1011|10000|1 0x0E56E1
0x07 0111011|001|1|1011|10011|1 0x0ECEE7
0x08 0111110|001|1|1010|10100|1 0x0F8EA9
0x09 1010011|001|1|1011|10011|0 0x14CEE6
BX = 111 Event : 48
0x00 0110011|010|1|0111|10010|1 0x0CD5E5
0x01 0110101|011|1|1001|10110|1 0x0D5E6D
0x02 0110110|011|1|1000|10011|1 0x0D9E27
0x03 0110111|011|1|1001|10100|1 0x0DDE69
0x04 0111000|011|1|1001|10100|1 0x0E1E69
0x05 0111001|011|1|1001|10010|1 0x0E5E65
0x06 0111010|011|1|1000|10100|1 0x0E9E29
0x07 0111011|011|1|1001|10100|1 0x0EDE69
0x08 0111100|011|1|1001|10100|1 0x0F1E69
0x09 0111101|011|1|1001|10011|1 0x0F5E67
0x0a 0111110|100|1|0101|11001|1 0x0FA573
BX = 000 Event : 49
0x00 0010110|010|1|0111|00101|1 0x0595CB
0x01 0010111|010|1|1001|01000|1 0x05D651
0x02 0011111|100|1|1010|01111|1 0x07E69F
0x03 0100000|110|1|1001|10110|1 0x08366D
0x04 0100001|011|1|0110|10010|1 0x085DA5
0x05 0100011|011|1|1011|10110|1 0x08DEED
0x06 0100100|101|1|0101|10111|1 0x092D6F
0x07 0100101|101|1|0101|11000|1 0x096D71
0x08 0100110|101|1|0101|11001|1 0x09AD73
0x09 0100111|101|1|0101|11001|1 0x09ED73
0x0a 0101000|110|1|0110|10111|1 0x0A35AF
0x0b 0101001|111|0|0100|11001|1 0x0A7933
0x0c 0101010|011|1|1011|10110|1 0x0A9EED
0x0d 0101011|101|1|0100|11000|0 0x0AED30
BX = 001 Event : 50
0x00 0110111|010|1|1001|01011|1 0x0DD657
0x01 0111000|010|1|1000|01001|1 0x0E1613
0x02 0111001|011|1|1010|01001|1 0x0E5E93
0x03 0111010|011|1|1011|11001|1 0x0E9EF3
0x04 0111011|011|1|1011|11000|1 0x0EDEF1
0x05 0111100|011|1|1011|11010|1 0x0F1EF5
0x06 0111101|011|1|1011|11001|1 0x0F5EF3
0x07 1000011|011|1|0111|10000|0 0x10DDE0
0x08 1000100|011|1|0110|10000|0 0x111DA0
0x09 1000111|011|1|0111|01111|0 0x11DDDE
0x0a 1001000|011|1|0111|10000|0 0x121DE0
0x0b 1001101|011|1|0110|01100|0 0x135D98
0x0c 1001110|011|1|0110|01100|0 0x139D98
0x0d 1001111|011|1|1001|01011|0 0x13DE56
0x0e 1010000|011|1|1001|01011|0 0x141E56
BX = 010 Event : 51
0x00 0100001|101|1|0111|01011|1 0x086DD7
0x01 0101000|011|1|1001|01111|1 0x0A1E5F
0x02 0101011|000|1|0111|11010|1 0x0AC5F5
BX = 011 Event : 52
0x00 0100000|100|1|0110|00111|1 0x08258F
0x01 0100010|100|1|0110|00111|1 0x08A58F
0x02 0100100|100|1|0100|00110|1 0x09250D
0x03 0100101|100|1|1001|01001|1 0x096653
0x04 0101000|100|1|1010|01011|1 0x0A2697
0x05 0101011|011|1|1011|10110|1 0x0ADEED
0x06 0101100|100|1|0110|10110|1 0x0B25AD
0x07 0101101|100|1|0111|10100|1 0x0B65E9
0x08 0101110|100|1|0111|10100|1 0x0BA5E9
BX = 100 Event : 53
0x00 0101010|110|1|0110|10011|1 0x0AB5A7
0x01 0101011|110|1|0100|10110|1 0x0AF52D
0x02 0101100|110|1|0110|10100|1 0x0B35A9
0x03 0101101|101|1|1011|10111|1 0x0B6EEF
0x04 0101110|110|1|0101|10110|1 0x0BB56D
0x05 0101111|100|1|1010|10011|1 0x0BE6A7
0x06 0110000|100|1|1010|10110|1 0x0C26AD
0x07 0110010|110|1|0101|11000|1 0x0CB571
0x08 0110101|100|1|1010|10110|1 0x0D66AD
0x09 0111010|100|1|1000|10110|0 0x0EA62C
BX = 101 Event : 54
0x00 0010110|100|1|0101|01011|1 0x05A557
0x01 0010111|100|1|1000|01000|1 0x05E611
0x02 0011000|100|1|0101|00110|1 0x06254D
0x03 0011001|001|1|1011|01110|1 0x064EDD
0x04 0011010|001|1|1011|01110|1 0x068EDD
0x05 0011011|001|1|0100|01101|1 0x06CD1B
0x06 0011100|001|1|1000|10100|1 0x070E29
0x07 0011101|001|1|1010|10010|1 0x074EA5
0x08 0011110|010|1|0110|10011|1 0x0795A7
0x09 0101100|001|1|1011|01101|0 0x0B0EDA
0x0a 0101101|001|1|1011|01101|0 0x0B4EDA
BX = 110 Event : 55
0x00 0101100|010|1|1001|01010|1 0x0B1655
0x01 0101110|011|1|1000|10101|1 0x0B9E2B
0x02 0111011|101|1|0101|10001|0 0x0EED62
BX = 111 Event : 56
0x00 0110100|011|1|0100|01111|1 0x0D1D1F
0x01 0110111|101|1|0100|10101|1 0x0DED2B
0x02 0111000|101|1|0100|11000|1 0x0E2D31
0x03 0111001|101|1|1000|11000|1 0x0E6E31
0x04 0111010|001|1|1011|11001|1 0x0E8EF3
BX = 000 Event : 57
0x00 0100001|010|1|1011|01111|1 0x0856DF
0x01 0100010|011|1|0110|10000|1 0x089DA1
BX = 001 Event : 58
0x00 0011011|100|1|1001|00110|1 0x06E64D
0x01 0011101|011|1|1011|00110|1 0x075ECD
0x02 0101011|100|1|1010|01110|1 0x0AE69D
0x03 0101100|110|1|0100|01011|1 0x0B3517
0x04 0101101|101|1|1010|01011|1 0x0B6E97
0x05 0101110|101|1|1010|01100|1 0x0BAE99
0x06 0101111|011|1|1000|01100|1 0x0BDE19
0x07 0110000|011|1|1001|01100|1 0x0C1E59
0x08 0111101|000|1|1001|10011|1 0x0F4667
0x09 0111110|011|1|0111|11001|1 0x0F9DF3
BX = 010 Event : 59
0x00 1000000|011|1|1011|01000|1 0x101ED1
0x01 1000101|011|1|1001|01100|1 0x115E59
0x02 1001000|001|1|0111|01110|1 0x120DDD
0x03 1001001|100|1|0100|01101|1 0x12651B
0x04 1001010|011|1|1011|01101|1 0x129EDB
0x05 1001101|101|1|0111|10000|1 0x136DE1
0x06 1001110|101|1|0110|10001|1 0x13ADA3
0x07 1001111|010|1|1001|01110|1 0x13D65D
0x08 1010000|001|1|0101|01011|1 0x140D57
0x09 1010001|001|1|1010|10111|1 0x144EAF
0x0a 1010010|001|1|1010|10111|1 0x148EAF
0x0b 1011111|011|1|1001|01000|0 0x17DE50
BX = 011 Event : 60
0x00 0010110|000|1|1010|00110|1 0x05868D
BX = 100 Event : 61
0x00 0001010|101|1|1000|00101|1 0x02AE0B
0x01 0001011|000|1|0111|00100|1 0x02C5C9
0x02 0001111|010|1|0110|01001|1 0x03D593
0x03 0010111|010|1|1010|01010|1 0x05D695
0x04 0011110|010|1|0111|01011|1 0x0795D7
0x05 0100001|011|1|0110|10000|1 0x085DA1
0x06 0100100|101|1|1001|10100|1 0x092E69
0x07 0100101|101|1|1010|10110|1 0x096EAD
0x08 0100110|101|1|1001|10110|1 0x09AE6D
0x09 0100111|101|1|1001|10101|1 0x09EE6B
0x0a 0101000|101|1|1001|10111|1 0x0A2E6F
0x0b 0101001|101|1|1001|10110|1 0x0A6E6D
0x0c 0101010|101|1|1001|10100|1 0x0AAE69
0x0d 0101011|010|1|1010|10011|1 0x0AD6A7
0x0e 0101100|101|1|1001|10110|1 0x0B2E6D
BX = 101 Event : 62
0x00 0100000|010|1|0101|00101|1 0x08154B
0x01 0101000|011|1|0100|10001|1 0x0A1D23
0x02 0101001|011|1|0110|01111|1 0x0A5D9F
0x03 0101010|011|1|0111|10011|1 0x0A9DE7
0x04 0101100|011|1|1000|10011|1 0x0B1E27
0x05 0110011|011|1|0110|10100|1 0x0CDDA9
0x06 0110100|011|1|1000|10011|1 0x0D1E27
0x07 0110111|011|1|0110|10010|1 0x0DDDA5
0x08 0111000|011|1|1000|10001|1 0x0E1E23
0x09 0111100|011|1|0101|10011|1 0x0F1D67
0x0a 0111101|011|1|0111|10010|1 0x0F5DE5
0x0b 1000010|011|1|0101|10011|1 0x109D67
0x0c 1000011|011|1|0111|10001|1 0x10DDE3
0x0d 1001001|011|1|0111|10100|1 0x125DE9
0x0e 1001110|011|1|0110|10101|1 0x139DAB
0x0f 1010001|100|1|0101|10101|1 0x14656B
0x10 1010011|011|1|0110|10101|1 0x14DDAB
0x11 1010110|100|1|0101|10101|1 0x15A56B
0x12 1010111|011|1|0110|10010|1 0x15DDA5
0x13 1011000|100|1|0101|10010|1 0x162565
0x14 1011001|010|1|0111|10110|1 0x1655ED
0x15 1011010|010|1|0110|10010|1 0x1695A5
0x16 1011011|011|1|1000|10001|1 0x16DE23
0x17 1011100|011|1|0111|10010|1 0x171DE5
0x18 1011101|011|1|1000|10010|1 0x175E25
0x19 1011110|011|1|0111|10011|1 0x179DE7
0x1a 1011111|011|1|0111|10011|1 0x17DDE7
0x1b 1100000|011|1|0110|10001|1 0x181DA3
0x1c 1100001|011|1|1001|10111|1 0x185E6F
0x1d 1100010|011|1|1001|10111|1 0x189E6F
0x1e 1100011|011|1|1000|11000|1 0x18DE31
0x1f 1100100|011|1|0111|11001|1 0x191DF3
0x20 1100101|011|1|0110|11010|1 0x195DB5
0x21 1100110|011|1|0110|11001|1 0x199DB3
BX = 110 Event : 63
0x00 0011101|101|1|0101|01000|1 0x076D51
0x01 0100000|100|1|1000|01101|1 0x08261B
0x02 0100010|001|1|1001|01000|1 0x088E51
0x03 0100011|001|1|1001|01011|1 0x08CE57
0x04 0100110|110|1|1000|10001|1 0x09B623
0x05 0101111|100|1|0110|11001|1 0x0BE5B3
0x06 0110000|000|1|1001|11000|1 0x0C0671
0x07 0110001|000|1|1001|11000|1 0x0C4671
0x08 0110010|000|1|1001|11000|1 0x0C8671
0x09 0110011|000|1|1001|11000|1 0x0CC671
BX = 111 Event : 64
0x00 0001101|010|1|1010|00110|1 0x03568D
0x01 0100011|011|1|0100|00110|0 0x08DD0C
BX = 000 Event : 65
0x00 0100011|000|1|1000|01011|1 0x08C617
0x01 0100110|010|1|0110|11001|1 0x0995B3
BX = 001 Event : 66
0x00 1000000|101|1|0110|01011|1 0x102D97
0x01 1000001|101|1|0101|01011|1 0x106D57
0x02 1000010|101|1|0110|01010|1 0x10AD95
0x03 1000011|101|1|0110|01010|1 0x10ED95
0x04 1000100|101|1|0101|01000|1 0x112D51
0x05 1000101|101|1|0101|00111|1 0x116D4F
0x06 1000110|101|1|0101|00100|1 0x11AD49
0x07 1000111|101|1|0101|00111|1 0x11ED4F
0x08 1001000|101|1|0101|00111|1 0x122D4F
0x09 1001001|100|1|1011|00111|1 0x1266CF
0x0a 1001010|101|1|0100|00111|1 0x12AD0F
0x0b 1001011|100|1|1011|10001|1 0x12E6E3
0x0c 1001100|101|1|0100|10001|1 0x132D23
0x0d 1001101|100|1|1011|10001|1 0x1366E3
0x0e 1001110|101|1|0100|10010|1 0x13AD25
0x0f 1001111|100|1|0111|10111|1 0x13E5EF
0x10 1010000|010|1|0110|10111|1 0x1415AF
0x11 1101100|101|1|0100|10010|0 0x1B2D24
0x12 1101101|101|1|0100|10001|0 0x1B6D22
0x13 1101110|101|1|0100|10000|0 0x1BAD20
0x14 1101111|100|1|1011|01111|0 0x1BE6DE
0x15 1110110|101|1|0100|01001|0 0x1DAD12
0x16 1110111|101|1|0100|01010|0 0x1DED14
0x17 1111000|101|1|0110|00111|0 0x1E2D8E
BX = 010 Event : 67
0x00 0010001|100|1|1011|01011|1 0x0466D7
0x01 0010010|010|1|1000|01101|1 0x04961B
0x02 0010011|001|1|0101|01001|1 0x04CD53
0x03 0011000|011|1|1001|11010|1 0x061E75
0x04 0011110|011|1|1011|11011|0 0x079EF6
BX = 011 Event : 68
0x00 1001100|001|1|1010|00110|1 0x130E8D
0x01 1010000|011|1|1011|01000|1 0x141ED1
0x02 1010100|001|1|0111|01001|1 0x150DD3
0x03 1011000|100|1|1010|10110|1 0x1626AD
0x04 1011101|011|1|1001|01000|0 0x175E50
BX = 100 Event : 69
0x00 0100110|011|1|0101|10000|1 0x099D61
0x01 0101001|010|1|1010|10100|1 0x0A56A9
0x02 0101010|010|1|0111|10010|1 0x0A95E5
0x03 0101011|010|1|1010|10001|1 0x0AD6A3
0x04 0101111|011|1|0110|01011|0 0x0BDD96
BX = 101 Event : 70
0x00 0010110|011|1|1001|01001|1 0x059E53
0x01 0010111|001|1|0110|00101|1 0x05CD8B
0x02 0011000|001|1|0101|00101|1 0x060D4B
BX = 110 Event : 71
0x00 0010110|100|1|0110|00101|1 0x05A58B
0x01 0101010|000|1|1011|00111|1 0x0A86CF
0x02 0110101|100|1|0110|01101|1 0x0D659B
0x03 0110111|100|1|0101|01100|1 0x0DE559
0x04 0111011|100|1|1010|01100|1 0x0EE699
0x05 1000101|010|1|1011|11001|1 0x1156F3
0x06 1000110|011|1|0100|11001|1 0x119D33
0x07 1000111|010|1|1011|11001|1 0x11D6F3
0x08 1001000|011|1|0100|11001|1 0x121D33
0x09 1001001|010|1|1010|11001|1 0x1256B3
0x0a 1001010|010|1|1011|11001|1 0x1296F3
0x0b 1001011|001|1|0111|11001|1 0x12CDF3
0x0c 1001101|011|1|0100|11001|0 0x135D32
0x0d 1001110|011|1|0100|11001|0 0x139D32
0x0e 1001111|011|1|0100|11001|0 0x13DD32
0x0f 1010000|011|1|0100|11001|0 0x141D32
BX = 111 Event : 72
0x00 0011101|101|1|0101|01000|1 0x076D51
0x01 0011110|010|1|1001|00101|1 0x07964B
0x02 0011111|010|1|0100|00110|1 0x07D50D
0x03 0100011|010|1|0110|01001|1 0x08D593
0x04 0100111|000|1|0111|10010|1 0x09C5E5
0x05 0101000|000|1|0111|10010|1 0x0A05E5
0x06 0101001|001|1|0100|10101|1 0x0A4D2B
0x07 0101010|001|1|0100|10101|1 0x0A8D2B
0x08 0101011|000|1|1001|10100|1 0x0AC669
0x09 0101100|000|1|1010|10101|1 0x0B06AB
0x0a 0101110|100|1|0110|10101|1 0x0BA5AB
0x0b 0101111|000|1|1011|10110|1 0x0BC6ED
0x0c 0110000|001|1|0100|10110|1 0x0C0D2D
0x0d 0110001|000|1|1011|11010|1 0x0C46F5
0x0e 0110010|000|1|1011|11010|1 0x0C86F5
BX = 000 Event : 73
0x00 0100000|101|1|0101|00101|1 0x082D4B
0x01 0100011|101|1|0101|00110|1 0x08ED4D
0x02 0100100|001|1|0100|00111|1 0x090D0F
0x03 0101000|011|1|1001|10010|1 0x0A1E65
0x04 0101111|101|1|0110|01000|0 0x0BED90
BX = 001 Event : 74
0x00 0011011|101|1|1011|00101|1 0x06EECB
BX = 010 Event : 75
0x00 0010010|100|1|0110|00101|1 0x04A58B
0x01 0011000|010|1|1000|01110|1 0x06161D
0x02 0011001|010|1|1000|01110|1 0x06561D
0x03 0011010|000|0|0000|01110|1 0x06801D
0x04 0011101|011|1|0101|11001|1 0x075D73
0x05 0011110|011|1|0111|11010|1 0x079DF5
0x06 0011111|011|1|0111|11010|1 0x07DDF5
0x07 0100000|011|1|0101|11010|1 0x081D75
0x08 0100001|011|1|0100|10111|1 0x085D2F
0x09 0100010|011|1|0101|11010|1 0x089D75
0x0a 0100011|011|1|0110|11001|1 0x08DDB3
0x0b 0100100|011|1|0110|11001|1 0x091DB3
0x0c 0100101|001|1|1010|11011|1 0x094EB7
BX = 011 Event : 76
0x00 0011111|011|1|1000|10101|1 0x07DE2B
0x01 0100000|011|1|1010|10101|1 0x081EAB
BX = 100 Event : 77
0x00 0010011|110|1|1010|00110|1 0x04F68D
0x01 0010100|001|1|1011|01011|1 0x050ED7
0x02 0010101|101|1|0100|10000|1 0x056D21
0x03 0010110|101|1|0101|10010|1 0x05AD65
0x04 0011010|010|1|0111|01110|0 0x0695DC
BX = 101 Event : 78
0x00 0111100|010|1|0101|01010|1 0x0F1555
0x01 0111101|011|1|1000|01101|1 0x0F5E1B
0x02 0111110|011|1|0111|01111|1 0x0F9DDF
0x03 0111111|010|1|0110|01001|1 0x0FD593
0x04 1000000|010|1|0110|01011|1 0x101597
0x05 1000010|010|1|0111|01110|1 0x1095DD
0x06 1000011|010|1|0111|10001|1 0x10D5E3
0x07 1000101|011|1|1010|11011|1 0x115EB7
0x08 1000110|011|1|1010|11011|1 0x119EB7
0x09 1001100|010|1|1001|00110|0 0x13164C
BX = 110 Event : 79
0x00 0001111|100|1|0110|10000|1 0x03E5A1
0x01 0010001|000|1|1011|10100|1 0x0446E9
BX = 111 Event : 80
0x00 0010111|101|1|0100|01110|1 0x05ED1D
0x01 0011010|101|1|0100|10010|1 0x06AD25
0x02 0011011|100|1|1011|10011|1 0x06E6E7
0x03 0011100|101|1|0100|10010|1 0x072D25
0x04 0011101|101|1|0100|10011|1 0x076D27
0x05 0011110|100|1|1011|11000|1 0x07A6F1
0x06 0011111|100|1|1011|11001|1 0x07E6F3
0x07 0100000|100|1|1011|11000|1 0x0826F1
0x08 0100001|100|1|1011|11000|1 0x0866F1
0x09 0100011|011|1|0101|01001|0 0x08DD52
BX = 000 Event : 81
0x00 1001111|101|1|1011|01100|1 0x13EED9
BX = 001 Event : 82
0x00 0011101|010|1|1010|00100|1 0x075689
0x01 0100010|001|1|0110|00101|1 0x088D8B
0x02 0100011|001|1|0110|00101|1 0x08CD8B
0x03 0100100|001|1|0101|00100|1 0x090D49
0x04 0100101|001|1|0101|00101|1 0x094D4B
0x05 0100111|101|1|0100|01001|1 0x09ED13
0x06 0101010|100|1|0110|10000|1 0x0AA5A1
0x07 0101110|101|1|0101|10101|1 0x0BAD6B
0x08 0101111|110|1|0100|10100|1 0x0BF529
BX = 010 Event : 83
0x00 0111110|011|1|1001|01010|1 0x0F9E55
0x01 0111111|011|1|1001|10000|1 0x0FDE61
BX = 011 Event : 84
0x00 0010000|001|1|1001|00101|1 0x040E4B
0x01 0010101|100|1|0110|01100|1 0x056599
0x02 0011111|011|1|1010|01101|1 0x07DE9B
0x03 0100000|011|1|1010|01101|1 0x081E9B
0x04 0100001|011|1|1010|10001|1 0x085EA3
0x05 0100010|010|1|1000|11000|1 0x089631
BX = 100 Event : 85
0x00 0101010|011|1|1000|01001|1 0x0A9E13
0x01 0101011|011|1|1011|01000|1 0x0ADED1
0x02 0101100|100|1|0100|01010|1 0x0B2515
0x03 0101110|011|1|1011|00111|1 0x0B9ECF
0x04 0101111|011|1|1011|00111|1 0x0BDECF
0x05 0110000|011|1|1011|01010|1 0x0C1ED5
0x06 0110010|011|1|0111|01011|1 0x0C9DD7
0x07 0110011|011|1|1010|00111|1 0x0CDE8F
0x08 0110100|011|1|1010|01010|1 0x0D1E95
0x09 0110111|011|1|1001|01000|1 0x0DDE51
0x0a 0111000|011|1|1010|01001|1 0x0E1E93
0x0b 0111010|011|1|1001|00110|1 0x0E9E4D
0x0c 0111011|011|1|1001|01000|1 0x0EDE51
0x0d 1000011|110|1|0111|10010|1 0x10F5E5
0x0e 1000100|010|1|1011|01100|1 0x1116D9
0x0f 1000101|010|1|1011|01101|1 0x1156DB
0x10 1000110|101|1|0111|10010|1 0x11ADE5
0x11 1000111|101|1|1000|10001|1 0x11EE23
0x12 1001101|011|1|1010|01001|0 0x135E92
BX = 101 Event : 86
0x00 0010001|001|1|1010|10111|1 0x044EAF
0x01 0010010|001|1|1010|10111|1 0x048EAF
0x02 0010011|011|1|0111|11001|1 0x04DDF3
0x03 0010100|011|1|0111|11001|1 0x051DF3
BX = 110 Event : 87
0x00 0011101|100|1|1001|00111|1 0x07664F
0x01 0011110|100|1|0101|01010|1 0x07A555
0x02 0100000|001|1|0111|10010|1 0x080DE5
0x03 0100011|000|1|0101|10110|1 0x08C56D
0x04 0100100|000|1|0101|10110|1 0x09056D
0x05 0100101|000|1|1001|10100|1 0x094669
0x06 0101000|000|1|1001|10111|1 0x0A066F
BX = 111 Event : 88
0x00 0110110|011|1|0100|10101|1 0x0D9D2B
0x01 0111011|010|1|1000|10101|0 0x0ED62A
BX = 000 Event : 89
0x00 0101110|011|1|1010|00110|1 0x0B9E8D
0x01 0110011|001|1|0101|01001|1 0x0CCD53
0x02 0111001|001|1|0101|01001|1 0x0E4D53
0x03 0111010|110|1|1011|01010|1 0x0EB6D5
0x04 0111101|010|1|1001|10010|1 0x0F5665
0x05 0111110|000|1|1011|11010|1 0x0F86F5
BX = 001 Event : 90
0x00 0011000|011|1|0101|00101|1 0x061D4B
0x01 0011011|110|1|1001|01000|1 0x06F651
0x02 0011110|001|1|1010|01100|1 0x078E99
0x03 0011111|110|1|0101|10110|1 0x07F56D
0x04 0100000|110|1|0100|10111|1 0x08352F
0x05 0100001|110|1|0100|10111|1 0x08752F
BX = 010 Event : 91
0x00 0110010|100|1|1001|10000|1 0x0CA661
0x01 0110011|000|1|1001|10011|1 0x0CC667
0x02 0110100|011|1|0111|10010|1 0x0D1DE5
0x03 0110101|100|1|1011|11011|1 0x0D66F7
0x04 0110110|010|1|0110|11001|1 0x0D95B3
BX = 011 Event : 92
0x00 0100010|010|1|0100|01000|1 0x089511
BX = 100 Event : 93
0x00 0110100|000|1|0101|10011|1 0x0D0567
0x01 0110101|011|1|0100|11010|1 0x0D5D35
0x02 0110110|011|1|0110|10111|1 0x0D9DAF
0x03 0110111|011|1|0111|11001|1 0x0DDDF3
0x04 0111000|011|1|0110|10110|1 0x0E1DAD
0x05 0111001|011|1|0110|11001|1 0x0E5DB3
0x06 0111100|011|1|0110|11000|0 0x0F1DB0
BX = 101 Event : 94
0x00 0011011|010|1|0110|01000|1 0x06D591
0x01 0011100|010|1|0111|01100|1 0x0715D9
0x02 0011101|010|1|0110|01111|1 0x07559F
0x03 0011110|010|1|0111|01101|1 0x0795DB
0x04 0011111|010|1|0110|01000|1 0x07D591
0x05 0100111|100|1|1010|10111|1 0x09E6AF
BX = 110 Event : 95
0x00 0010110|010|1|0101|00111|1 0x05954F
0x01 0011000|100|1|0111|01000|1 0x0625D1
0x02 0011001|100|1|1001|00110|1 0x06664D
0x03 0011010|100|1|0111|00111|1 0x06A5CF
BX = 111 Event : 96
0x00 0101000|001|1|1001|00110|1 0x0A0E4D
0x01 0101001|010|1|1001|00110|1 0x0A564D
0x02 0101010|011|1|1011|01010|1 0x0A9ED5
0x03 0101111|100|1|0111|10000|1 0x0BE5E1
0x04 0110000|010|1|0101|10101|1 0x0C156B
0x05 0110001|001|1|0100|10011|1 0x0C4D27
0x06 0111000|011|1|1010|01010|0 0x0E1E94
BX = 000 Event : 97
BX = 001 Event : 98
0x00 0100110|001|1|0110|10100|1 0x098DA9
0x01 0100111|001|1|1000|10100|1 0x09CE29
0x02 0101111|011|1|1011|01011|0 0x0BDED6
BX = 010 Event : 99
0x00 0101111|101|1|0111|01000|1 0x0BEDD1
0x01 0110000|101|1|1000|01011|1 0x0C2E17
0x02 0110010|010|1|0100|01001|1 0x0C9513
0x03 0111101|010|1|1000|01011|1 0x0F5617
0x04 0111110|010|1|0110|01011|1 0x0F9597
0x05 1000100|101|1|1000|10101|1 0x112E2B
0x06 1000101|101|1|0110|10110|1 0x116DAD
0x07 1000110|101|1|1010|10100|1 0x11AEA9
0x08 1000111|101|1|0110|10110|1 0x11EDAD
0x09 1001000|101|1|1010|10011|1 0x122EA7
0x0a 1001001|000|1|0101|10001|1 0x124563
0x0b 1001010|000|1|0100|10110|1 0x12852D
0x0c 1001011|000|1|0100|10101|1 0x12C52B
0x0d 1001100|000|1|0100|10000|1 0x130521
0x0e 1001101|000|0|0011|10001|1 0x1340E3
0x0f 1001110|101|1|1001|11000|1 0x13AE71
0x10 1001111|110|1|0110|11000|1 0x13F5B1
BX = 011 Event : 100
0x00 0110100|010|1|0100|01001|1 0x0D1513
0x01 0110101|010|1|0100|01010|1 0x0D5515
0x02 0110110|010|1|0100|01010|1 0x0D9515
0x03 0110111|010|1|0100|01010|1 0x0DD515
0x04 0111000|000|1|0101|10011|1 0x0E0567
0x05 0111001|100|1|0110|10001|1 0x0E65A3
0x06 0111010|100|1|0110|10100|1 0x0EA5A9
0x07 0111011|100|1|0110|10110|1 0x0EE5AD
0x08 0111100|100|1|0100|10011|1 0x0F2527
0x09 0111110|100|1|0110|10110|0 0x0FA5AC
