BX = 000 Event : 1
0x00 0001101|111|0|0110|01000|1 0x037991
0x01 0010010|011|1|0110|01011|1 0x049D97
0x02 0010111|011|1|0100|01110|1 0x05DD1D
0x03 0011001|110|1|1001|10110|1 0x06766D
0x04 0100010|101|1|0111|11001|1 0x08ADF3
BX = 001 Event : 2
0x00 0001110|010|1|1000|10010|1 0x039625
0x01 0010000|010|1|0110|11000|1 0x0415B1
0x02 0010001|010|1|1000|10101|1 0x04562B
0x03 0010110|111|0|0100|11011|1 0x05B937
BX = 010 Event : 3
0x00 0001000|000|0|0010|10111|1 0x0200AF
0x01 0001001|000|0|0011|10111|1 0x0240EF
0x02 0001010|000|0|0010|11010|1 0x0280B5
0x03 0001011|000|0|0010|11010|1 0x02C0B5
0x04 0001111|011|1|0111|01111|0 0x03DDDE
BX = 011 Event : 4
BX = 100 Event : 5
0x00 0011110|011|1|0100|00110|1 0x079D0D
0x01 0011111|011|1|0111|01000|1 0x07DDD1
0x02 0100001|011|1|0111|00110|1 0x085DCD
0x03 0100010|100|1|0101|00101|1 0x08A54B
0x04 0100111|011|1|1000|10110|1 0x09DE2D
0x05 0101010|001|1|0100|10111|1 0x0A8D2F
0x06 0110100|100|1|0101|10001|0 0x0D2562
BX = 101 Event : 6
BX = 110 Event : 7
0x00 0001100|011|1|0110|01100|1 0x031D99
0x01 0001110|011|1|0110|01011|1 0x039D97
0x02 0011100|100|1|1010|11000|1 0x0726B1
0x03 0011110|111|0|0100|11011|1 0x07B937
0x04 0100111|100|1|1001|11000|0 0x09E670
BX = 111 Event : 8
0x00 0000110|001|1|0110|00101|1 0x018D8B
0x01 0001110|101|1|0101|01010|1 0x03AD55
0x02 0001111|001|1|0110|00110|1 0x03CD8D
0x03 0010000|001|1|0110|00101|1 0x040D8B
0x04 0010001|001|1|0110|00111|1 0x044D8F
0x05 0010011|001|1|0101|00110|1 0x04CD4D
0x06 0011010|011|1|1010|10110|1 0x069EAD
BX = 000 Event : 9
0x00 0011101|101|1|0111|00110|1 0x076DCD
0x01 0011110|101|1|0110|01000|1 0x07AD91
0x02 0011111|101|1|1010|00111|1 0x07EE8F
0x03 0100000|101|1|0110|01000|1 0x082D91
0x04 0100001|101|1|1011|00110|1 0x086ECD
0x05 0110001|100|1|0111|01111|1 0x0C65DF
0x06 0110010|100|1|0111|01111|1 0x0CA5DF
0x07 0111010|010|1|0111|01111|0 0x0E95DE
0x08 0111011|010|1|0111|01111|0 0x0ED5DE
0x09 0111100|101|1|1000|01000|0 0x0F2E10
BX = 001 Event : 10
0x00 0010110|100|1|0101|01000|1 0x05A551
0x01 0010111|100|1|0101|01000|1 0x05E551
0x02 0011001|010|1|0111|01100|1 0x0655D9
0x03 0011101|010|1|1010|01010|1 0x075695
BX = 010 Event : 11
0x00 0000101|000|0|0010|00100|1 0x014089
0x01 0000110|000|0|0010|00100|1 0x018089
0x02 0001011|011|1|0111|11000|1 0x02DDF1
BX = 011 Event : 12
0x00 0010000|111|0|0110|01000|1 0x043991
0x01 0010101|011|1|0110|01011|1 0x055D97
0x02 0011010|011|1|0100|01110|1 0x069D1D
0x03 0011100|110|1|1001|10110|1 0x07366D
0x04 0011110|011|1|0110|11001|1 0x079DB3
0x05 0011111|011|1|0110|11001|1 0x07DDB3
0x06 0100000|011|1|1011|11001|1 0x081EF3
0x07 0100001|011|1|1001|11001|1 0x085E73
BX = 100 Event : 13
0x00 0001000|001|1|0110|00101|1 0x020D8B
0x01 0010101|001|1|0110|00110|1 0x054D8D
0x02 0010110|001|1|0110|00101|1 0x058D8B
0x03 0010111|001|1|0110|00111|1 0x05CD8F
0x04 0011001|001|1|0101|00110|1 0x064D4D
0x05 0100101|011|1|1010|10110|1 0x095EAD
0x06 0101000|101|1|1011|10100|1 0x0A2EE9
BX = 101 Event : 14
0x00 0000111|100|1|1000|01111|1 0x01E61F
0x01 0001000|100|1|0111|01101|1 0x0225DB
0x02 0001100|100|1|1010|10100|1 0x0326A9
0x03 0001101|100|1|1010|10100|1 0x0366A9
0x04 0001111|100|1|1010|10101|1 0x03E6AB
0x05 0010000|100|1|1011|10111|1 0x0426EF
0x06 0010110|100|1|1010|10100|1 0x05A6A9
0x07 0010111|100|1|1011|10110|1 0x05E6ED
0x08 0011001|100|1|1011|10111|1 0x0666EF
0x09 0011011|100|1|1011|11000|1 0x06E6F1
0x0a 0011100|000|0|0011|10111|1 0x0700EF
0x0b 0011101|000|0|0010|10111|1 0x0740AF
0x0c 0011110|000|0|0010|11010|1 0x0780B5
0x0d 0100011|100|1|1010|10100|0 0x08E6A8
0x0e 0100100|011|1|0111|01111|0 0x091DDE
BX = 110 Event : 15
0x00 0010000|010|1|0111|01100|1 0x0415D9
0x01 0010011|000|1|1001|11010|1 0x04C675
0x02 0010100|001|1|0100|11001|1 0x050D33
BX = 111 Event : 16
0x00 0010000|011|1|0100|00110|1 0x041D0D
0x01 0010001|011|1|0111|01000|1 0x045DD1
0x02 0010011|011|1|0111|00110|1 0x04DDCD
0x03 0010100|100|1|0101|00101|1 0x05254B
0x04 0010110|010|1|1011|01011|1 0x0596D7
0x05 0011001|011|1|1010|01111|1 0x065E9F
0x06 0011011|010|1|0101|10000|1 0x06D561
0x07 0011100|011|1|1000|10110|1 0x071E2D
0x08 0011111|001|1|0100|10111|1 0x07CD2F
0x09 0100000|000|1|1011|10110|1 0x0806ED
0x0a 0100010|011|1|1000|10111|1 0x089E2F
0x0b 0100110|011|1|0111|10110|1 0x099DED
0x0c 0110010|100|1|0101|10001|0 0x0CA562
BX = 000 Event : 17
0x00 0001110|001|1|1011|10100|1 0x038EE9
0x01 0001111|110|1|0101|10011|1 0x03F567
0x02 0010010|000|1|1010|11010|1 0x0486B5
0x03 0011111|011|1|1010|10001|0 0x07DEA2
BX = 001 Event : 18
0x00 0011010|101|1|1001|00111|1 0x06AE4F
0x01 0011011|101|1|1001|00111|1 0x06EE4F
0x02 0011101|011|1|1000|00110|1 0x075E0D
0x03 0011111|101|1|1000|01100|1 0x07EE19
0x04 0100100|011|1|1011|01010|1 0x091ED5
0x05 0101000|100|1|0100|01101|1 0x0A251B
BX = 010 Event : 19
0x00 0011101|100|1|1001|00101|1 0x07664B
0x01 0011110|101|1|1001|00111|1 0x07AE4F
0x02 0100011|100|1|0100|01101|1 0x08E51B
0x03 0100101|100|1|0100|01101|1 0x09651B
0x04 0110100|100|1|1001|10101|1 0x0D266B
0x05 0110110|100|1|1001|10100|1 0x0DA669
0x06 0111110|101|1|1010|10100|1 0x0FAEA9
0x07 0111111|101|1|1001|10010|1 0x0FEE65
0x08 1000000|101|1|1001|10010|1 0x102E65
0x09 1000001|101|1|1001|10011|1 0x106E67
0x0a 1000010|011|1|1011|10011|1 0x109EE7
0x0b 1000011|011|1|1011|10011|1 0x10DEE7
BX = 011 Event : 20
0x00 0011000|010|1|0101|11000|1 0x061571
0x01 0011001|001|1|0111|10111|1 0x064DEF
0x02 0100100|010|1|1011|10001|0 0x0916E2
0x03 0100101|010|1|1011|10001|0 0x0956E2
0x04 0100110|010|1|1011|10001|0 0x0996E2
BX = 100 Event : 21
0x00 0011110|100|1|1000|10101|1 0x07A62B
0x01 0011111|100|1|1000|10110|1 0x07E62D
0x02 0101001|100|1|1010|01111|0 0x0A669E
BX = 101 Event : 22
0x00 0010011|011|1|0101|01000|1 0x04DD51
0x01 0010100|011|1|0110|01000|1 0x051D91
0x02 0010101|001|1|0101|01000|1 0x054D51
0x03 0010110|111|0|0110|01100|1 0x05B999
0x04 0010111|010|1|1001|01001|1 0x05D653
0x05 0011000|010|1|1010|01001|1 0x061693
0x06 0011001|001|1|0100|01011|1 0x064D17
0x07 0011101|010|1|1011|01011|1 0x0756D7
0x08 0111011|100|1|0100|11001|1 0x0EE533
0x09 0111100|000|1|1011|10111|1 0x0F06EF
0x0a 0111101|001|1|1000|10111|1 0x0F4E2F
0x0b 0111110|000|1|1011|11000|1 0x0F86F1
0x0c 1001111|100|1|0100|01111|0 0x13E51E
0x0d 1010000|100|1|0100|01111|0 0x14251E
BX = 110 Event : 23
0x00 0001101|100|1|1010|00111|1 0x03668F
0x01 0001110|101|1|1000|01010|1 0x03AE15
0x02 0001111|101|1|1000|01010|1 0x03EE15
0x03 0100001|011|1|0100|01101|1 0x085D1B
0x04 0101100|010|1|0111|10101|1 0x0B15EB
0x05 0101101|010|1|0111|10100|1 0x0B55E9
0x06 0101111|100|1|0100|10010|1 0x0BE525
0x07 0110111|011|1|1010|10101|1 0x0DDEAB
0x08 1001100|011|1|0110|01001|0 0x131D92
BX = 111 Event : 24
0x00 0001010|101|1|1000|01001|1 0x02AE13
0x01 0001011|100|1|0110|00101|1 0x02E58B
0x02 0010001|111|0|0100|11010|1 0x047935
BX = 000 Event : 25
0x00 0001010|010|1|1001|00111|1 0x02964F
0x01 0001011|011|1|0110|01001|1 0x02DD93
0x02 0001101|011|1|0110|00111|1 0x035D8F
0x03 0001111|010|1|1011|01010|1 0x03D6D5
0x04 0010000|011|1|1000|01100|1 0x041E19
0x05 0010110|100|1|0111|01100|1 0x05A5D9
BX = 001 Event : 26
0x00 0001100|111|0|0101|00110|1 0x03394D
0x01 0010110|010|1|1010|11010|1 0x0596B5
0x02 0010111|011|1|1010|10110|1 0x05DEAD
BX = 010 Event : 27
0x00 0010100|001|1|1011|11010|1 0x050EF5
0x01 0100000|100|1|1001|10011|0 0x082666
0x02 0101000|010|1|1000|01010|0 0x0A1614
BX = 011 Event : 28
0x00 0001110|100|1|0110|01000|1 0x03A591
0x01 0001111|100|1|1000|01000|1 0x03E611
BX = 100 Event : 29
0x00 0001111|011|1|1010|01000|1 0x03DE91
0x01 0010000|011|1|1010|01000|1 0x041E91
0x02 0011100|011|1|1001|01111|1 0x071E5F
0x03 0011101|010|1|0101|11001|1 0x075573
BX = 101 Event : 30
0x00 0001110|010|1|1001|01101|1 0x03965B
0x01 0011001|100|1|0110|10110|1 0x0665AD
BX = 110 Event : 31
0x00 0010101|010|1|1001|00101|1 0x05564B
0x01 0011000|100|1|1001|00110|1 0x06264D
0x02 0011010|101|1|1000|01100|1 0x06AE19
0x03 0011011|011|1|0100|00111|1 0x06DD0F
0x04 0011101|011|1|0100|01000|1 0x075D11
0x05 0011111|010|1|1011|01101|1 0x07D6DB
0x06 0100101|010|1|0110|01011|1 0x095597
0x07 0100111|011|1|0100|01100|1 0x09DD19
0x08 0101011|011|1|1010|10011|1 0x0ADEA7
0x09 0101100|011|1|1010|01101|1 0x0B1E9B
0x0a 0110000|100|1|1001|10100|1 0x0C2669
0x0b 0110001|100|1|1001|10101|1 0x0C666B
0x0c 0110100|001|1|0111|10110|1 0x0D0DED
0x0d 0110110|100|1|0111|10111|1 0x0DA5EF
0x0e 0110111|000|0|0000|11000|1 0x0DC031
BX = 111 Event : 32
0x00 0001001|011|1|0110|00110|1 0x025D8D
0x01 0001100|010|1|1011|01000|1 0x0316D1
0x02 0001110|010|1|1011|00101|1 0x0396CB
0x03 0001111|011|1|0110|01000|1 0x03DD91
0x04 0010100|011|1|0100|01011|1 0x051D17
BX = 000 Event : 33
0x00 0010010|010|1|0111|00111|1 0x0495CF
0x01 0010011|010|1|1000|01000|1 0x04D611
0x02 0011010|001|1|1010|01100|1 0x068E99
0x03 0100110|000|1|0100|10101|1 0x09852B
0x04 0100111|011|1|0100|10110|1 0x09DD2D
0x05 0101000|100|1|1011|11001|1 0x0A26F3
BX = 001 Event : 34
0x00 0001100|001|1|0100|11001|1 0x030D33
BX = 010 Event : 35
0x00 0010001|110|1|1011|11010|1 0x0476F5
BX = 011 Event : 36
0x00 0001111|011|1|1001|00110|1 0x03DE4D
0x01 0011001|100|1|1010|10010|1 0x0666A5
0x02 0011010|101|1|0101|10011|1 0x06AD67
0x03 0100010|000|1|1011|11011|1 0x0886F7
BX = 100 Event : 37
0x00 0010001|000|0|0010|01100|1 0x044099
0x01 0010010|000|0|0011|01110|1 0x0480DD
0x02 0010011|000|1|0111|01111|1 0x04C5DF
0x03 0010111|001|1|0111|11001|1 0x05CDF3
BX = 101 Event : 38
0x00 0001001|010|1|0100|00110|1 0x02550D
0x01 0001010|010|1|1010|00101|1 0x02968B
0x02 0001011|010|1|0100|00110|1 0x02D50D
0x03 0001100|101|1|0100|01011|1 0x032D17
BX = 110 Event : 39
0x00 0001110|011|1|0110|01001|1 0x039D93
0x01 0001111|011|1|1001|01000|1 0x03DE51
0x02 0010000|011|1|1000|00111|1 0x041E0F
0x03 0011101|010|1|1011|11001|1 0x0756F3
0x04 0011110|010|1|1011|10110|1 0x0796ED
0x05 0101110|101|1|0101|01010|0 0x0BAD54
BX = 111 Event : 40
0x00 0011001|001|1|0100|00101|1 0x064D0B
0x01 0011010|001|1|1011|00100|1 0x068EC9
0x02 0011011|001|1|1011|00101|1 0x06CECB
0x03 0011101|110|1|1010|01100|1 0x077699
0x04 0011110|110|1|1001|01100|1 0x07B659
0x05 0100001|001|1|1011|01010|1 0x084ED5
0x06 0100010|001|1|1010|01010|1 0x088E95
0x07 0100011|001|1|1001|01100|1 0x08CE59
0x08 0101101|011|1|1001|11010|1 0x0B5E75
BX = 000 Event : 41
0x00 0001000|011|1|0111|00101|1 0x021DCB
0x01 0001010|011|1|0111|00101|1 0x029DCB
0x02 0010000|001|1|0110|10000|1 0x040DA1
0x03 0100001|011|1|1010|01011|0 0x085E96
BX = 001 Event : 42
0x00 0000110|100|1|1011|00101|1 0x01A6CB
0x01 0001000|010|1|0110|01001|1 0x021593
BX = 010 Event : 43
0x00 0000101|001|1|0100|00111|1 0x014D0F
0x01 0001011|011|1|1000|10010|1 0x02DE25
0x02 0001100|011|1|1000|10010|1 0x031E25
0x03 0001101|000|1|0101|10010|1 0x034565
0x04 0001110|000|1|0101|10101|1 0x03856B
0x05 0001111|110|1|1000|10100|1 0x03F629
0x06 0010000|110|1|0111|10011|1 0x0435E7
0x07 0010101|011|1|1011|10100|1 0x055EE9
BX = 011 Event : 44
0x00 0001111|011|1|0111|00101|1 0x03DDCB
0x01 0010000|011|1|0111|00110|1 0x041DCD
0x02 0011010|100|1|1010|00110|1 0x06A68D
0x03 0011011|100|1|1010|00110|1 0x06E68D
0x04 0011100|100|1|1001|00110|1 0x07264D
0x05 0101000|011|1|0100|10110|1 0x0A1D2D
0x06 0110001|000|1|1001|11010|1 0x0C4675
0x07 0110110|011|1|0110|10110|0 0x0D9DAC
BX = 100 Event : 45
0x00 0001001|011|1|0110|00110|1 0x025D8D
0x01 0001011|010|1|1001|01000|1 0x02D651
0x02 0010101|011|1|0101|01111|1 0x055D5F
0x03 0011000|101|1|1001|10111|1 0x062E6F
BX = 101 Event : 46
0x00 0010101|011|1|0101|01011|1 0x055D57
0x01 0011011|011|1|1011|10011|1 0x06DEE7
BX = 110 Event : 47
0x00 0001100|101|1|1000|00111|1 0x032E0F
0x01 0001101|010|1|0110|00110|1 0x03558D
0x02 0001110|010|1|0101|00110|1 0x03954D
0x03 0010100|011|1|0100|10101|1 0x051D2B
0x04 0010110|101|1|0101|10011|1 0x05AD67
0x05 0011010|100|1|0100|10100|1 0x06A529
0x06 0100100|011|1|1000|11000|1 0x091E31
0x07 0100101|100|1|0100|11001|1 0x096533
0x08 0100110|100|1|0100|10111|1 0x09A52F
0x09 0111110|011|1|1000|11000|0 0x0F9E30
0x0a 0111111|011|1|0100|10101|0 0x0FDD2A
BX = 111 Event : 48
0x00 0010101|110|1|1001|10011|1 0x057667
BX = 000 Event : 49
0x00 0101101|000|1|0101|01101|1 0x0B455B
0x01 0101110|000|1|0101|01101|1 0x0B855B
0x02 0110010|000|0|0000|10100|1 0x0C8029
0x03 0110110|011|1|1010|10000|1 0x0D9EA1
BX = 001 Event : 50
0x00 0000110|001|1|0110|00111|1 0x018D8F
0x01 0001001|101|1|1011|01011|1 0x026ED7
0x02 0001110|011|1|1011|10100|1 0x039EE9
0x03 0010000|011|1|0110|10010|1 0x041DA5
0x04 0010010|101|1|1001|11010|1 0x04AE75
0x05 0010011|111|0|0110|11011|1 0x04F9B7
BX = 010 Event : 51
0x00 0100110|011|1|0101|01101|1 0x099D5B
0x01 0100111|011|1|0101|01100|1 0x09DD59
BX = 011 Event : 52
0x00 0010101|010|1|1011|11000|1 0x0556F1
0x01 0011000|001|1|1001|11001|1 0x060E73
0x02 0011001|001|1|1011|11000|1 0x064EF1
BX = 100 Event : 53
0x00 0010011|100|1|1010|00111|1 0x04E68F
0x01 0011110|100|1|0111|00111|1 0x07A5CF
0x02 0101010|010|1|1001|10001|1 0x0A9663
0x03 0101101|010|1|0101|11001|1 0x0B5573
BX = 101 Event : 54
0x00 0000110|101|1|0111|01110|1 0x01ADDD
0x01 0001001|010|1|1011|10001|1 0x0256E3
0x02 0001011|010|1|1011|10001|1 0x02D6E3
0x03 0010001|011|1|1000|10100|1 0x045E29
0x04 0010010|011|1|1000|10101|1 0x049E2B
0x05 0010111|001|1|1000|11010|1 0x05CE35
BX = 110 Event : 55
0x00 0010010|010|1|1011|01101|1 0x0496DB
0x01 0010011|010|1|0110|01011|1 0x04D597
0x02 0010101|011|1|0100|01100|1 0x055D19
0x03 0011001|010|1|1001|10111|1 0x06566F
0x04 0011010|100|1|1001|10100|1 0x06A669
0x05 0011011|100|1|1001|10101|1 0x06E66B
0x06 0011110|100|1|0111|10111|1 0x07A5EF
BX = 111 Event : 56
0x00 0110101|011|1|0110|01110|1 0x0D5D9D
0x01 1000001|011|1|1001|11010|1 0x105E75
0x02 1000010|100|1|0100|11000|1 0x10A531
0x03 1000011|011|1|1000|11000|1 0x10DE31
0x04 1000100|011|1|1011|10101|1 0x111EEB
0x05 1010011|100|1|0100|10111|0 0x14E52E
BX = 000 Event : 57
0x00 0010010|001|1|1010|01101|1 0x048E9B
0x01 0011011|011|1|0100|10110|1 0x06DD2D
0x02 0011111|101|1|0100|10101|1 0x07ED2B
BX = 001 Event : 58
0x00 0000110|011|1|0101|00100|1 0x019D49
0x01 0001000|011|1|0101|00101|1 0x021D4B
0x02 0001001|011|1|0101|00101|1 0x025D4B
0x03 0001110|011|1|1000|00111|1 0x039E0F
0x04 0001111|011|1|1000|01000|1 0x03DE11
0x05 0011010|100|1|1010|01111|1 0x06A69F
0x06 0110010|011|1|0100|10110|0 0x0C9D2C
BX = 010 Event : 59
0x00 0001100|110|1|1010|01001|1 0x033693
0x01 0001101|110|1|1011|01010|1 0x0376D5
0x02 0011101|100|1|0111|10010|1 0x0765E5
BX = 011 Event : 60
0x00 0001100|010|1|1011|01011|1 0x0316D7
0x01 0001101|011|1|0110|01001|1 0x035D93
0x02 0001110|010|1|1010|01001|1 0x039693
0x03 0001111|011|1|0101|00111|1 0x03DD4F
0x04 0100111|011|1|1011|01111|1 0x09DEDF
BX = 100 Event : 61
0x00 0001010|100|1|1011|00101|1 0x02A6CB
0x01 0001011|101|1|1010|01011|1 0x02EE97
0x02 0011010|000|1|0110|11000|1 0x0685B1
0x03 0011011|000|1|0110|11001|1 0x06C5B3
BX = 101 Event : 62
0x00 0001010|100|1|1011|00110|1 0x02A6CD
0x01 0001110|101|1|1010|01100|1 0x03AE99
0x02 0001111|101|1|1010|01100|1 0x03EE99
0x03 0010000|101|1|1010|01100|1 0x042E99
0x04 0010001|110|1|0100|01011|1 0x047517
0x05 0010111|011|1|1001|10110|1 0x05DE6D
0x06 0011000|011|1|1010|10110|1 0x061EAD
0x07 0011001|100|1|1000|10111|1 0x06662F
BX = 110 Event : 63
0x00 0010111|000|0|0001|01000|1 0x05C051
BX = 111 Event : 64
0x00 0001011|000|0|0000|00101|1 0x02C00B
0x01 0001100|001|1|0111|00110|1 0x030DCD
0x02 0001101|001|1|0111|00110|1 0x034DCD
0x03 0001110|001|1|0111|00101|1 0x038DCB
0x04 0001111|001|1|0111|00101|1 0x03CDCB
0x05 0100100|010|1|0101|00110|1 0x09154D
0x06 0100101|001|1|0100|01000|1 0x094D11
0x07 0100110|001|1|0110|00101|1 0x098D8B
0x08 0101100|100|1|0111|10001|1 0x0B25E3
BX = 000 Event : 65
0x00 0000011|010|1|1000|00110|1 0x00D60D
0x01 0000110|011|1|0100|00110|1 0x019D0D
0x02 0000111|010|1|1001|00111|1 0x01D64F
0x03 0001001|000|1|0111|01011|1 0x0245D7
0x04 0001101|000|0|0010|11001|1 0x0340B3
BX = 001 Event : 66
0x00 0011001|000|1|1000|11000|1 0x064631
BX = 010 Event : 67
0x00 0001100|110|1|1011|00111|1 0x0336CF
0x01 0001111|100|1|1001|01011|1 0x03E657
0x02 0010010|100|1|1000|01101|1 0x04A61B
0x03 0010011|100|1|1001|01011|1 0x04E657
0x04 0011010|100|1|1001|01011|1 0x06A657
0x05 0101000|100|1|1001|10101|1 0x0A266B
0x06 0101011|101|1|1011|10100|1 0x0AEEE9
0x07 0110000|101|1|1011|11001|1 0x0C2EF3
0x08 0110001|010|1|1000|10111|1 0x0C562F
0x09 0110010|010|1|1000|11000|1 0x0C9631
0x0a 0110100|010|1|0110|11001|1 0x0D15B3
0x0b 1001111|011|1|0101|01111|0 0x13DD5E
0x0c 1010000|100|1|0111|01011|0 0x1425D6
0x0d 1010001|100|1|1001|01000|0 0x146650
BX = 011 Event : 68
0x00 0010001|011|1|0110|00101|1 0x045D8B
0x01 0010010|011|1|0110|00101|1 0x049D8B
0x02 0010100|100|1|1011|00110|1 0x0526CD
0x03 0011001|011|1|0110|00101|1 0x065D8B
0x04 0011010|011|1|1011|00111|1 0x069ECF
0x05 0100111|011|1|1010|01101|1 0x09DE9B
0x06 0101010|011|1|1001|01100|1 0x0A9E59
0x07 0101011|011|1|1001|01011|1 0x0ADE57
0x08 0110010|100|1|1011|01111|1 0x0CA6DF
0x09 0110011|100|1|1011|01101|1 0x0CE6DB
0x0a 0110100|100|1|1011|01111|1 0x0D26DF
0x0b 0110101|100|1|1011|01110|1 0x0D66DD
0x0c 0110110|011|1|0101|10011|1 0x0D9D67
0x0d 0111101|011|1|0100|10100|1 0x0F5D29
0x0e 1000001|011|1|0100|10100|1 0x105D29
0x0f 1000101|011|1|0111|10010|1 0x115DE5
0x10 1001110|011|1|0110|10110|1 0x139DAD
0x11 1111001|011|1|1010|01011|0 0x1E5E96
BX = 100 Event : 69
0x00 0011100|110|1|1010|10001|1 0x0736A3
0x01 0011101|110|1|1010|10001|1 0x0776A3
0x02 0100010|000|1|1000|11001|1 0x088633
0x03 0100011|000|1|1000|11001|1 0x08C633
BX = 101 Event : 70
0x00 0001111|000|1|0101|00101|1 0x03C54B
0x01 0010001|110|1|0100|01000|1 0x047511
0x02 0011011|011|1|0100|01010|1 0x06DD15
0x03 0011111|001|1|0101|10111|1 0x07CD6F
0x04 0100100|010|1|0101|11001|1 0x091573
0x05 0100101|000|1|1000|11010|1 0x094635
0x06 0100110|010|1|0101|11010|1 0x099575
BX = 110 Event : 71
0x00 0001100|011|1|0100|01111|1 0x031D1F
0x01 0001101|011|1|0100|10001|1 0x035D23
0x02 0001110|010|1|1011|10001|1 0x0396E3
0x03 0001111|011|1|0111|10011|1 0x03DDE7
0x04 0010000|011|1|0100|01111|1 0x041D1F
0x05 0011001|011|1|1011|10101|1 0x065EEB
0x06 0011101|010|1|1001|10110|1 0x07566D
0x07 0011110|010|1|1010|10111|1 0x0796AF
0x08 0011111|100|1|0101|10111|1 0x07E56F
BX = 111 Event : 72
0x00 0001110|011|1|0111|00100|1 0x039DC9
0x01 0001111|100|1|0111|00101|1 0x03E5CB
0x02 0011000|010|1|0111|00111|1 0x0615CF
0x03 0011001|010|1|1011|00111|1 0x0656CF
0x04 0011010|011|1|0101|01000|1 0x069D51
0x05 0100011|100|1|1001|01000|1 0x08E651
0x06 0100100|100|1|1001|01001|1 0x092653
0x07 0100101|100|1|1011|01000|1 0x0966D1
0x08 0100110|100|1|0101|01000|1 0x09A551
0x09 0100111|100|1|1000|01010|1 0x09E615
0x0a 0101000|100|1|1000|01010|1 0x0A2615
0x0b 0101001|100|1|1010|01001|1 0x0A6693
0x0c 0101010|101|1|1001|01100|1 0x0AAE59
0x0d 0101011|101|1|1001|01101|1 0x0AEE5B
0x0e 0101100|101|1|0111|01100|1 0x0B2DD9
0x0f 0110000|010|1|1000|01011|1 0x0C1617
0x10 0110001|010|1|1011|01100|1 0x0C56D9
0x11 0110011|100|1|0101|01000|1 0x0CE551
0x12 0110100|100|1|1001|01001|1 0x0D2653
0x13 0110101|100|1|1001|01001|1 0x0D6653
0x14 0110110|100|1|1010|01001|1 0x0DA693
0x15 1010010|101|1|1010|10011|1 0x14AEA7
0x16 1010011|101|1|1010|10100|1 0x14EEA9
0x17 1010111|110|1|0100|10111|1 0x15F52F
0x18 1011001|011|1|1010|10110|1 0x165EAD
0x19 1011010|011|1|1001|10110|1 0x169E6D
0x1a 1011100|011|1|1001|11000|1 0x171E71
0x1b 1011101|011|1|1010|10110|1 0x175EAD
0x1c 1101010|100|1|1000|01001|0 0x1AA612
BX = 000 Event : 73
0x00 0010100|000|1|0110|10101|1 0x0505AB
0x01 0010110|011|1|0100|11000|1 0x059D31
BX = 001 Event : 74
0x00 0001000|011|1|0100|00101|1 0x021D0B
0x01 0001011|011|1|0100|00101|1 0x02DD0B
0x02 0001100|010|1|1011|00101|1 0x0316CB
0x03 0001110|010|1|1011|00110|1 0x0396CD
BX = 010 Event : 75
0x00 0000110|000|1|0111|00111|1 0x0185CF
0x01 0000111|000|1|0111|00111|1 0x01C5CF
0x02 0001000|000|1|0111|00111|1 0x0205CF
0x03 0001110|011|1|1011|01010|1 0x039ED5
0x04 0001111|100|1|0101|01011|1 0x03E557
0x05 0010000|000|1|0111|01010|1 0x0405D5
0x06 0011010|101|1|0100|11000|1 0x06AD31
0x07 0100111|100|1|0101|01011|0 0x09E556
BX = 011 Event : 76
0x00 0100011|110|1|0110|01001|1 0x08F593
0x01 0100110|010|1|0111|01000|1 0x0995D1
0x02 0100111|010|1|0110|00110|1 0x09D58D
0x03 0101000|010|1|0110|01000|1 0x0A1591
0x04 0101010|010|1|0110|01000|1 0x0A9591
0x05 0101101|010|1|0111|01000|1 0x0B55D1
0x06 0110000|100|1|1010|01000|1 0x0C2691
0x07 1000101|011|1|1000|11000|1 0x115E31
0x08 1001000|101|1|0100|11010|1 0x122D35
0x09 1010000|101|1|0110|01010|0 0x142D94
BX = 100 Event : 77
0x00 0001111|100|1|1001|00110|1 0x03E64D
0x01 0010010|100|1|1001|00110|1 0x04A64D
0x02 0010011|010|1|1000|01000|1 0x04D611
0x03 0101111|011|1|0110|11010|1 0x0BDDB5
0x04 0110000|011|1|0110|11010|1 0x0C1DB5
BX = 101 Event : 78
0x00 0010011|010|1|1010|10010|1 0x04D6A5
0x01 0011000|010|1|1001|10111|1 0x06166F
0x02 0011001|010|1|1001|10101|1 0x06566B
0x03 0011010|010|1|1000|10111|1 0x06962F
0x04 0011011|010|1|1000|10101|1 0x06D62B
BX = 110 Event : 79
0x00 0100000|011|1|0110|00110|1 0x081D8D
0x01 0110110|110|1|1000|01010|1 0x0DB615
0x02 0111000|011|1|0101|01010|1 0x0E1D55
0x03 0111010|010|1|1000|01000|1 0x0E9611
0x04 0111011|010|1|1000|01000|1 0x0ED611
0x05 0111101|011|1|0110|01100|1 0x0F5D99
0x06 0111110|011|1|0110|01100|1 0x0F9D99
0x07 1000001|100|1|1000|01111|1 0x10661F
0x08 1000010|001|1|1011|10110|1 0x108EED
0x09 1000011|010|1|0100|10110|1 0x10D52D
0x0a 1000100|010|1|0100|10110|1 0x11152D
0x0b 1001011|010|1|1010|11001|1 0x12D6B3
0x0c 1010010|010|1|1011|11001|1 0x1496F3
0x0d 1010100|010|1|1010|11001|1 0x1516B3
0x0e 1100111|001|1|1011|10101|0 0x19CEEA
BX = 111 Event : 80
0x00 0001001|010|1|1000|01101|1 0x02561B
0x01 0010100|101|1|0110|10110|1 0x052DAD
0x02 0010101|010|1|1001|10100|1 0x055669
0x03 0010110|010|1|1001|10100|1 0x059669
0x04 0011101|010|1|1000|10010|0 0x075624
0x05 0011110|010|1|0111|10010|0 0x0795E4
BX = 000 Event : 81
0x00 0100001|010|1|1001|01101|1 0x08565B
0x01 0100101|010|1|1001|01111|1 0x09565F
0x02 0110001|001|1|1001|10100|1 0x0C4E69
0x03 0110010|010|1|0100|10100|1 0x0C9529
0x04 0110011|010|1|0100|10100|1 0x0CD529
BX = 001 Event : 82
0x00 0100010|001|1|1000|01110|1 0x088E1D
0x01 0100011|001|1|1000|01110|1 0x08CE1D
0x02 0100100|010|1|1010|10000|1 0x0916A1
0x03 0101001|010|1|1010|10010|1 0x0A56A5
BX = 010 Event : 83
0x00 0010001|100|1|1011|01000|1 0x0466D1
0x01 0010011|101|1|0110|01000|1 0x04ED91
0x02 0011111|101|1|1011|10011|1 0x07EEE7
0x03 0101010|100|1|1000|01011|0 0x0AA616
0x04 0101011|100|1|0111|01011|0 0x0AE5D6
0x05 0101100|100|1|1010|01011|0 0x0B2696
BX = 011 Event : 84
0x00 0011110|011|1|1000|10011|1 0x079E27
0x01 0100000|010|1|0101|01111|1 0x08155F
0x02 0100100|101|1|1011|10111|1 0x092EEF
0x03 0100101|110|1|0110|10110|1 0x0975AD
0x04 0100110|110|1|0110|10110|1 0x09B5AD
0x05 0100111|110|1|0110|10110|1 0x09F5AD
0x06 0101000|110|1|0110|10110|1 0x0A35AD
0x07 0111101|101|1|0110|01111|0 0x0F6D9E
BX = 100 Event : 85
0x00 0011111|010|1|1011|00110|1 0x07D6CD
0x01 0101000|011|1|1010|01101|1 0x0A1E9B
0x02 0101011|001|1|0110|01110|1 0x0ACD9D
0x03 0101100|001|1|0111|01111|1 0x0B0DDF
0x04 0101110|010|1|1001|10010|1 0x0B9665
0x05 0111000|100|1|1001|11010|1 0x0E2675
0x06 0111001|000|1|0110|11000|1 0x0E45B1
0x07 1000110|011|1|1010|01101|0 0x119E9A
BX = 101 Event : 86
0x00 0001000|010|1|0100|00111|1 0x02150F
0x01 0001110|000|1|0100|10000|1 0x038521
BX = 110 Event : 87
0x00 0001111|101|1|0101|00110|1 0x03ED4D
0x01 0010100|001|1|1010|00111|1 0x050E8F
0x02 0010101|001|1|1011|00110|1 0x054ECD
0x03 0010110|011|1|1010|01001|1 0x059E93
0x04 0011010|101|1|0101|01001|1 0x06AD53
0x05 0011110|010|1|1000|10101|1 0x07962B
0x06 0011111|011|1|1000|10110|1 0x07DE2D
0x07 0101110|011|1|1011|01001|0 0x0B9ED2
0x08 0101111|011|1|1011|01001|0 0x0BDED2
BX = 111 Event : 88
0x00 0001111|100|1|0101|10011|1 0x03E567
0x01 0010010|100|1|0101|10011|1 0x04A567
0x02 0010011|100|1|0111|10001|1 0x04E5E3
0x03 0010110|100|1|0110|10101|1 0x05A5AB
0x04 0011101|100|1|0110|10010|1 0x0765A5
0x05 0100010|100|1|0111|10110|1 0x08A5ED
0x06 0100011|100|1|1000|10110|1 0x08E62D
0x07 0100101|100|1|0110|10101|1 0x0965AB
0x08 0100110|100|1|0111|10100|1 0x09A5E9
0x09 0100111|100|1|1000|10100|1 0x09E629
0x0a 1000100|100|1|0100|10011|0 0x112526
0x0b 1000101|100|1|0101|10010|0 0x116564
0x0c 1001010|100|1|0100|10000|0 0x12A520
0x0d 1001101|010|1|1001|01001|0 0x135652
BX = 000 Event : 89
0x00 0000110|001|1|1001|01000|1 0x018E51
0x01 0000111|001|1|1001|01000|1 0x01CE51
0x02 0010100|011|1|0100|01101|1 0x051D1B
0x03 0011010|010|1|1011|10100|1 0x0696E9
0x04 0011011|011|1|0100|10100|1 0x06DD29
0x05 0011100|010|1|1010|10001|1 0x0716A3
0x06 0011111|000|0|0001|10100|1 0x07C069
BX = 001 Event : 90
0x00 0000100|010|1|1011|01001|1 0x0116D3
0x01 0000101|011|1|0100|00110|1 0x015D0D
0x02 0000110|010|1|1011|01010|1 0x0196D5
0x03 0000111|011|1|0100|00111|1 0x01DD0F
0x04 0001000|010|1|1011|01010|1 0x0216D5
0x05 0001001|011|1|0100|00111|1 0x025D0F
0x06 0001010|010|1|1011|00110|1 0x0296CD
0x07 0001011|010|1|1011|00110|1 0x02D6CD
0x08 0001100|000|1|1000|00101|1 0x03060B
0x09 0001101|000|1|1000|00101|1 0x03460B
0x0a 0001111|011|1|0100|01011|1 0x03DD17
0x0b 0010011|001|1|1010|10111|1 0x04CEAF
0x0c 0010100|000|0|0001|11010|1 0x050075
0x0d 0010101|011|1|1001|11010|1 0x055E75
BX = 010 Event : 91
0x00 0001111|010|1|1011|01011|1 0x03D6D7
0x01 0010100|011|1|0111|01101|1 0x051DDB
0x02 0010111|111|0|0110|10100|1 0x05F9A9
0x03 0011011|011|1|0101|11010|1 0x06DD75
0x04 0011100|011|1|0101|11010|1 0x071D75
BX = 011 Event : 92
0x00 0010001|011|1|0111|00101|1 0x045DCB
0x01 0010010|011|1|0111|00110|1 0x049DCD
0x02 0011000|100|1|1010|00110|1 0x06268D
0x03 0011001|100|1|1010|00110|1 0x06668D
0x04 0011010|100|1|1001|00110|1 0x06A64D
0x05 0011011|100|1|1001|00111|1 0x06E64F
0x06 0101001|011|1|0100|10100|1 0x0A5D29
0x07 0101010|011|1|0101|10010|1 0x0A9D65
0x08 0101011|011|1|0100|10110|1 0x0ADD2D
0x09 0101110|011|1|0100|11001|1 0x0B9D33
0x0a 0110011|000|1|1001|11010|1 0x0CC675
0x0b 1000001|011|1|0110|10110|0 0x105DAC
BX = 100 Event : 93
0x00 0001110|101|1|1011|01011|1 0x03AED7
0x01 0010110|011|1|1011|10100|1 0x059EE9
0x02 0011000|011|1|0110|10010|1 0x061DA5
0x03 0011100|101|1|1001|11010|1 0x072E75
0x04 0011101|111|0|0110|11011|1 0x0779B7
BX = 101 Event : 94
0x00 0010010|011|1|1011|10011|1 0x049EE7
0x01 0010100|001|1|0101|10101|1 0x050D6B
BX = 110 Event : 95
0x00 0010101|010|1|1011|11000|1 0x0556F1
0x01 0011001|001|1|1001|11001|1 0x064E73
BX = 111 Event : 96
0x00 0010100|011|1|1000|10100|1 0x051E29
0x01 0010101|011|1|1000|10110|1 0x055E2D
BX = 000 Event : 97
0x00 0011000|000|0|0001|00110|1 0x06004D
0x01 0011001|000|0|0001|00110|1 0x06404D
0x02 0011010|000|0|0001|00101|1 0x06804B
0x03 0011011|000|1|0101|00110|1 0x06C54D
0x04 0011100|000|0|0000|00111|1 0x07000F
0x05 0011101|000|0|0001|00101|1 0x07404B
0x06 0011110|000|1|0100|00111|1 0x07850F
0x07 0011111|000|1|0100|00111|1 0x07C50F
0x08 0100000|000|1|0100|00111|1 0x08050F
0x09 0100101|011|1|1011|01100|1 0x095ED9
0x0a 0101000|110|1|1000|10001|1 0x0A3623
0x0b 0101010|011|1|1001|10100|1 0x0A9E69
0x0c 0101011|011|1|1001|10100|1 0x0ADE69
0x0d 0110000|011|1|0111|11001|1 0x0C1DF3
BX = 001 Event : 98
0x00 0010011|101|1|1001|00111|1 0x04EE4F
0x01 0010100|010|1|1000|01010|1 0x051615
0x02 0010110|001|1|1011|01000|1 0x058ED1
0x03 0010111|010|1|0100|00110|1 0x05D50D
0x04 0011111|011|1|0100|01011|1 0x07DD17
0x05 0100000|001|1|1011|01100|1 0x080ED9
0x06 0100010|011|1|0100|01100|1 0x089D19
0x07 0100101|010|1|0101|01101|1 0x09555B
0x08 0100110|101|1|0100|01111|1 0x09AD1F
0x09 0111101|010|1|0110|11001|1 0x0F55B3
0x0a 0111110|010|1|1010|10111|1 0x0F96AF
BX = 010 Event : 99
0x00 0010111|110|1|1000|10000|1 0x05F621
0x01 0011100|100|1|1000|11010|1 0x072635
0x02 0011101|100|1|1000|11010|1 0x076635
0x03 0011110|100|1|0111|11010|1 0x07A5F5
0x04 0011111|100|1|1000|11010|1 0x07E635
BX = 011 Event : 100
0x00 0001111|011|1|0110|01000|1 0x03DD91
0x01 0010000|011|1|0110|01000|1 0x041D91
0x02 0011000|101|1|1011|01100|1 0x062ED9
0x03 0011001|110|1|0100|10010|1 0x067525
0x04 0011010|101|1|1011|01100|1 0x06AED9
0x05 0011011|101|1|1011|01110|1 0x06EEDD
0x06 0100101|011|1|0110|10101|1 0x095DAB
