BX = 000 Event : 1
0x00 0000001|101|1|1001|01010|1 0x006E55
0x01 0000010|101|1|1001|01001|1 0x00AE53
0x02 0001110|011|1|1011|10000|1 0x039EE1
0x03 0001111|011|1|0110|10000|1 0x03DDA1
0x04 0010001|000|1|1011|10001|1 0x0446E3
0x05 0010101|001|1|1010|10101|1 0x054EAB
0x06 0011000|100|1|1010|11010|1 0x0626B5
0x07 0011001|001|1|1010|11000|1 0x064EB1
0x08 0101100|100|1|0100|10010|0 0x0B2524
BX = 001 Event : 2
0x00 0000001|010|1|1011|01001|1 0x0056D3
0x01 0000010|011|1|0111|01001|1 0x009DD3
0x02 0000011|000|0|0000|01100|1 0x00C019
0x03 0001001|001|1|0111|10010|1 0x024DE5
0x04 0001101|011|1|1011|10100|1 0x035EE9
BX = 010 Event : 3
0x00 0000000|010|1|0111|01101|1 0x0015DB
BX = 011 Event : 4
0x00 0000010|000|1|0100|00111|1 0x00850F
0x01 0000100|000|1|0100|00111|1 0x01050F
0x02 0010000|101|1|1001|01100|1 0x042E59
0x03 0011100|000|1|0111|10110|1 0x0705ED
0x04 0011101|010|1|0101|11001|1 0x075573
0x05 0011110|010|1|0110|11000|1 0x0795B1
0x06 0011111|010|1|0101|11000|1 0x07D571
0x07 0100000|010|1|0110|10111|1 0x0815AF
0x08 0100001|010|1|1000|11010|1 0x085635
0x09 0100010|010|1|0100|11010|1 0x089535
0x0a 0100011|010|1|0100|11010|1 0x08D535
0x0b 0100100|010|1|1000|11010|1 0x091635
0x0c 1011110|010|1|1000|11010|0 0x179634
0x0d 1011111|010|1|1000|11010|0 0x17D634
BX = 100 Event : 5
0x00 0000011|011|1|0100|01101|1 0x00DD1B
0x01 0000111|010|1|1000|01111|1 0x01D61F
0x02 0001010|011|1|0100|01111|1 0x029D1F
0x03 0010111|010|1|1000|11001|1 0x05D633
0x04 0011000|010|1|1010|11010|1 0x0616B5
0x05 0011001|010|1|0111|10110|1 0x0655ED
0x06 0011010|010|1|1001|10111|1 0x06966F
0x07 0011011|010|1|0111|10110|1 0x06D5ED
0x08 0011100|010|1|1000|10101|1 0x07162B
0x09 0111111|010|1|1010|00110|0 0x0FD68C
0x0a 1000000|010|1|1010|00111|0 0x10168E
BX = 101 Event : 6
0x00 0000111|101|1|0100|01001|1 0x01ED13
0x01 0001100|101|1|1001|10000|1 0x032E61
0x02 0001101|101|1|1001|10000|1 0x036E61
0x03 0001111|100|1|0100|10010|1 0x03E525
0x04 0010000|100|1|0100|01101|1 0x04251B
0x05 0011010|101|1|1000|11001|1 0x06AE33
BX = 110 Event : 7
BX = 111 Event : 8
0x00 0000000|101|1|0100|00101|1 0x002D0B
BX = 000 Event : 9
0x00 0000000|001|1|1011|00111|1 0x000ECF
0x01 0000001|011|1|1000|00111|1 0x005E0F
0x02 0000011|010|1|1001|01001|1 0x00D653
0x03 0000100|010|1|0111|01011|1 0x0115D7
0x04 0000101|010|1|1000|01100|1 0x015619
0x05 0000110|011|1|0110|01011|1 0x019D97
0x06 0000111|010|1|0100|01011|1 0x01D517
0x07 0001010|101|1|0110|10000|1 0x02ADA1
0x08 0010000|001|1|1010|10111|1 0x040EAF
0x09 0010011|011|1|0100|10110|1 0x04DD2D
0x0a 0010100|011|1|1001|10111|1 0x051E6F
0x0b 0010110|011|1|0100|10110|1 0x059D2D
0x0c 0010111|011|1|1001|10111|1 0x05DE6F
0x0d 0011011|001|1|1010|10111|1 0x06CEAF
0x0e 1000011|001|1|1010|10111|0 0x10CEAE
0x0f 1001000|001|1|1010|00111|0 0x120E8E
BX = 001 Event : 10
0x00 0000000|000|1|1011|01011|1 0x0006D7
BX = 010 Event : 11
0x00 0000001|011|1|1000|00101|1 0x005E0B
0x01 0000010|001|1|1010|01001|1 0x008E93
0x02 0000011|010|1|0101|00101|1 0x00D54B
0x03 0000100|010|1|0110|00101|1 0x01158B
0x04 0000110|110|1|1001|10010|1 0x01B665
0x05 0001100|000|0|0001|11010|1 0x030075
0x06 0001101|000|0|0011|11000|1 0x0340F1
0x07 0001110|000|0|0011|11000|1 0x0380F1
0x08 0110100|001|1|1001|01001|0 0x0D0E52
0x09 0110101|010|1|0100|01010|0 0x0D5514
BX = 011 Event : 12
0x00 0000011|000|1|0101|01001|1 0x00C553
0x01 0000100|000|0|0000|01000|1 0x010011
0x02 0001010|011|1|0101|01111|1 0x029D5F
0x03 0001011|011|1|0101|01111|1 0x02DD5F
0x04 0001100|000|0|0010|01100|1 0x030099
0x05 0010011|011|1|0101|11000|1 0x04DD71
0x06 0010100|011|1|0101|11000|1 0x051D71
0x07 0011000|101|1|0100|11001|1 0x062D33
BX = 100 Event : 13
0x00 0000010|100|1|0110|10001|1 0x00A5A3
0x01 0000011|100|1|0101|10010|1 0x00E565
0x02 0000100|000|1|1001|10011|1 0x010667
0x03 0010010|011|1|1010|11000|1 0x049EB1
BX = 101 Event : 14
0x00 0000000|011|1|0100|01001|1 0x001D13
0x01 0000100|010|1|0110|11000|1 0x0115B1
0x02 0000110|001|1|1000|11000|1 0x018E31
0x03 0000111|001|1|1000|11001|1 0x01CE33
0x04 0001000|010|1|1000|11001|1 0x021633
0x05 0001011|010|1|0110|11010|1 0x02D5B5
0x06 0001100|010|1|0111|11001|1 0x0315F3
BX = 110 Event : 15
0x00 0000010|100|1|1011|01011|1 0x00A6D7
0x01 0001111|010|1|1001|11000|1 0x03D671
0x02 0010000|100|1|0110|11010|1 0x0425B5
0x03 0010001|100|1|0110|11010|1 0x0465B5
BX = 111 Event : 16
0x00 0000000|100|1|1010|01000|1 0x002691
0x01 0000001|100|1|1010|01000|1 0x006691
0x02 0001010|100|1|0100|10111|1 0x02A52F
BX = 000 Event : 17
0x00 0000010|100|1|0101|00101|1 0x00A54B
0x01 0000011|100|1|1000|00111|1 0x00E60F
0x02 0000100|000|0|0001|01011|1 0x010057
0x03 0001111|011|1|0110|10011|1 0x03DDA7
0x04 0010000|011|1|1000|10101|1 0x041E2B
0x05 0010001|011|1|1000|10110|1 0x045E2D
BX = 001 Event : 18
0x00 0000101|101|1|1000|10001|1 0x016E23
0x01 0000110|010|1|1000|10100|1 0x019629
BX = 010 Event : 19
0x00 0001010|010|1|0111|10110|1 0x0295ED
0x01 0010011|011|1|1010|10111|1 0x04DEAF
0x02 0010100|011|1|1010|10111|1 0x051EAF
0x03 0011011|011|1|1010|11011|1 0x06DEB7
0x04 0011100|011|1|1010|11011|1 0x071EB7
BX = 011 Event : 20
0x00 0000001|000|1|0100|01001|1 0x004513
0x01 0000100|100|1|1001|01001|1 0x012653
0x02 0000111|100|1|1001|01011|1 0x01E657
0x03 0001001|100|1|1001|01001|1 0x026653
0x04 0001011|100|1|1000|01011|1 0x02E617
0x05 0001100|100|1|1001|01010|1 0x032655
0x06 0001101|111|0|0101|10001|1 0x037963
0x07 0001110|111|0|0100|01111|1 0x03B91F
0x08 0010001|010|1|0101|10001|1 0x045563
0x09 0010010|010|1|0110|01111|1 0x04959F
0x0a 0100101|100|1|0100|10110|1 0x09652D
0x0b 0100110|100|1|0111|10110|1 0x09A5ED
0x0c 0101001|011|1|1011|10101|1 0x0A5EEB
0x0d 0101010|100|1|0110|10101|1 0x0AA5AB
0x0e 0101100|011|1|1011|10110|1 0x0B1EED
0x0f 0101101|100|1|0110|10110|1 0x0B65AD
BX = 100 Event : 21
0x00 0000010|010|1|1000|01110|1 0x00961D
0x01 0001001|100|1|1010|10100|1 0x0266A9
0x02 0001110|101|1|1000|10101|1 0x03AE2B
0x03 0011010|011|1|0110|11011|1 0x069DB7
BX = 101 Event : 22
0x00 0000011|101|1|1011|01000|1 0x00EED1
0x01 0000101|101|1|1000|00101|1 0x016E0B
0x02 0000110|101|1|1000|00110|1 0x01AE0D
0x03 0001001|101|1|1000|01111|1 0x026E1F
0x04 0001011|011|1|1000|10101|1 0x02DE2B
0x05 0001101|011|1|1000|10101|1 0x035E2B
0x06 0110101|100|1|1000|01100|0 0x0D6618
BX = 110 Event : 23
0x00 0000010|010|1|0110|01101|1 0x00959B
0x01 0001111|101|1|0110|10110|1 0x03EDAD
0x02 0011001|001|1|0100|11001|1 0x064D33
0x03 0011010|001|1|0100|11001|1 0x068D33
0x04 0011011|001|1|0101|11001|1 0x06CD73
0x05 0011100|001|1|0101|11001|1 0x070D73
0x06 1000000|011|1|1001|10111|0 0x101E6E
0x07 1000010|100|1|1011|01010|0 0x10A6D4
0x08 1000011|100|1|1011|01001|0 0x10E6D2
BX = 111 Event : 24
0x00 0000000|100|1|0110|01100|1 0x002599
0x01 0000011|100|1|0111|01100|1 0x00E5D9
0x02 0000111|100|1|1000|01010|1 0x01E615
0x03 0001001|100|1|0111|01110|1 0x0265DD
0x04 0001110|101|1|0101|01000|1 0x03AD51
0x05 0001111|101|1|0101|01000|1 0x03ED51
0x06 0010011|100|1|1011|01011|1 0x04E6D7
0x07 0010111|100|1|1000|10011|1 0x05E627
0x08 0011001|011|1|0111|10010|1 0x065DE5
0x09 0011100|001|1|0110|10100|1 0x070DA9
0x0a 0011111|000|0|0001|10111|1 0x07C06F
BX = 000 Event : 25
0x00 0010111|101|1|1010|11001|1 0x05EEB3
0x01 0011000|101|1|1010|11001|1 0x062EB3
0x02 0011001|101|1|1001|11000|1 0x066E71
0x03 0011010|101|1|1001|11000|1 0x06AE71
0x04 0011011|101|1|1010|11001|1 0x06EEB3
BX = 001 Event : 26
0x00 0000000|000|1|0111|01001|1 0x0005D3
0x01 0000001|010|1|0110|01010|1 0x005595
0x02 0000011|000|1|1000|01010|1 0x00C615
0x03 0000100|001|1|0110|01001|1 0x010D93
0x04 0000111|100|1|1010|01010|1 0x01E695
0x05 0001000|110|1|0110|01001|1 0x023593
0x06 0001110|011|1|0101|01011|1 0x039D57
0x07 0001111|011|1|0101|01011|1 0x03DD57
0x08 0010101|100|1|0111|10001|1 0x0565E3
0x09 0011000|001|1|1001|10110|1 0x060E6D
0x0a 0011001|001|1|1001|10110|1 0x064E6D
0x0b 0011010|001|1|1001|10110|1 0x068E6D
BX = 010 Event : 27
0x00 0000001|000|0|0000|00110|1 0x00400D
0x01 0000011|101|1|0100|01011|1 0x00ED17
0x02 0111000|101|1|0101|01011|0 0x0E2D56
BX = 011 Event : 28
0x00 0001110|100|1|0111|10100|1 0x03A5E9
0x01 0010010|110|1|0110|11001|1 0x04B5B3
0x02 0010011|110|1|0110|11001|1 0x04F5B3
0x03 0010100|110|1|0110|11000|1 0x0535B1
0x04 0010101|010|1|0101|10100|1 0x055569
0x05 0010111|100|1|0111|10101|1 0x05E5EB
0x06 0011001|100|1|0110|10101|1 0x0665AB
BX = 100 Event : 29
0x00 0000101|011|1|1001|01000|1 0x015E51
0x01 0000110|001|1|0110|00110|1 0x018D8D
0x02 0000111|010|1|1011|01000|1 0x01D6D1
0x03 0001100|010|1|1010|01000|1 0x031691
0x04 0010001|011|1|1000|01011|1 0x045E17
0x05 0010100|011|1|0101|01011|1 0x051D57
0x06 0010101|011|1|0110|01011|1 0x055D97
0x07 0010110|011|1|0111|01011|1 0x059DD7
0x08 0010111|011|1|0111|01011|1 0x05DDD7
0x09 0011011|011|1|0110|01100|1 0x06DD99
0x0a 0011101|011|1|0110|01100|1 0x075D99
0x0b 0011110|011|1|0101|01110|1 0x079D5D
0x0c 0011111|011|1|0110|01110|1 0x07DD9D
0x0d 0100000|011|1|0100|01011|1 0x081D17
0x0e 0100001|011|1|0100|01011|1 0x085D17
0x0f 0100010|010|1|1011|01011|1 0x0896D7
0x10 0100011|011|1|0100|01011|1 0x08DD17
0x11 0100100|011|1|0100|01011|1 0x091D17
0x12 0101000|011|1|1010|01100|1 0x0A1E99
0x13 1000000|011|1|0101|01110|0 0x101D5C
0x14 1000001|011|1|0101|01110|0 0x105D5C
0x15 1001001|100|1|0110|01000|0 0x126590
BX = 101 Event : 30
0x00 0000110|010|1|1000|01011|1 0x019617
0x01 0001000|011|1|1000|10101|1 0x021E2B
0x02 0001111|101|1|0110|11010|1 0x03EDB5
0x03 0010000|101|1|0110|11010|1 0x042DB5
0x04 0010001|101|1|0110|10101|1 0x046DAB
0x05 0010010|101|1|0110|10101|1 0x04ADAB
0x06 0011011|110|1|0110|11011|1 0x06F5B7
BX = 110 Event : 31
0x00 0000010|001|1|1010|01100|1 0x008E99
0x01 0000110|010|1|1001|01101|1 0x01965B
0x02 0001100|011|1|0100|10100|1 0x031D29
0x03 0001101|011|1|0111|10100|1 0x035DE9
0x04 0001110|011|1|0100|10100|1 0x039D29
0x05 0010100|101|1|0111|10111|1 0x052DEF
0x06 0010101|101|1|0111|10111|1 0x056DEF
0x07 0010110|101|1|1010|10111|1 0x05AEAF
0x08 0010111|101|1|1010|10111|1 0x05EEAF
0x09 0111000|101|1|1000|10111|0 0x0E2E2E
0x0a 0111001|101|1|0100|10010|0 0x0E6D24
0x0b 0111010|101|1|0100|10010|0 0x0EAD24
0x0c 0111101|101|1|0100|10010|0 0x0F6D24
BX = 111 Event : 32
0x00 0000010|000|1|0111|00110|1 0x0085CD
0x01 0000111|011|1|1010|01100|1 0x01DE99
BX = 000 Event : 33
0x00 0000011|011|1|0101|11010|1 0x00DD75
0x01 0000100|011|1|0111|11010|1 0x011DF5
0x02 0000101|011|1|0110|11010|1 0x015DB5
0x03 0010010|010|1|0110|11011|1 0x0495B7
BX = 001 Event : 34
0x00 0001010|011|1|1001|01000|1 0x029E51
0x01 0001011|010|1|0101|00101|1 0x02D54B
0x02 0001100|000|1|1010|01011|1 0x030697
0x03 0001101|000|1|1010|01011|1 0x034697
0x04 0010010|011|1|1000|01111|1 0x049E1F
0x05 0010100|000|1|1010|01010|1 0x050695
0x06 0010101|000|1|1010|01011|1 0x054697
0x07 0011000|011|1|1000|01100|1 0x061E19
0x08 0011001|011|1|1010|01101|1 0x065E9B
0x09 0011010|011|1|0111|01100|1 0x069DD9
0x0a 0011011|011|1|1001|01110|1 0x06DE5D
0x0b 0011100|100|1|0100|01100|1 0x072519
0x0c 0011101|011|1|0110|01100|1 0x075D99
0x0d 0011110|011|1|1000|01110|1 0x079E1D
0x0e 0011111|011|1|1011|01100|1 0x07DED9
0x0f 0100000|011|1|0111|01101|1 0x081DDB
0x10 0100001|011|1|1010|01100|1 0x085E99
0x11 0101000|101|1|0111|10000|1 0x0A2DE1
0x12 0101001|101|1|0110|01111|1 0x0A6D9F
0x13 0101010|101|1|0110|01110|1 0x0AAD9D
0x14 0101100|011|1|0111|01101|1 0x0B1DDB
0x15 0101101|011|1|1001|01111|1 0x0B5E5F
0x16 0101110|011|1|0101|10000|1 0x0B9D61
0x17 0111001|010|1|0101|10101|1 0x0E556B
0x18 0111010|011|1|1011|10100|1 0x0E9EE9
0x19 0111100|011|1|1001|10100|1 0x0F1E69
0x1a 1000110|100|1|1001|11000|1 0x11A671
0x1b 1001000|100|1|1001|11000|1 0x122671
0x1c 1001010|100|1|1010|10111|1 0x12A6AF
0x1d 1010010|000|1|1001|11010|1 0x148675
BX = 010 Event : 35
0x00 0000010|010|1|0101|01010|1 0x009555
0x01 0000100|010|1|0101|01000|1 0x011551
0x02 0000101|010|1|0101|01001|1 0x015553
0x03 0000110|010|1|0110|01010|1 0x019595
0x04 0010110|010|1|1001|11010|1 0x059675
BX = 011 Event : 36
0x00 0000000|110|1|0101|00110|1 0x00354D
0x01 0000001|110|1|0101|00111|1 0x00754F
0x02 0000011|101|1|0111|10000|1 0x00EDE1
0x03 0000110|011|1|1011|10100|1 0x019EE9
0x04 0001001|100|1|0101|11001|1 0x026573
0x05 0001010|100|1|0101|11001|1 0x02A573
0x06 0010000|001|1|0100|11010|1 0x040D35
0x07 0100111|011|1|1010|01101|0 0x09DE9A
BX = 100 Event : 37
0x00 0000001|101|1|0101|00111|1 0x006D4F
0x01 0000110|011|1|1000|10100|1 0x019E29
0x02 0001001|011|1|1010|10100|1 0x025EA9
BX = 101 Event : 38
0x00 0000100|010|1|0110|00101|1 0x01158B
0x01 0000101|011|1|1010|00110|1 0x015E8D
0x02 0000110|011|1|1001|01001|1 0x019E53
0x03 0000111|011|1|1001|01010|1 0x01DE55
0x04 0001000|011|1|1000|01110|1 0x021E1D
0x05 0001001|011|1|1001|01111|1 0x025E5F
0x06 0001010|111|0|0101|01100|1 0x02B959
0x07 0001100|100|1|1000|01100|1 0x032619
0x08 0001101|011|1|0111|01110|1 0x035DDD
0x09 0001110|011|1|0100|10010|1 0x039D25
0x0a 0100010|011|1|1010|10001|0 0x089EA2
0x0b 0100011|011|1|0100|01110|0 0x08DD1C
0x0c 0100110|100|1|1001|01001|0 0x09A652
BX = 110 Event : 39
0x00 0000011|010|1|1001|01000|1 0x00D651
0x01 0000100|011|1|0101|01000|1 0x011D51
0x02 0000111|001|1|0111|10010|1 0x01CDE5
0x03 0001000|001|1|0101|01100|1 0x020D59
0x04 0001110|010|1|0110|10110|1 0x0395AD
BX = 111 Event : 40
0x00 0000000|010|1|1001|00111|1 0x00164F
0x01 0000001|011|1|0110|01001|1 0x005D93
0x02 0000010|011|1|0110|01001|1 0x009D93
0x03 0000011|011|1|0110|00111|1 0x00DD8F
0x04 0001011|011|1|0110|01110|1 0x02DD9D
0x05 0001111|011|1|1000|01101|1 0x03DE1B
0x06 0010010|000|1|1010|01001|1 0x048693
BX = 000 Event : 41
0x00 0000001|000|1|0100|00111|1 0x00450F
0x01 0000011|000|1|0100|00111|1 0x00C50F
0x02 0001110|011|1|1011|10100|1 0x039EE9
0x03 0010011|101|1|0100|11001|1 0x04ED33
0x04 0010100|001|1|1011|11010|1 0x050EF5
0x05 0010101|001|1|1011|11010|1 0x054EF5
0x06 0010110|010|1|0101|11001|1 0x059573
0x07 0010111|010|1|0110|11000|1 0x05D5B1
0x08 0011000|010|1|0101|11000|1 0x061571
0x09 0011001|010|1|0110|10111|1 0x0655AF
0x0a 0101010|101|1|0110|11010|1 0x0AADB5
BX = 001 Event : 42
0x00 0000010|011|1|0111|01100|1 0x009DD9
0x01 0000100|010|1|1011|01011|1 0x0116D7
0x02 0000110|011|1|0100|01111|1 0x019D1F
BX = 010 Event : 43
0x00 0000100|110|1|1010|00101|1 0x01368B
0x01 0000101|110|1|1011|01001|1 0x0176D3
0x02 0001001|001|1|1001|10010|1 0x024E65
0x03 0001010|001|1|1001|10010|1 0x028E65
0x04 0001011|001|1|1001|10001|1 0x02CE63
BX = 011 Event : 44
0x00 0000100|100|1|1001|01000|1 0x012651
0x01 0000101|010|1|0100|01001|1 0x015513
0x02 0000111|010|1|0100|01001|1 0x01D513
0x03 0001000|010|1|0100|01001|1 0x021513
0x04 0001101|100|1|0110|01101|1 0x03659B
0x05 0001111|010|1|1010|10000|1 0x03D6A1
0x06 0010101|011|1|1010|10011|1 0x055EA7
0x07 0010110|011|1|1010|10001|1 0x059EA3
0x08 0011000|100|1|0110|10100|1 0x0625A9
0x09 0100001|011|1|0100|10111|1 0x085D2F
0x0a 0100010|011|1|0100|10110|1 0x089D2D
0x0b 0100100|000|1|1001|10111|1 0x09066F
0x0c 0100101|000|1|1001|10111|1 0x09466F
0x0d 0100111|000|1|1010|11000|1 0x09C6B1
0x0e 0101000|000|1|1010|11000|1 0x0A06B1
0x0f 0101001|000|1|1010|10111|1 0x0A46AF
0x10 0101010|000|1|1010|10111|1 0x0A86AF
0x11 1000001|001|1|1011|01001|0 0x104ED2
BX = 100 Event : 45
0x00 0000001|101|1|0101|01010|1 0x006D55
0x01 0000011|101|1|0100|01111|1 0x00ED1F
0x02 0001011|110|1|1000|10000|1 0x02F621
0x03 0001100|110|1|0111|01111|1 0x0335DF
0x04 0001101|010|1|1000|10010|1 0x035625
0x05 0010010|110|1|1001|10110|1 0x04B66D
0x06 0010011|110|1|1001|10110|1 0x04F66D
BX = 101 Event : 46
0x00 0001001|011|1|1011|01110|1 0x025EDD
0x01 0001010|000|1|0110|10000|1 0x0285A1
0x02 0010001|101|1|0101|10001|1 0x046D63
0x03 0011100|011|1|1011|10010|1 0x071EE5
0x04 0011111|011|1|1010|10100|1 0x07DEA9
0x05 0100001|011|1|1011|10100|1 0x085EE9
0x06 0100010|011|1|1011|10100|1 0x089EE9
0x07 0100011|100|1|1010|10101|1 0x08E6AB
0x08 0110000|010|1|0110|10110|1 0x0C15AD
0x09 0110001|010|1|0110|10110|1 0x0C55AD
0x0a 0110010|011|1|1011|11010|1 0x0C9EF5
0x0b 0110111|100|1|1010|11001|1 0x0DE6B3
BX = 110 Event : 47
0x00 0000110|001|1|1011|00111|1 0x018ECF
0x01 0001010|100|1|1001|01010|1 0x02A655
0x02 0010011|011|1|1010|01110|1 0x04DE9D
0x03 0010100|011|1|1011|01101|1 0x051EDB
0x04 0010110|100|1|0100|10010|1 0x05A525
0x05 0010111|000|1|0111|01110|1 0x05C5DD
0x06 0100010|010|1|0110|11001|1 0x0895B3
0x07 0100011|010|1|0101|10111|1 0x08D56F
0x08 1000000|010|1|1010|10101|0 0x1016AA
0x09 1000010|100|1|1000|01100|0 0x10A618
0x0a 1000011|100|1|1000|01011|0 0x10E616
0x0b 1000100|100|1|0110|01100|0 0x112598
0x0c 1001010|001|1|1011|01011|0 0x128ED6
0x0d 1001011|010|1|0101|01001|0 0x12D552
0x0e 1001100|010|1|0101|01010|0 0x131554
0x0f 1001101|010|1|1000|01001|0 0x135612
0x10 1001110|010|1|1000|01010|0 0x139614
BX = 111 Event : 48
0x00 0000001|010|1|0101|01100|1 0x005559
0x01 0000010|011|1|1010|01010|1 0x009E95
0x02 0000100|011|1|1001|01111|1 0x011E5F
0x03 0000110|011|1|1000|01111|1 0x019E1F
0x04 0001000|100|1|0100|01010|1 0x022515
0x05 0001011|011|1|1011|01110|1 0x02DEDD
0x06 0001100|011|1|1011|01101|1 0x031EDB
0x07 0001101|011|1|1011|01100|1 0x035ED9
0x08 0001110|011|1|1011|01110|1 0x039EDD
0x09 0001111|011|1|1011|01101|1 0x03DEDB
0x0a 0010000|011|1|1011|01100|1 0x041ED9
0x0b 0010111|011|1|1001|10001|1 0x05DE63
0x0c 0111111|011|1|1011|10100|0 0x0FDEE8
0x0d 1000000|011|1|1011|10100|0 0x101EE8
0x0e 1001001|011|1|1001|10101|0 0x125E6A
0x0f 1001011|011|1|0111|01111|0 0x12DDDE
0x10 1001100|011|1|0101|10000|0 0x131D60
0x11 1001101|010|1|1010|10000|0 0x1356A0
0x12 1001110|011|1|1001|01100|0 0x139E58
BX = 000 Event : 49
0x00 0000001|001|1|0100|00101|1 0x004D0B
0x01 0000010|001|1|0100|00101|1 0x008D0B
0x02 0010001|001|1|0101|10011|1 0x044D67
0x03 0010100|011|1|0110|10110|1 0x051DAD
BX = 001 Event : 50
0x00 0000100|010|1|0101|00100|1 0x011549
0x01 0000101|010|1|0101|00110|1 0x01554D
0x02 0001000|010|1|0101|00111|1 0x02154F
0x03 0001010|010|1|0100|00100|1 0x029509
0x04 0001011|010|1|0100|00101|1 0x02D50B
0x05 0001100|010|1|0101|00110|1 0x03154D
0x06 0001110|010|1|0101|00110|1 0x03954D
0x07 0010100|010|1|0100|01000|1 0x051511
0x08 0010111|100|1|1000|01101|1 0x05E61B
0x09 0011001|100|1|0111|10000|1 0x0665E1
0x0a 0011011|100|1|1001|10010|1 0x06E665
0x0b 0011110|011|1|0100|10100|1 0x079D29
0x0c 0100001|011|1|1001|10011|1 0x085E67
0x0d 0101000|100|1|0101|10101|1 0x0A256B
0x0e 0101001|100|1|0110|10111|1 0x0A65AF
BX = 010 Event : 51
0x00 0000100|001|1|1011|10110|1 0x010EED
0x01 0000101|011|1|0100|10100|1 0x015D29
0x02 0000110|010|1|1011|10110|1 0x0196ED
0x03 0000111|011|1|0100|10110|1 0x01DD2D
0x04 0001100|101|1|1000|11011|1 0x032E37
0x05 0001101|101|1|0111|11000|1 0x036DF1
0x06 0001110|101|1|0111|11000|1 0x03ADF1
0x07 0001111|101|1|1000|10101|1 0x03EE2B
0x08 0010001|101|1|1000|10101|1 0x046E2B
0x09 0010011|101|1|0111|11000|1 0x04EDF1
0x0a 0010100|101|1|0111|11000|1 0x052DF1
0x0b 0010110|101|1|0111|10111|1 0x05ADEF
0x0c 0010111|010|1|1011|10110|1 0x05D6ED
0x0d 0011000|010|1|1010|11000|1 0x0616B1
0x0e 0011001|010|1|1010|11000|1 0x0656B1
0x0f 0011010|010|1|1010|10101|1 0x0696AB
0x10 0011011|010|1|1001|11000|1 0x06D671
0x11 0011100|010|1|1001|11000|1 0x071671
BX = 011 Event : 52
0x00 0000100|100|1|1001|01001|1 0x012653
0x01 0000110|001|1|1001|01110|1 0x018E5D
0x02 0000111|001|1|0111|01000|1 0x01CDD1
0x03 0001010|100|1|1000|10001|1 0x02A623
0x04 0001011|100|1|0101|01101|1 0x02E55B
0x05 0001100|010|1|0111|10001|1 0x0315E3
0x06 0001101|010|1|0101|10001|1 0x035563
0x07 0001110|100|1|0110|10011|1 0x03A5A7
BX = 100 Event : 53
0x00 0000001|011|1|0110|00111|1 0x005D8F
0x01 0000011|011|1|1000|00101|1 0x00DE0B
0x02 0000100|011|1|0110|01001|1 0x011D93
0x03 0000101|100|1|1000|00111|1 0x01660F
0x04 0001000|100|1|1000|01011|1 0x022617
0x05 0010000|010|1|0110|10000|1 0x0415A1
0x06 0010001|010|1|0111|10000|1 0x0455E1
0x07 0010010|100|1|0100|01101|1 0x04A51B
0x08 0011110|100|1|1000|11010|1 0x07A635
0x09 0100000|000|1|1010|10111|1 0x0806AF
0x0a 0110110|101|1|0110|10011|0 0x0DADA6
BX = 101 Event : 54
0x00 0000000|001|1|0100|00101|1 0x000D0B
0x01 0000100|010|1|1000|00110|1 0x01160D
0x02 0000101|010|1|1000|00110|1 0x01560D
0x03 0000110|111|0|0111|01010|1 0x01B9D5
0x04 0001000|011|1|1011|10010|1 0x021EE5
0x05 0010011|110|1|0111|11010|1 0x04F5F5
0x06 0101000|010|1|1001|00110|0 0x0A164C
0x07 0101001|010|1|1000|00110|0 0x0A560C
BX = 110 Event : 55
0x00 0000000|011|1|1010|00101|1 0x001E8B
0x01 0000001|110|1|1010|01011|1 0x007697
0x02 0000101|110|1|0100|01110|1 0x01751D
0x03 0000110|101|1|1011|10001|1 0x01AEE3
0x04 0000111|101|1|1011|10001|1 0x01EEE3
0x05 0010010|101|1|1011|10100|1 0x04AEE9
0x06 0010011|110|1|1000|10101|1 0x04F62B
0x07 0010100|101|1|1011|10010|1 0x052EE5
0x08 0011000|100|1|1010|10100|1 0x0626A9
BX = 111 Event : 56
0x00 0000010|011|1|0110|00100|1 0x009D89
0x01 0001000|100|1|1010|00110|1 0x02268D
0x02 0001001|011|1|0100|00111|1 0x025D0F
0x03 0001100|010|1|0111|01001|1 0x0315D3
0x04 0001110|010|1|0111|00111|1 0x0395CF
0x05 0010001|010|1|1001|01011|1 0x045657
0x06 0010010|010|1|1001|01011|1 0x049657
0x07 0010011|010|1|1001|01101|1 0x04D65B
0x08 0010100|010|1|1001|01101|1 0x05165B
0x09 0111011|011|1|0101|10111|0 0x0EDD6E
0x0a 0111100|010|1|1011|10111|0 0x0F16EE
BX = 000 Event : 57
0x00 0000011|100|1|1001|01110|1 0x00E65D
0x01 0000110|100|1|1000|10000|1 0x01A621
0x02 0010110|111|0|0100|11000|1 0x05B931
0x03 0100101|010|1|1010|01110|0 0x09569C
BX = 001 Event : 58
0x00 0000011|100|1|0101|01101|1 0x00E55B
0x01 0000100|100|1|0101|01100|1 0x012559
0x02 0000101|100|1|0100|01011|1 0x016517
0x03 0000110|011|1|1010|01001|1 0x019E93
0x04 0001000|011|1|1010|01001|1 0x021E93
0x05 0001011|000|0|0001|01100|1 0x02C059
0x06 0001111|101|1|0110|11010|1 0x03EDB5
0x07 0010001|101|1|0101|11010|1 0x046D75
0x08 1000000|011|1|1001|01001|0 0x101E52
BX = 010 Event : 59
0x00 0010101|010|1|0101|01111|1 0x05555F
0x01 0010111|010|1|0101|01110|1 0x05D55D
0x02 0011011|010|1|0111|10101|1 0x06D5EB
0x03 0011100|001|1|0101|11001|1 0x070D73
0x04 0011101|001|1|0100|10111|1 0x074D2F
0x05 0100100|010|1|1011|11010|1 0x0916F5
0x06 1010100|010|1|0111|01100|0 0x1515D8
0x07 1010101|010|1|0101|01100|0 0x155558
BX = 011 Event : 60
0x00 0000000|010|1|1010|00110|1 0x00168D
0x01 0000011|010|1|1011|10010|1 0x00D6E5
0x02 0000101|011|1|1011|10101|1 0x015EEB
0x03 0000110|011|1|1011|10001|1 0x019EE3
0x04 0000111|011|1|1010|10100|1 0x01DEA9
BX = 100 Event : 61
0x00 0000101|100|1|0111|11010|1 0x0165F5
0x01 0101101|101|1|0101|10100|0 0x0B6D68
BX = 101 Event : 62
0x00 0000001|010|1|1010|00111|1 0x00568F
0x01 0000010|010|1|1011|01001|1 0x0096D3
0x02 0000101|011|1|1011|01000|1 0x015ED1
0x03 0001010|101|1|0111|10010|1 0x02ADE5
0x04 0001011|101|1|1000|10101|1 0x02EE2B
0x05 0010000|010|1|1010|10110|1 0x0416AD
0x06 0010001|010|1|1010|10110|1 0x0456AD
0x07 1100100|010|1|1010|10110|0 0x1916AC
0x08 1100101|010|1|1001|10110|0 0x19566C
BX = 110 Event : 63
0x00 0000011|010|1|1000|01011|1 0x00D617
BX = 111 Event : 64
0x00 0000011|010|1|1010|01100|1 0x00D699
0x01 0000111|000|0|0011|10010|1 0x01C0E5
BX = 000 Event : 65
0x00 0000001|011|1|1011|01000|1 0x005ED1
0x01 0000010|011|1|0101|10001|1 0x009D63
0x02 0000101|100|1|0111|10010|1 0x0165E5
0x03 0000111|000|1|0101|10011|1 0x01C567
BX = 001 Event : 66
0x00 0000001|110|1|0100|01000|1 0x007511
0x01 0000010|100|1|1011|00111|1 0x00A6CF
0x02 0000011|100|1|1011|01011|1 0x00E6D7
0x03 0000100|101|1|0101|01010|1 0x012D55
0x04 0000101|100|1|1011|01010|1 0x0166D5
0x05 0000110|100|1|1010|01011|1 0x01A697
0x06 0000111|100|1|1010|01010|1 0x01E695
0x07 0001001|100|1|1010|01011|1 0x026697
0x08 0001010|100|1|1001|01001|1 0x02A653
0x09 1010001|010|1|1010|10111|0 0x1456AE
0x0a 1010010|101|1|0101|10101|0 0x14AD6A
0x0b 1010100|100|1|1010|10101|0 0x1526AA
0x0c 1010110|010|1|1010|10000|0 0x1596A0
0x0d 1100010|010|1|1011|01100|0 0x1896D8
0x0e 1100011|010|1|1001|01100|0 0x18D658
0x0f 1100100|010|1|1011|01101|0 0x1916DA
0x10 1100101|010|1|1001|01101|0 0x19565A
0x11 1100110|011|1|0100|01100|0 0x199D18
0x12 1101010|101|1|0110|00111|0 0x1AAD8E
BX = 010 Event : 67
0x00 0000011|011|1|0110|01011|1 0x00DD97
0x01 0000100|000|0|0011|10011|1 0x0100E7
0x02 0000101|011|1|0101|10010|1 0x015D65
0x03 0000110|011|1|1001|10010|1 0x019E65
BX = 011 Event : 68
0x00 0000011|010|1|0100|00111|1 0x00D50F
0x01 0000100|010|1|1011|01001|1 0x0116D3
0x02 0000111|010|1|1001|01000|1 0x01D651
0x03 0001000|010|1|1000|01100|1 0x021619
0x04 0001001|010|1|1000|01100|1 0x025619
0x05 0001101|010|1|1000|01100|1 0x035619
0x06 0001110|010|1|1000|01100|1 0x039619
0x07 0010100|010|1|1010|01010|1 0x051695
0x08 0010110|110|1|0100|01011|1 0x05B517
0x09 0010111|101|1|1011|01010|1 0x05EED5
0x0a 0011011|011|1|1000|01110|1 0x06DE1D
0x0b 0011100|100|1|0100|01100|1 0x072519
0x0c 0101000|010|1|0101|01100|1 0x0A1559
0x0d 0110110|100|1|1001|11010|1 0x0DA675
0x0e 0110111|010|1|0110|11010|1 0x0DD5B5
0x0f 1010100|010|1|1010|01100|0 0x151698
BX = 100 Event : 69
0x00 0000010|011|1|1000|00101|1 0x009E0B
0x01 0000011|011|1|1000|00101|1 0x00DE0B
0x02 0000110|001|1|1001|01011|1 0x018E57
0x03 0000111|010|1|0111|01110|1 0x01D5DD
0x04 0001011|010|1|1011|10100|1 0x02D6E9
0x05 0101110|011|1|0101|01110|0 0x0B9D5C
BX = 101 Event : 70
0x00 0000000|001|1|1001|01000|1 0x000E51
0x01 0000001|001|1|1001|01000|1 0x004E51
0x02 0001000|000|1|0101|10101|1 0x02056B
BX = 110 Event : 71
0x00 0001001|011|1|1001|01111|1 0x025E5F
0x01 0010000|011|1|0100|11000|1 0x041D31
0x02 0010011|010|1|0111|11000|1 0x04D5F1
BX = 111 Event : 72
0x00 0000011|101|1|0110|00101|1 0x00ED8B
0x01 0000101|100|1|1011|10001|1 0x0166E3
0x02 0010001|001|1|1010|11000|1 0x044EB1
0x03 0010110|001|1|1010|11000|1 0x058EB1
0x04 0010111|001|1|1010|11001|1 0x05CEB3
BX = 000 Event : 73
0x00 0000011|110|1|0111|10101|1 0x00F5EB
0x01 0000100|110|1|0111|10101|1 0x0135EB
0x02 0001101|000|0|0011|11001|1 0x0340F3
0x03 0001110|000|0|0011|11001|1 0x0380F3
0x04 0101011|010|1|0101|01110|0 0x0AD55C
0x05 0101100|010|1|0101|01110|0 0x0B155C
0x06 0101101|010|1|1000|01110|0 0x0B561C
0x07 0101110|010|1|1000|01110|0 0x0B961C
BX = 001 Event : 74
0x00 0000010|000|1|1010|00110|1 0x00868D
0x01 0010001|110|1|0101|11000|1 0x047571
0x02 0010010|111|0|0110|11010|1 0x04B9B5
0x03 0010011|111|0|0101|11010|1 0x04F975
0x04 0101000|100|1|1010|10000|0 0x0A26A0
BX = 010 Event : 75
0x00 0000100|100|1|0111|10000|1 0x0125E1
0x01 0000101|100|1|0111|10000|1 0x0165E1
BX = 011 Event : 76
0x00 0000001|110|1|1011|01100|1 0x0076D9
0x01 0010000|100|1|0100|11001|1 0x042533
0x02 0100001|011|1|1011|11001|0 0x085EF2
BX = 100 Event : 77
0x00 0000000|011|1|1010|00110|1 0x001E8D
0x01 0000001|101|1|1000|01010|1 0x006E15
0x02 0000100|010|1|0101|10011|1 0x011567
0x03 0000110|010|1|0101|10011|1 0x019567
BX = 101 Event : 78
0x00 0000000|011|1|1001|10010|1 0x001E65
0x01 0000001|011|1|1010|10010|1 0x005EA5
0x02 0000010|011|1|1010|10010|1 0x009EA5
0x03 0000011|011|1|1001|10011|1 0x00DE67
0x04 0000100|011|1|1001|10011|1 0x011E67
0x05 0000101|011|1|1010|10011|1 0x015EA7
BX = 110 Event : 79
0x00 0010011|101|1|0100|10110|0 0x04ED2C
BX = 111 Event : 80
0x00 0000010|101|1|0100|10010|1 0x00AD25
0x01 0000011|011|1|1001|10000|1 0x00DE61
0x02 0000110|111|0|0110|10101|1 0x01B9AB
0x03 0000111|011|1|1011|10100|1 0x01DEE9
BX = 000 Event : 81
0x00 0001010|100|1|0110|10001|1 0x02A5A3
0x01 0010100|101|1|0100|10011|1 0x052D27
0x02 0011000|011|1|1011|10100|1 0x061EE9
0x03 0011010|101|1|0100|10101|1 0x06AD2B
0x04 0011111|011|1|1010|10011|1 0x07DEA7
0x05 0100000|011|1|1010|10011|1 0x081EA7
0x06 0100100|100|1|0110|11001|1 0x0925B3
0x07 0100101|100|1|0110|11001|1 0x0965B3
0x08 0101000|100|1|1011|11010|1 0x0A26F5
0x09 0101001|000|1|1000|10110|1 0x0A462D
0x0a 0101011|010|1|1000|10110|1 0x0AD62D
0x0b 0101100|010|1|1000|10110|1 0x0B162D
0x0c 0101101|100|1|0111|11001|1 0x0B65F3
0x0d 0101110|100|1|0111|11000|1 0x0BA5F1
0x0e 1011100|011|1|0100|11010|0 0x171D34
0x0f 1011101|100|1|0101|01110|0 0x17655C
BX = 001 Event : 82
0x00 0000000|110|1|1011|01001|1 0x0036D3
0x01 0000001|110|1|0111|01010|1 0x0075D5
0x02 0000010|110|1|1000|01001|1 0x00B613
0x03 0000011|110|1|1001|01001|1 0x00F653
0x04 0000100|110|1|1001|01001|1 0x013653
0x05 0000101|110|1|1010|01000|1 0x017691
BX = 010 Event : 83
0x00 0000011|001|1|1010|01110|1 0x00CE9D
0x01 0000100|001|1|1010|01111|1 0x010E9F
0x02 0000101|001|1|1010|01111|1 0x014E9F
0x03 0000110|100|1|1000|10011|1 0x01A627
0x04 0010000|100|1|0111|11011|1 0x0425F7
0x05 0010010|100|1|0111|11011|1 0x04A5F7
0x06 0010100|001|1|0110|11001|1 0x050DB3
0x07 0010110|001|1|0110|11010|1 0x058DB5
BX = 011 Event : 84
0x00 0000001|011|1|1010|01010|1 0x005E95
0x01 0000011|011|1|1011|10001|1 0x00DEE3
0x02 0001010|000|1|1001|10101|1 0x02866B
BX = 100 Event : 85
0x00 0000000|001|1|0111|00101|1 0x000DCB
0x01 0000111|001|1|1000|00110|1 0x01CE0D
0x02 0001000|000|1|1010|01100|1 0x020699
0x03 0001001|000|1|1001|01011|1 0x024657
0x04 0001101|000|1|1000|10001|1 0x034623
0x05 0001110|000|1|1010|10010|1 0x0386A5
0x06 0001111|000|1|1010|10010|1 0x03C6A5
0x07 0010100|000|0|0011|10101|1 0x0500EB
0x08 0011001|010|1|1000|10111|1 0x06562F
BX = 101 Event : 86
0x00 0000000|000|0|0001|01000|1 0x000051
0x01 0000011|010|1|1001|01011|1 0x00D657
0x02 0000110|010|1|0101|10101|1 0x01956B
BX = 110 Event : 87
0x00 0000001|011|1|0111|01000|1 0x005DD1
0x01 0000010|101|1|0111|01000|1 0x00ADD1
0x02 0000011|101|1|0111|01000|1 0x00EDD1
0x03 0000110|101|1|0110|01000|1 0x01AD91
0x04 0000111|101|1|0110|01000|1 0x01ED91
0x05 0001000|101|1|0111|01000|1 0x022DD1
0x06 0001001|101|1|0111|01000|1 0x026DD1
0x07 0001010|001|1|0110|01000|1 0x028D91
0x08 0001011|011|1|0111|01000|1 0x02DDD1
0x09 0001100|011|1|0111|01000|1 0x031DD1
0x0a 0001110|010|1|0111|10000|1 0x0395E1
0x0b 0010000|010|1|0111|10000|1 0x0415E1
0x0c 0010001|010|1|1000|10000|1 0x045621
0x0d 0011001|101|1|1000|10110|1 0x066E2D
0x0e 0011010|101|1|0111|10111|1 0x06ADEF
0x0f 0101011|011|1|1000|01000|0 0x0ADE10
BX = 111 Event : 88
0x00 0000000|010|1|1001|00111|1 0x00164F
0x01 0000011|010|1|1000|01010|1 0x00D615
0x02 0000100|000|1|0111|01001|1 0x0105D3
0x03 0000101|010|1|0111|10000|1 0x0155E1
0x04 0000110|010|1|0111|10010|1 0x0195E5
0x05 0010110|010|1|1000|10100|1 0x059629
0x06 0010111|010|1|1000|10100|1 0x05D629
0x07 0011100|010|1|1001|11000|1 0x071671
0x08 0011101|010|1|1001|11000|1 0x075671
0x09 0100011|010|1|0111|11000|1 0x08D5F1
0x0a 0100100|010|1|0111|11000|1 0x0915F1
0x0b 0111000|010|1|1001|11001|0 0x0E1672
0x0c 0111010|011|1|0100|11001|0 0x0E9D32
BX = 000 Event : 89
0x00 0000100|010|1|0101|01000|1 0x011551
0x01 0000101|010|1|0101|01000|1 0x015551
0x02 0000110|010|1|0101|01000|1 0x019551
0x03 0000111|011|1|0100|00110|1 0x01DD0D
0x04 0001000|011|1|0100|00110|1 0x021D0D
0x05 0001111|011|1|1011|01101|1 0x03DEDB
0x06 0010010|011|1|0110|10001|1 0x049DA3
0x07 0010011|011|1|0111|10010|1 0x04DDE5
0x08 0011001|100|1|0100|10110|1 0x06652D
0x09 0011010|100|1|0100|10101|1 0x06A52B
0x0a 0011011|100|1|0100|11001|1 0x06E533
0x0b 0011100|100|1|0100|11001|1 0x072533
0x0c 0100010|011|1|0110|11010|1 0x089DB5
0x0d 0111111|011|1|1011|11001|0 0x0FDEF2
0x0e 1000000|011|1|1010|01101|0 0x101E9A
0x0f 1000010|010|1|0110|01000|0 0x109590
BX = 001 Event : 90
0x00 0000100|000|1|1000|01100|1 0x010619
0x01 0001001|011|1|1000|10101|1 0x025E2B
0x02 0001010|011|1|1001|10111|1 0x029E6F
0x03 0001011|011|1|1010|10110|1 0x02DEAD
0x04 0001110|000|1|0110|11000|1 0x0385B1
BX = 010 Event : 91
0x00 0000001|010|1|0111|01010|1 0x0055D5
0x01 0000100|010|1|0111|01010|1 0x0115D5
0x02 0000111|100|1|1010|01010|1 0x01E695
0x03 0001110|011|1|1011|10000|1 0x039EE1
0x04 0001111|011|1|1011|10000|1 0x03DEE1
0x05 0011000|000|0|0011|10111|1 0x0600EF
0x06 0011001|000|0|0011|10111|1 0x0640EF
BX = 011 Event : 92
0x00 0000000|100|1|1011|00110|1 0x0026CD
0x01 0000001|010|1|1011|01110|1 0x0056DD
0x02 0000100|100|1|0100|01101|1 0x01251B
0x03 0001000|011|1|1001|10000|1 0x021E61
0x04 0001001|011|1|1010|10010|1 0x025EA5
0x05 0001111|001|1|1000|10100|1 0x03CE29
0x06 0010000|001|1|0111|10011|1 0x040DE7
BX = 100 Event : 93
0x00 0000000|100|1|0110|00110|1 0x00258D
0x01 0001001|010|1|0111|10110|1 0x0255ED
0x02 0010001|011|1|1010|10111|1 0x045EAF
0x03 0010010|011|1|1010|10111|1 0x049EAF
0x04 0010011|000|1|1010|11000|1 0x04C6B1
0x05 0010100|000|1|1001|11001|1 0x050673
0x06 0010101|000|1|1001|11001|1 0x054673
0x07 0010110|000|1|1001|11001|1 0x058673
0x08 0010111|000|1|1001|11001|1 0x05C673
0x09 0011000|000|1|1001|11001|1 0x060673
0x0a 0011001|000|1|1001|11001|1 0x064673
0x0b 0011101|011|1|1010|11011|1 0x075EB7
0x0c 0011110|011|1|1010|11011|1 0x079EB7
0x0d 0011111|011|1|1000|11010|1 0x07DE35
0x0e 0100000|011|1|1000|11010|1 0x081E35
BX = 101 Event : 94
0x00 0101000|011|1|1011|10000|0 0x0A1EE0
0x01 0111011|010|1|0101|01010|0 0x0ED554
0x02 1000000|011|1|0110|00101|0 0x101D8A
BX = 110 Event : 95
0x00 0000101|010|1|1000|01110|1 0x01561D
0x01 0001000|011|1|0101|10000|1 0x021D61
0x02 0010011|101|1|0110|11010|1 0x04EDB5
BX = 111 Event : 96
BX = 000 Event : 97
0x00 0000000|110|1|0110|01001|1 0x003593
0x01 0000001|011|1|1011|01000|1 0x005ED1
0x02 0000101|110|1|1001|01011|1 0x017657
0x03 0001001|011|1|1011|01011|1 0x025ED7
0x04 0001100|011|1|1010|10010|1 0x031EA5
0x05 0001101|011|1|1011|10010|1 0x035EE5
0x06 0001110|011|1|1011|10011|1 0x039EE7
0x07 0010000|100|1|0101|10001|1 0x042563
0x08 0010001|100|1|0101|10001|1 0x046563
0x09 0100000|111|0|0100|11010|1 0x083935
0x0a 0100001|011|1|1001|10100|1 0x085E69
0x0b 1000000|001|1|1010|10100|0 0x100EA8
0x0c 1000001|001|1|1010|10110|0 0x104EAC
0x0d 1000010|001|1|1001|10101|0 0x108E6A
0x0e 1000011|001|1|1001|10101|0 0x10CE6A
BX = 001 Event : 98
0x00 0000000|010|1|0101|01101|1 0x00155B
0x01 0001011|001|1|1001|10100|1 0x02CE69
0x02 0001100|010|1|1000|10011|1 0x031627
0x03 0001101|001|1|1001|10110|1 0x034E6D
0x04 0001110|010|1|0111|10110|1 0x0395ED
0x05 0001111|010|1|0111|10101|1 0x03D5EB
0x06 0010000|010|1|1000|10011|1 0x041627
0x07 0010110|010|1|1011|10111|1 0x0596EF
0x08 0011011|100|1|0111|11011|1 0x06E5F7
0x09 0011110|100|1|0111|11010|1 0x07A5F5
0x0a 0011111|100|1|1000|11011|1 0x07E637
BX = 010 Event : 99
0x00 0000100|010|1|0111|01011|1 0x0115D7
0x01 1010010|010|1|1010|01000|0 0x149690
0x02 1010011|010|1|1000|01000|0 0x14D610
BX = 011 Event : 100
0x00 0000010|001|1|1001|00101|1 0x008E4B
0x01 0000100|101|1|0111|01010|1 0x012DD5
0x02 0000101|000|1|0111|00110|1 0x0145CD
