BX = 000 Event : 1
0x00 0000000|100|1|0110|01000|1 0x002591
0x01 0001000|010|1|1000|10011|1 0x021627
0x02 0001001|011|1|1011|10100|1 0x025EE9
0x03 0001010|010|1|0110|10010|1 0x0295A5
0x04 0001011|011|1|1000|10010|1 0x02DE25
0x05 0001100|011|1|1000|10010|1 0x031E25
0x06 0001101|011|1|0111|10100|1 0x035DE9
0x07 0101101|100|1|0110|10001|0 0x0B65A2
0x08 0101110|100|1|0110|10000|0 0x0BA5A0
BX = 001 Event : 2
0x00 0000000|010|1|1010|01101|1 0x00169B
0x01 0000100|000|1|1000|01110|1 0x01061D
0x02 0000101|000|1|0110|10001|1 0x0145A3
0x03 0000110|010|1|1000|01110|1 0x01961D
0x04 0000111|010|1|1001|10001|1 0x01D663
0x05 0001000|001|1|0101|10101|1 0x020D6B
0x06 0001010|001|1|0101|10101|1 0x028D6B
BX = 010 Event : 3
0x00 0000010|010|1|1010|11001|1 0x0096B3
0x01 0000011|100|1|0101|10110|1 0x00E56D
0x02 0010001|010|1|1010|11010|0 0x0456B4
BX = 011 Event : 4
0x00 0000000|101|1|0110|01101|1 0x002D9B
0x01 0000001|000|0|0001|01001|1 0x004053
0x02 0000011|000|0|0001|01001|1 0x00C053
0x03 0000110|011|1|1011|10000|1 0x019EE1
0x04 0000111|011|1|1011|01111|1 0x01DEDF
0x05 0001000|000|1|1000|10000|1 0x020621
0x06 0001001|000|1|0111|10000|1 0x0245E1
0x07 0001100|110|1|0100|10001|1 0x033523
0x08 0001101|110|1|0100|10001|1 0x037523
0x09 0001110|001|1|0100|10011|1 0x038D27
0x0a 0001111|100|1|1001|10101|1 0x03E66B
0x0b 0010001|010|1|1010|10100|1 0x0456A9
BX = 100 Event : 5
0x00 0000000|101|1|1011|01101|1 0x002EDB
0x01 0000001|010|1|0111|10011|1 0x0055E7
0x02 0000010|010|1|1011|10000|1 0x0096E1
0x03 0000100|010|1|1011|10010|1 0x0116E5
0x04 0000101|010|1|1011|10010|1 0x0156E5
0x05 0000110|010|1|1010|10100|1 0x0196A9
0x06 0001001|011|1|0100|10001|1 0x025D23
0x07 0001011|000|1|1000|10101|1 0x02C62B
BX = 101 Event : 6
0x00 0000000|011|1|1001|00111|1 0x001E4F
0x01 0000001|100|1|1001|00111|1 0x00664F
0x02 0000010|000|1|0101|01001|1 0x008553
0x03 0000011|100|1|0101|01001|1 0x00E553
0x04 0000100|100|1|0100|01000|1 0x012511
0x05 0000101|100|1|0101|01010|1 0x016555
0x06 0000110|100|1|0100|01010|1 0x01A515
0x07 0001000|001|1|1010|10010|1 0x020EA5
0x08 0001110|111|0|0100|10001|1 0x03B923
0x09 0010011|101|1|1000|10110|1 0x04EE2D
0x0a 0010100|011|1|1001|10100|1 0x051E69
BX = 110 Event : 7
0x00 0000000|011|1|1010|01101|1 0x001E9B
0x01 0000100|101|1|0111|10111|1 0x012DEF
0x02 0001111|111|0|0101|11010|1 0x03F975
BX = 111 Event : 8
0x00 0000001|011|1|1001|01000|1 0x005E51
0x01 0000010|011|1|0111|01011|1 0x009DD7
0x02 0000011|010|1|0111|10011|1 0x00D5E7
0x03 0000100|010|1|0111|10011|1 0x0115E7
0x04 0000101|010|1|0111|10011|1 0x0155E7
0x05 0000110|011|1|0101|10010|1 0x019D65
BX = 000 Event : 9
0x00 0001001|100|1|1000|10100|1 0x026629
0x01 0010101|011|1|1010|11010|1 0x055EB5
0x02 0011000|011|1|1010|11010|1 0x061EB5
0x03 1000110|001|1|1000|01100|0 0x118E18
BX = 001 Event : 10
0x00 0000001|010|1|1010|10111|1 0x0056AF
BX = 010 Event : 11
0x00 0000000|100|1|1011|00110|1 0x0026CD
0x01 0000101|101|1|1010|10111|1 0x016EAF
0x02 0000111|110|1|1011|10110|1 0x01F6ED
0x03 0001000|111|0|0100|10110|1 0x02392D
0x04 0001001|111|0|0101|10101|1 0x02796B
0x05 0001010|000|1|0101|10111|1 0x02856F
0x06 0001011|000|1|0101|10111|1 0x02C56F
BX = 011 Event : 12
0x00 0000000|101|1|1001|00110|1 0x002E4D
0x01 0000101|000|0|0000|01111|1 0x01401F
0x02 0001001|000|0|0000|10011|1 0x024027
0x03 0001110|110|1|0110|11000|1 0x03B5B1
0x04 0001111|010|1|1000|11000|1 0x03D631
0x05 0111001|011|1|0101|01011|0 0x0E5D56
BX = 100 Event : 13
0x00 0000000|101|1|0110|10000|1 0x002DA1
0x01 0000001|011|1|1001|10000|1 0x005E61
0x02 0001011|011|1|0111|10110|1 0x02DDED
0x03 0001100|000|1|1001|11000|1 0x030671
0x04 0001101|000|1|1001|10111|1 0x03466F
BX = 101 Event : 14
BX = 110 Event : 15
0x00 0000000|001|1|1011|01010|1 0x000ED5
0x01 0000001|001|1|1011|01010|1 0x004ED5
0x02 0001011|000|0|0010|10111|1 0x02C0AF
0x03 0001101|110|1|0110|11001|1 0x0375B3
0x04 1000111|010|1|1011|01000|0 0x11D6D0
BX = 111 Event : 16
0x00 0000010|100|1|1001|01101|1 0x00A65B
0x01 0000011|100|1|1001|01101|1 0x00E65B
0x02 0000101|100|1|1000|11001|1 0x016633
BX = 000 Event : 17
0x00 0000000|100|1|1000|01011|1 0x002617
0x01 0000001|100|1|1000|01011|1 0x006617
0x02 0000101|011|1|1010|10111|1 0x015EAF
0x03 0001101|000|0|0001|11001|1 0x034073
0x04 0001110|000|0|0001|11001|1 0x038073
BX = 001 Event : 18
0x00 0000000|100|1|0101|01010|1 0x002555
0x01 0000001|100|1|0101|01011|1 0x006557
0x02 0011011|010|1|1010|10100|0 0x06D6A8
0x03 0011100|010|1|1000|10011|0 0x071626
0x04 0011101|010|1|1010|10010|0 0x0756A4
BX = 010 Event : 19
0x00 0000000|100|1|0100|01001|1 0x002513
0x01 0000001|100|1|0101|01100|1 0x006559
0x02 0000010|100|1|0110|01010|1 0x00A595
0x03 0000011|001|1|1011|01101|1 0x00CEDB
0x04 0000100|001|1|1011|10100|1 0x010EE9
0x05 0000101|101|1|0100|10010|1 0x016D25
0x06 0000110|110|1|0110|10111|1 0x01B5AF
0x07 0000111|101|1|0110|11000|1 0x01EDB1
0x08 0110101|011|1|1000|01000|0 0x0D5E10
BX = 011 Event : 20
0x00 0000000|100|1|0111|01001|1 0x0025D3
0x01 0000010|011|1|1010|10000|1 0x009EA1
0x02 0000011|011|1|1010|10000|1 0x00DEA1
0x03 0000101|011|1|1010|10000|1 0x015EA1
0x04 0000110|011|1|1010|10000|1 0x019EA1
0x05 0001000|000|0|0001|01110|1 0x02005D
0x06 0001111|100|1|0111|10000|1 0x03E5E1
0x07 0010000|100|1|1000|10000|1 0x042621
0x08 0100000|111|0|0100|11001|1 0x083933
0x09 0100001|111|0|0100|11011|1 0x087937
0x0a 0100010|100|1|1000|11011|1 0x08A637
0x0b 0100111|100|1|0100|11010|1 0x09E535
0x0c 1101011|011|1|0111|10110|0 0x1ADDEC
0x0d 1101100|011|1|0111|10110|0 0x1B1DEC
BX = 100 Event : 21
0x00 0000000|011|1|0110|01101|1 0x001D9B
0x01 0000001|110|1|1010|10000|1 0x0076A1
0x02 0000011|010|1|1000|10100|1 0x00D629
0x03 0001000|101|1|0100|11001|1 0x022D33
0x04 0001010|101|1|0110|11001|1 0x02ADB3
0x05 0001011|100|1|1001|10111|1 0x02E66F
0x06 0001100|110|1|1000|11010|1 0x033635
0x07 0001101|110|1|1000|11010|1 0x037635
0x08 0010010|101|1|0110|11010|1 0x04ADB5
0x09 0110000|101|1|0101|11001|0 0x0C2D72
BX = 101 Event : 22
0x00 0000000|011|1|0101|00110|1 0x001D4D
0x01 0000001|100|1|0101|01000|1 0x006551
0x02 0000010|100|1|0101|01100|1 0x00A559
0x03 0000111|010|1|0100|01101|1 0x01D51B
0x04 0001000|010|1|1011|01110|1 0x0216DD
0x05 0110110|100|1|0110|01000|0 0x0DA590
0x06 0110111|011|1|0110|00110|0 0x0DDD8C
BX = 110 Event : 23
0x00 0000000|100|1|1000|00111|1 0x00260F
0x01 0000011|000|1|1011|10011|1 0x00C6E7
0x02 0000101|011|1|1010|10011|1 0x015EA7
0x03 0000110|011|1|1010|10001|1 0x019EA3
0x04 0000111|011|1|1000|10000|1 0x01DE21
0x05 0001101|010|1|1001|10111|1 0x03566F
0x06 0001110|010|1|1010|10111|1 0x0396AF
0x07 1000100|100|1|0111|00111|0 0x1125CE
BX = 111 Event : 24
0x00 0000001|100|1|0111|10000|1 0x0065E1
0x01 0000010|100|1|1011|10000|1 0x00A6E1
0x02 0000100|011|1|1010|10001|1 0x011EA3
0x03 0000101|100|1|1000|01111|1 0x01661F
0x04 0000110|100|1|1001|10001|1 0x01A663
0x05 0001000|100|1|1001|01101|1 0x02265B
0x06 0001010|100|1|1000|10001|1 0x02A623
0x07 0010101|100|1|1011|10011|1 0x0566E7
0x08 0110001|100|1|1011|10011|0 0x0C66E6
BX = 000 Event : 25
0x00 0000000|100|1|0101|00101|1 0x00254B
BX = 001 Event : 26
0x00 0000010|100|1|0111|01101|1 0x00A5DB
0x01 0010000|001|1|0101|10010|1 0x040D65
0x02 0010001|011|1|1000|10010|1 0x045E25
0x03 0010100|100|1|1010|10011|1 0x0526A7
0x04 1001000|010|1|1001|10100|0 0x121668
BX = 010 Event : 27
0x00 0000000|011|1|0111|01000|1 0x001DD1
0x01 0000010|101|1|0101|01101|1 0x00AD5B
0x02 0000100|110|1|0110|10001|1 0x0135A3
0x03 0000110|011|1|1000|10111|1 0x019E2F
BX = 011 Event : 28
0x00 0000000|101|1|1010|00110|1 0x002E8D
0x01 0000001|101|1|1001|01101|1 0x006E5B
0x02 0000010|110|1|0111|01011|1 0x00B5D7
0x03 0000011|101|1|1011|01011|1 0x00EED7
0x04 0000100|101|1|1001|01011|1 0x012E57
0x05 0000101|011|1|0101|01101|1 0x015D5B
0x06 0000110|011|1|1010|01111|1 0x019E9F
0x07 0001011|011|1|1000|10001|1 0x02DE23
0x08 0001100|110|1|0111|11000|1 0x0335F1
0x09 0010001|010|1|1001|11010|1 0x045675
0x0a 0111001|010|1|1010|11001|0 0x0E56B2
BX = 100 Event : 29
0x00 0000000|011|1|0100|01001|1 0x001D13
0x01 0000001|011|1|0100|01010|1 0x005D15
0x02 0000010|011|1|0100|01001|1 0x009D13
0x03 0000011|011|1|0100|01011|1 0x00DD17
0x04 0000100|011|1|0110|01011|1 0x011D97
0x05 0010011|100|1|0110|01110|1 0x04E59D
0x06 0011001|100|1|0110|10000|1 0x0665A1
0x07 0011010|010|1|1010|10000|1 0x0696A1
0x08 0011100|010|1|1010|10000|1 0x0716A1
0x09 0101001|011|1|1011|01101|1 0x0A5EDB
0x0a 0101010|011|1|0111|10001|1 0x0A9DE3
0x0b 0101011|011|1|0110|10101|1 0x0ADDAB
0x0c 0101100|011|1|0110|10101|1 0x0B1DAB
0x0d 0101101|100|1|0111|10100|1 0x0B65E9
0x0e 1001000|011|1|0100|01001|0 0x121D12
BX = 101 Event : 30
0x00 0000000|010|1|0100|00110|1 0x00150D
0x01 0000001|100|1|0100|01101|1 0x00651B
0x02 0000010|100|1|0101|01111|1 0x00A55F
0x03 0000011|010|1|1011|01111|1 0x00D6DF
0x04 0000100|011|1|0111|10010|1 0x011DE5
0x05 0000101|011|1|0100|10001|1 0x015D23
0x06 0000111|010|1|1000|10010|1 0x01D625
0x07 0010011|110|1|1010|11001|1 0x04F6B3
0x08 0110000|010|1|0101|00110|0 0x0C154C
BX = 110 Event : 31
0x00 0000000|010|1|0101|01010|1 0x001555
0x01 0000001|001|1|1010|01111|1 0x004E9F
0x02 0000011|110|1|0101|10101|1 0x00F56B
0x03 0000100|110|1|0101|10101|1 0x01356B
0x04 0000101|101|1|0110|10101|1 0x016DAB
0x05 0001001|001|1|0111|11010|1 0x024DF5
0x06 0110111|101|1|0110|10101|0 0x0DEDAA
0x07 0111011|101|1|0110|10001|0 0x0EEDA2
0x08 0111100|101|1|0110|10001|0 0x0F2DA2
0x09 0111110|101|1|0110|10001|0 0x0FADA2
0x0a 0111111|010|1|0101|01010|0 0x0FD554
BX = 111 Event : 32
0x00 0000000|001|1|0110|01010|1 0x000D95
0x01 0000001|001|1|0110|01011|1 0x004D97
0x02 0000011|100|1|1010|10010|1 0x00E6A5
0x03 0000100|100|1|1010|01111|1 0x01269F
0x04 0000101|011|1|0100|01111|1 0x015D1F
0x05 0000110|011|1|0100|10000|1 0x019D21
BX = 000 Event : 33
0x00 0000000|001|1|1010|01110|1 0x000E9D
0x01 0101111|010|1|0101|10001|0 0x0BD562
BX = 001 Event : 34
0x00 0000000|000|1|0110|01001|1 0x000593
0x01 0000001|000|1|0111|01010|1 0x0045D5
0x02 0000010|000|0|0011|01001|1 0x0080D3
0x03 0000011|000|1|0101|00111|1 0x00C54F
0x04 0000100|000|1|0101|00111|1 0x01054F
0x05 0000101|000|1|0110|01000|1 0x014591
0x06 0000110|000|1|1010|00111|1 0x01868F
0x07 0000111|001|1|1010|01010|1 0x01CE95
0x08 0001000|001|1|1010|01000|1 0x020E91
0x09 0001001|000|1|0111|01011|1 0x0245D7
0x0a 0001110|011|1|1010|01111|1 0x039E9F
0x0b 0001111|011|1|1011|10010|1 0x03DEE5
0x0c 0010000|011|1|1001|10000|1 0x041E61
0x0d 0010001|011|1|1011|10010|1 0x045EE5
0x0e 0010011|011|1|1010|10010|1 0x04DEA5
0x0f 0100011|011|1|1011|10001|1 0x08DEE3
0x10 0100100|100|1|0100|10100|1 0x092529
0x11 0100101|011|1|1001|10011|1 0x095E67
0x12 0100110|011|1|1000|10101|1 0x099E2B
0x13 0100111|011|1|1000|10101|1 0x09DE2B
0x14 0101111|011|1|1000|10001|1 0x0BDE23
0x15 0110000|011|1|0111|10011|1 0x0C1DE7
0x16 1111111|011|1|1010|10011|0 0x1FDEA6
0x17 1111111|011|1|1010|10011|0 0x1FDEA6
BX = 010 Event : 35
0x00 0000000|010|1|1000|01101|1 0x00161B
0x01 0000001|010|1|1000|01100|1 0x005619
0x02 0000011|010|1|0110|01010|1 0x00D595
0x03 0001000|101|1|1000|10110|1 0x022E2D
0x04 0001001|100|1|0100|10101|1 0x02652B
BX = 011 Event : 36
0x00 0000010|010|1|0111|10000|1 0x0095E1
0x01 0000100|100|1|0101|11000|1 0x012571
0x02 0000101|000|0|0001|11000|1 0x014071
0x03 0101000|100|1|0101|00111|0 0x0A254E
0x04 0101001|010|1|1000|01001|0 0x0A5612
0x05 0101010|010|1|0111|01001|0 0x0A95D2
0x06 0101011|010|1|1000|00111|0 0x0AD60E
0x07 0101100|010|1|0111|01000|0 0x0B15D0
0x08 0101101|010|1|1010|00111|0 0x0B568E
BX = 100 Event : 37
0x00 0000000|011|1|0111|01011|1 0x001DD7
0x01 0000010|010|1|0100|10101|1 0x00952B
0x02 0000111|011|1|0110|11010|1 0x01DDB5
BX = 101 Event : 38
0x00 0000000|101|1|0100|00110|1 0x002D0D
0x01 0000001|100|1|1010|00110|1 0x00668D
0x02 0000010|101|1|0100|01101|1 0x00AD1B
0x03 0000011|101|1|0101|01100|1 0x00ED59
0x04 0011111|011|1|1011|01110|0 0x07DEDC
0x05 0100000|011|1|1010|01101|0 0x081E9A
0x06 0100001|011|1|1010|01101|0 0x085E9A
0x07 0100111|101|1|0110|00110|0 0x09ED8C
BX = 110 Event : 39
0x00 0000000|001|1|0101|01001|1 0x000D53
0x01 0000001|100|1|0110|01011|1 0x006597
0x02 0000010|100|1|0110|01011|1 0x00A597
0x03 0000101|000|1|0110|10001|1 0x0145A3
0x04 0000110|001|1|0101|10101|1 0x018D6B
0x05 0001010|001|1|0101|10101|1 0x028D6B
0x06 0011100|100|1|0101|01011|0 0x072556
0x07 0011101|100|1|0101|01011|0 0x076556
BX = 111 Event : 40
0x00 0000101|011|1|0110|10011|1 0x015DA7
0x01 0000110|011|1|0111|10001|1 0x019DE3
0x02 0000111|011|1|0111|10001|1 0x01DDE3
0x03 0001000|011|1|0111|10010|1 0x021DE5
0x04 0001001|011|1|0100|10010|1 0x025D25
0x05 0001010|011|1|0101|10000|1 0x029D61
0x06 0001100|011|1|0110|01110|1 0x031D9D
0x07 0001101|011|1|0110|01111|1 0x035D9F
0x08 0001110|011|1|1001|10001|1 0x039E63
0x09 0010011|001|1|1000|10111|1 0x04CE2F
BX = 000 Event : 41
0x00 0000000|000|0|0001|01001|1 0x000053
0x01 0000010|000|0|0001|01001|1 0x008053
0x02 0000100|101|1|1010|10000|1 0x012EA1
0x03 0000101|101|1|1010|10000|1 0x016EA1
0x04 0000110|010|1|1011|10001|1 0x0196E3
0x05 0000111|011|1|0101|01111|1 0x01DD5F
0x06 0001010|000|1|1000|10100|1 0x028629
0x07 0001011|001|1|0100|10011|1 0x02CD27
0x08 0001111|001|1|0101|11000|1 0x03CD71
BX = 001 Event : 42
0x00 0000000|110|1|0111|00101|1 0x0035CB
0x01 0000001|110|1|0111|00101|1 0x0075CB
0x02 0000011|011|1|0111|10001|1 0x00DDE3
0x03 0000111|000|1|0100|10010|1 0x01C525
0x04 0001100|001|1|0101|10111|1 0x030D6F
0x05 0001101|001|1|0101|10111|1 0x034D6F
BX = 010 Event : 43
0x00 0000000|101|1|0110|01000|1 0x002D91
0x01 0000001|001|1|0110|00101|1 0x004D8B
0x02 0000010|110|1|0101|01001|1 0x00B553
0x03 0000011|110|1|0110|01000|1 0x00F591
0x04 0000111|100|1|0111|10011|1 0x01E5E7
0x05 0101100|010|1|1011|10110|0 0x0B16EC
BX = 011 Event : 44
0x00 0000000|011|1|0110|01011|1 0x001D97
0x01 0000010|011|1|0110|01111|1 0x009D9F
0x02 0000110|000|1|1010|01110|1 0x01869D
0x03 0001010|100|1|1000|10100|1 0x02A629
0x04 0001011|100|1|1001|10100|1 0x02E669
0x05 0001100|010|1|0100|10010|1 0x031525
0x06 0001110|010|1|1000|10001|1 0x039623
0x07 0100000|000|1|1011|11001|1 0x0806F3
0x08 0100011|011|1|1010|11011|1 0x08DEB7
BX = 100 Event : 45
0x00 0000000|001|1|0110|00101|1 0x000D8B
0x01 0000010|100|1|1010|10000|1 0x00A6A1
0x02 0000100|011|1|0100|10011|1 0x011D27
0x03 0000101|100|1|1010|10101|1 0x0166AB
0x04 0000110|101|1|0100|10100|1 0x01AD29
0x05 0000111|010|1|1010|10011|1 0x01D6A7
0x06 0001000|010|1|1001|10001|1 0x021663
0x07 0001001|100|1|1011|10001|1 0x0266E3
0x08 0001010|101|1|0101|10000|1 0x02AD61
BX = 101 Event : 46
0x00 0000000|101|1|1010|00110|1 0x002E8D
0x01 0000001|100|1|1010|01101|1 0x00669B
0x02 0000010|100|1|1010|01101|1 0x00A69B
0x03 0000101|101|1|0111|10101|1 0x016DEB
0x04 0000111|110|1|0110|10010|1 0x01F5A5
0x05 0001000|100|1|0101|10100|1 0x022569
0x06 0001011|001|1|0101|10010|1 0x02CD65
0x07 0010010|110|1|0100|11000|1 0x04B531
0x08 0010011|110|1|1010|11001|1 0x04F6B3
0x09 0110101|011|1|1011|11011|1 0x0D5EF7
0x0a 0110110|011|1|1011|11011|1 0x0D9EF7
0x0b 1010111|100|1|1010|01101|0 0x15E69A
BX = 110 Event : 47
0x00 0000000|011|1|1000|00111|1 0x001E0F
0x01 0000001|110|1|0110|00111|1 0x00758F
0x02 0000010|111|0|0111|01011|1 0x00B9D7
0x03 0000011|011|1|0110|01001|1 0x00DD93
0x04 0000100|011|1|0110|01001|1 0x011D93
0x05 0000101|001|1|1011|01000|1 0x014ED1
0x06 0000111|001|1|1011|01000|1 0x01CED1
0x07 0001000|001|1|1011|01000|1 0x020ED1
0x08 0001001|001|1|1011|01100|1 0x024ED9
0x09 0001011|011|1|1011|10001|1 0x02DEE3
0x0a 0001100|100|1|1000|01111|1 0x03261F
0x0b 0001101|100|1|0111|10000|1 0x0365E1
0x0c 0001110|100|1|1010|10001|1 0x03A6A3
0x0d 0010101|100|1|1010|10010|1 0x0566A5
0x0e 0011000|000|1|1011|10110|1 0x0606ED
0x0f 1001000|001|1|1000|01000|0 0x120E10
0x10 1001001|001|1|1011|01000|0 0x124ED0
BX = 111 Event : 48
0x00 0000000|101|1|1011|01010|1 0x002ED5
0x01 0000011|011|1|0100|10010|1 0x00DD25
0x02 0000101|011|1|1010|10000|1 0x015EA1
0x03 0000111|011|1|1010|10000|1 0x01DEA1
0x04 0010001|011|1|1001|10101|1 0x045E6B
0x05 0010010|011|1|1001|10100|1 0x049E69
0x06 0010011|011|1|1001|10010|1 0x04DE65
0x07 0010100|100|1|0100|10100|1 0x052529
0x08 0010101|100|1|0100|10011|1 0x056527
0x09 0010110|100|1|0100|10011|1 0x05A527
0x0a 0011000|011|1|1011|10011|1 0x061EE7
0x0b 0011001|011|1|1011|10011|1 0x065EE7
0x0c 0011010|100|1|0100|10010|1 0x06A525
0x0d 0011100|111|0|0101|11001|1 0x073973
0x0e 0011101|111|0|0101|11001|1 0x077973
0x0f 0011110|111|0|0101|11001|1 0x07B973
0x10 0011111|111|0|0101|11001|1 0x07F973
0x11 0100001|101|1|0111|11000|1 0x086DF1
0x12 0100010|101|1|0111|11000|1 0x08ADF1
0x13 1000001|100|1|0100|10011|0 0x106526
0x14 1000010|011|1|1011|10011|0 0x109EE6
0x15 1000011|011|1|1011|10010|0 0x10DEE4
0x16 1000100|011|1|1011|10010|0 0x111EE4
0x17 1000101|011|1|1011|10010|0 0x115EE4
0x18 1000110|011|1|1001|10010|0 0x119E64
0x19 1000111|011|1|1001|10001|0 0x11DE62
0x1a 1001000|011|1|1001|10001|0 0x121E62
0x1b 1001010|011|1|1011|10000|0 0x129EE0
BX = 000 Event : 49
0x00 0000000|110|1|0111|01000|1 0x0035D1
0x01 0000101|001|1|0101|10011|1 0x014D67
0x02 0001010|110|1|1000|10110|1 0x02B62D
0x03 0001011|110|1|1000|10110|1 0x02F62D
0x04 0001100|000|1|1001|11001|1 0x030673
0x05 0001101|000|1|1000|11000|1 0x034631
BX = 001 Event : 50
0x00 0000000|010|1|0100|00111|1 0x00150F
0x01 0000001|010|1|0100|01000|1 0x005511
0x02 0000010|011|1|1001|00111|1 0x009E4F
0x03 0000011|010|1|0100|00111|1 0x00D50F
0x04 0000110|010|1|0101|01001|1 0x019553
0x05 0000111|010|1|0101|01010|1 0x01D555
0x06 0001001|010|1|0101|01001|1 0x025553
0x07 0001101|010|1|0100|01000|1 0x035511
0x08 0001111|010|1|0100|01000|1 0x03D511
0x09 0010000|010|1|0100|01110|1 0x04151D
0x0a 0010001|010|1|0100|01110|1 0x04551D
0x0b 0010010|010|1|0100|01110|1 0x04951D
0x0c 0010011|010|1|0100|01110|1 0x04D51D
0x0d 0010101|010|1|0100|01001|1 0x055513
0x0e 0111111|010|1|0110|01110|0 0x0FD59C
BX = 010 Event : 51
0x00 0000000|011|1|0101|10110|1 0x001D6D
0x01 0000001|011|1|0111|10100|1 0x005DE9
0x02 0001011|101|1|0111|11001|1 0x02EDF3
0x03 0010000|101|1|1001|11001|1 0x042E73
0x04 0010010|101|1|0111|11010|1 0x04ADF5
0x05 0010101|101|1|0110|11010|1 0x056DB5
BX = 011 Event : 52
0x00 0000000|100|1|0110|01101|1 0x00259B
0x01 0000001|100|1|0110|01100|1 0x006599
0x02 0000010|100|1|0110|01011|1 0x00A597
0x03 0000011|100|1|0110|01100|1 0x00E599
0x04 0001000|100|1|1000|10001|1 0x022623
0x05 0001001|100|1|1000|10011|1 0x026627
0x06 0001111|010|1|0101|11010|1 0x03D575
0x07 0010000|010|1|0101|11010|1 0x041575
BX = 100 Event : 53
0x00 0000000|100|1|0101|01101|1 0x00255B
0x01 0000010|011|1|1000|01011|1 0x009E17
0x02 0000110|011|1|0110|01101|1 0x019D9B
0x03 0001001|011|1|1000|10000|1 0x025E21
0x04 0001010|011|1|0110|01111|1 0x029D9F
0x05 0001011|100|1|0111|10000|1 0x02E5E1
0x06 0001100|100|1|0111|10000|1 0x0325E1
0x07 0001101|100|1|1001|10110|1 0x03666D
0x08 0001110|010|1|1000|10101|1 0x03962B
0x09 0001111|010|1|1000|10100|1 0x03D629
BX = 101 Event : 54
0x00 0000001|001|1|0110|00111|1 0x004D8F
0x01 0000010|000|1|1011|01000|1 0x0086D1
0x02 0000011|001|1|0101|01001|1 0x00CD53
0x03 0001010|011|1|1010|11001|1 0x029EB3
0x04 0001011|011|1|1010|11001|1 0x02DEB3
BX = 110 Event : 55
0x00 0001111|110|1|0101|11001|1 0x03F573
0x01 0010000|110|1|1000|10111|1 0x04362F
0x02 0010001|110|1|0101|11001|1 0x047573
0x03 0011011|110|1|0111|11001|1 0x06F5F3
BX = 111 Event : 56
0x00 0000000|011|1|0111|00110|1 0x001DCD
0x01 0000001|011|1|0111|00110|1 0x005DCD
0x02 0000011|011|1|1000|01010|1 0x00DE15
0x03 0000100|100|1|1000|01010|1 0x012615
0x04 0000110|010|1|1010|01011|1 0x019697
0x05 0000111|010|1|1001|01011|1 0x01D657
0x06 0001011|010|1|1010|01011|1 0x02D697
0x07 0001101|010|1|1010|01110|1 0x03569D
0x08 0001111|010|1|1010|01011|1 0x03D697
0x09 0010101|001|1|1000|01111|1 0x054E1F
0x0a 0011010|010|1|0111|10010|1 0x0695E5
0x0b 0111101|010|1|0111|10011|0 0x0F55E6
0x0c 0111110|010|1|1010|10100|0 0x0F96A8
0x0d 0111111|010|1|1010|10011|0 0x0FD6A6
0x0e 1000000|010|1|1010|10100|0 0x1016A8
0x0f 1000001|010|1|1010|10011|0 0x1056A6
0x10 1000010|010|1|1010|10010|0 0x1096A4
0x11 1000011|010|1|1010|10011|0 0x10D6A6
0x12 1000100|010|1|1010|10011|0 0x1116A6
0x13 1000101|011|1|0111|01010|0 0x115DD4
0x14 1001010|010|1|1011|01010|0 0x1296D4
BX = 000 Event : 57
0x00 0000101|011|1|1011|10110|1 0x015EED
0x01 0100100|010|1|1010|10010|0 0x0916A4
BX = 001 Event : 58
0x00 0000000|100|1|0110|00100|1 0x002589
BX = 010 Event : 59
0x00 0000000|110|1|1001|00101|1 0x00364B
0x01 0000001|010|1|1001|01000|1 0x005651
0x02 0000010|000|0|0001|00111|1 0x00804F
0x03 0000011|000|1|1000|00111|1 0x00C60F
0x04 0000100|000|1|1010|01010|1 0x010695
0x05 0000101|000|1|1000|01001|1 0x014613
0x06 0000110|000|1|1000|01010|1 0x018615
0x07 0000111|000|0|0011|01010|1 0x01C0D5
0x08 0001000|000|1|0101|01100|1 0x020559
0x09 0001001|000|1|0100|01011|1 0x024517
0x0a 0001010|000|1|0100|01101|1 0x02851B
0x0b 0001011|001|1|0110|01110|1 0x02CD9D
0x0c 0001100|101|1|1000|01110|1 0x032E1D
0x0d 0010110|010|1|0101|10010|1 0x059565
0x0e 0011000|010|1|0101|10010|1 0x061565
0x0f 0011001|110|1|1011|11001|1 0x0676F3
BX = 011 Event : 60
0x00 0000001|011|1|0101|01000|1 0x005D51
BX = 100 Event : 61
0x00 0000110|100|1|0111|11010|1 0x01A5F5
BX = 101 Event : 62
0x00 0000000|001|1|0110|00101|1 0x000D8B
0x01 0000011|010|1|1001|01100|1 0x00D659
0x02 0000100|010|1|1011|01110|1 0x0116DD
0x03 0000111|010|1|1011|10101|1 0x01D6EB
0x04 0010010|011|1|0110|11001|1 0x049DB3
BX = 110 Event : 63
0x00 0000000|010|1|0111|01110|1 0x0015DD
0x01 0000001|101|1|0111|01101|1 0x006DDB
0x02 0000010|101|1|0111|01101|1 0x00ADDB
0x03 0000101|010|1|1011|10010|1 0x0156E5
BX = 111 Event : 64
0x00 0000000|000|1|0111|01010|1 0x0005D5
0x01 0000001|000|1|0111|01010|1 0x0045D5
0x02 0010110|011|1|0111|01001|0 0x059DD2
0x03 0010111|011|1|0111|01000|0 0x05DDD0
BX = 000 Event : 65
0x00 0000000|010|1|0100|01010|1 0x001515
0x01 0000011|011|1|0110|10010|1 0x00DDA5
0x02 0000110|100|1|0100|11001|1 0x01A533
BX = 001 Event : 66
0x00 0000000|011|1|1000|01001|1 0x001E13
0x01 0001110|100|1|1011|10010|1 0x03A6E5
0x02 0001111|100|1|1011|10010|1 0x03E6E5
0x03 0010000|100|1|1011|10010|1 0x0426E5
0x04 0010001|100|1|1011|10010|1 0x0466E5
0x05 0010010|100|1|1011|10010|1 0x04A6E5
0x06 0010011|100|1|1011|10010|1 0x04E6E5
0x07 0010100|100|1|1010|10100|1 0x0526A9
0x08 0010101|100|1|1010|10101|1 0x0566AB
0x09 0010110|100|1|1001|10011|1 0x05A667
0x0a 0010111|100|1|1001|10100|1 0x05E669
0x0b 0011111|101|1|0110|11001|1 0x07EDB3
0x0c 0100000|101|1|0110|11001|1 0x082DB3
0x0d 1010011|100|1|1011|10011|0 0x14E6E6
0x0e 1010101|100|1|1011|10010|0 0x1566E4
0x0f 1100000|010|1|1011|01010|0 0x1816D4
0x10 1100001|010|1|1001|01010|0 0x185654
BX = 010 Event : 67
0x00 0000000|011|1|0100|00100|1 0x001D09
0x01 0000001|100|1|0100|00101|1 0x00650B
0x02 0000010|010|1|1010|00110|1 0x00968D
0x03 0011001|100|1|1011|10010|0 0x0666E4
0x04 0011010|100|1|1011|10010|0 0x06A6E4
0x05 0011011|001|1|1000|01100|0 0x06CE18
BX = 011 Event : 68
0x00 0000000|000|1|0101|00100|1 0x000549
0x01 0000001|000|1|0100|00101|1 0x00450B
0x02 0000010|000|0|0010|00101|1 0x00808B
0x03 0000110|010|1|0101|01110|1 0x01955D
0x04 0001011|011|1|0101|10001|1 0x02DD63
0x05 0001100|010|1|0101|10001|1 0x031563
0x06 0001111|011|1|0100|01111|1 0x03DD1F
0x07 0010000|011|1|0100|10001|1 0x041D23
0x08 0010001|100|1|0110|01111|1 0x04659F
0x09 0010010|010|1|0111|10001|1 0x0495E3
0x0a 0010011|010|1|0111|10000|1 0x04D5E1
0x0b 0011111|000|1|1010|10100|1 0x07C6A9
0x0c 0100000|001|1|1000|10011|1 0x080E27
0x0d 0100001|010|1|1001|10001|1 0x085663
0x0e 0100010|010|1|1010|10001|1 0x0896A3
0x0f 0100011|110|1|0101|10101|1 0x08F56B
0x10 0100100|010|1|0100|10100|1 0x091529
0x11 0100101|010|1|0110|10100|1 0x0955A9
0x12 0100110|001|1|1011|10111|1 0x098EEF
0x13 0100111|010|1|0110|11000|1 0x09D5B1
BX = 100 Event : 69
0x00 0000000|010|1|0111|01000|1 0x0015D1
0x01 0000001|010|1|0110|00111|1 0x00558F
0x02 0001001|010|1|0110|11001|1 0x0255B3
0x03 0001010|011|1|0101|10111|1 0x029D6F
0x04 0001100|000|1|0101|10111|1 0x03056F
0x05 0001101|000|1|0101|10111|1 0x03456F
0x06 0101100|011|1|0100|10111|0 0x0B1D2E
0x07 0101101|011|1|0100|10111|0 0x0B5D2E
BX = 101 Event : 70
0x00 0000010|001|1|1010|01111|1 0x008E9F
0x01 0000011|001|1|1010|01111|1 0x00CE9F
BX = 110 Event : 71
0x00 0000000|010|1|0111|00101|1 0x0015CB
0x01 0000010|010|1|0111|10010|1 0x0095E5
0x02 0000011|010|1|1001|10110|1 0x00D66D
0x03 0000100|010|1|0101|10001|1 0x011563
0x04 0000101|010|1|1011|10101|1 0x0156EB
0x05 0000110|011|1|1000|10100|1 0x019E29
0x06 0000111|011|1|0111|10100|1 0x01DDE9
0x07 0001000|011|1|1010|10101|1 0x021EAB
BX = 111 Event : 72
0x00 0000000|010|1|0101|01110|1 0x00155D
0x01 0000001|101|1|0111|01101|1 0x006DDB
0x02 0000010|101|1|0111|01101|1 0x00ADDB
0x03 0000100|101|1|1011|10010|1 0x012EE5
0x04 0000111|010|1|0101|10001|1 0x01D563
0x05 0001001|100|1|1011|11000|1 0x0266F1
0x06 0001010|100|1|1001|11001|1 0x02A673
0x07 0001011|000|0|0001|10110|1 0x02C06D
0x08 0110011|100|1|1011|11000|0 0x0CE6F0
0x09 0110100|100|1|1010|11000|0 0x0D26B0
0x0a 0110110|100|1|0111|01101|0 0x0DA5DA
BX = 000 Event : 73
0x00 0000000|010|1|0111|00110|1 0x0015CD
BX = 001 Event : 74
0x00 0000000|010|1|1001|01001|1 0x001653
0x01 0000001|000|1|1011|00110|1 0x0046CD
0x02 0000011|010|1|1010|10110|1 0x00D6AD
0x03 0000100|010|1|1001|10010|1 0x011665
0x04 0000101|100|1|1001|10101|1 0x01666B
0x05 0000110|100|1|1001|11001|1 0x01A673
0x06 0000111|100|1|1001|10111|1 0x01E66F
0x07 0001000|000|1|1010|11001|1 0x0206B3
0x08 0001001|000|1|1010|11010|1 0x0246B5
BX = 010 Event : 75
BX = 011 Event : 76
BX = 100 Event : 77
BX = 101 Event : 78
0x00 0000110|001|1|0100|10111|1 0x018D2F
0x01 0001001|011|1|1000|11000|1 0x025E31
0x02 0001010|011|1|1001|11000|1 0x029E71
0x03 0001011|011|1|1001|11000|1 0x02DE71
0x04 0001100|011|1|1000|11001|1 0x031E33
0x05 0001101|011|1|1000|11001|1 0x035E33
0x06 0001110|011|1|1001|11001|1 0x039E73
0x07 0001111|011|1|1000|10100|1 0x03DE29
0x08 0010000|011|1|1000|10100|1 0x041E29
0x09 0010001|011|1|1001|10100|1 0x045E69
BX = 110 Event : 79
0x00 0000000|100|1|0100|00101|1 0x00250B
0x01 0000001|100|1|0100|01001|1 0x006513
BX = 111 Event : 80
0x00 0000000|101|1|1010|00111|1 0x002E8F
BX = 000 Event : 81
0x00 0000000|000|1|1001|01001|1 0x000653
0x01 0001000|110|1|1010|10101|1 0x0236AB
0x02 0010101|110|1|1001|11001|1 0x057673
0x03 0010110|110|1|1001|11001|1 0x05B673
0x04 0010111|110|1|1000|11001|1 0x05F633
0x05 0011001|011|1|1011|10111|1 0x065EEF
0x06 0011011|000|1|1001|10110|1 0x06C66D
BX = 001 Event : 82
0x00 0000110|110|1|0111|10011|1 0x01B5E7
0x01 0000111|110|1|0111|10010|1 0x01F5E5
0x02 0001000|110|1|1000|10011|1 0x023627
0x03 0001001|110|1|0111|10010|1 0x0275E5
0x04 0001010|110|1|0111|10010|1 0x02B5E5
0x05 0001011|110|1|1000|10011|1 0x02F627
BX = 010 Event : 83
0x00 0000000|011|1|1001|01000|1 0x001E51
0x01 0000001|011|1|1010|01100|1 0x005E99
0x02 0000010|001|1|1000|10101|1 0x008E2B
BX = 011 Event : 84
0x00 0000100|011|1|1011|10011|1 0x011EE7
BX = 100 Event : 85
0x00 0000001|000|0|0001|01100|1 0x004059
0x01 0000010|000|0|0001|01101|1 0x00805B
0x02 0000011|000|1|1011|01010|1 0x00C6D5
0x03 0000100|100|1|0110|01100|1 0x012599
0x04 0000101|100|1|0110|01011|1 0x016597
0x05 0000110|000|1|0100|01100|1 0x018519
0x06 0010101|000|1|1000|10111|1 0x05462F
0x07 0010110|000|1|1010|11000|1 0x0586B1
0x08 0010111|000|1|1010|11000|1 0x05C6B1
BX = 101 Event : 86
0x00 0000100|011|1|0111|10010|1 0x011DE5
BX = 110 Event : 87
0x00 0000000|100|1|1011|01100|1 0x0026D9
0x01 0000100|101|1|0110|01101|1 0x012D9B
0x02 0000101|101|1|0110|01100|1 0x016D99
0x03 0001111|010|1|1000|10010|1 0x03D625
BX = 111 Event : 88
0x00 0000001|011|1|0100|01101|1 0x005D1B
0x01 0000010|010|1|1011|01011|1 0x0096D7
0x02 0001111|010|1|0110|11001|1 0x03D5B3
0x03 0110111|010|1|1010|10101|0 0x0DD6AA
0x04 0111001|011|1|0101|10101|0 0x0E5D6A
BX = 000 Event : 89
0x00 0000000|011|1|1010|00110|1 0x001E8D
0x01 0000001|011|1|0101|01100|1 0x005D59
0x02 0000010|011|1|0101|01100|1 0x009D59
0x03 0000011|010|1|1011|01001|1 0x00D6D3
0x04 0001001|100|1|0111|01110|1 0x0265DD
0x05 0001010|001|1|1001|01111|1 0x028E5F
0x06 0001011|001|1|1001|01110|1 0x02CE5D
0x07 0001100|010|1|1000|10000|1 0x031621
0x08 0001101|011|1|0111|10010|1 0x035DE5
0x09 0001110|011|1|1011|10010|1 0x039EE5
0x0a 0010100|100|1|0101|10111|1 0x05256F
0x0b 1000001|011|1|1000|00110|0 0x105E0C
BX = 001 Event : 90
0x00 0000001|011|1|1000|01111|1 0x005E1F
0x01 0000010|100|1|0110|10000|1 0x00A5A1
0x02 0000101|101|1|0110|11011|1 0x016DB7
0x03 0000110|100|1|0101|11001|1 0x01A573
BX = 010 Event : 91
0x00 0000000|110|1|0101|00100|1 0x003549
0x01 0000010|010|1|0101|10001|1 0x009563
0x02 0000011|011|1|0101|10010|1 0x00DD65
0x03 0001101|100|1|1010|10101|1 0x0366AB
0x04 0010000|101|1|0100|10011|1 0x042D27
0x05 0110111|100|1|1010|10101|0 0x0DE6AA
BX = 011 Event : 92
0x00 0000010|100|1|1000|10000|1 0x00A621
0x01 0000111|001|1|1011|10100|1 0x01CEE9
0x02 0001010|011|1|1011|10111|1 0x029EEF
0x03 0001011|100|1|0100|11000|1 0x02E531
0x04 0001100|011|1|1010|10110|1 0x031EAD
0x05 0001101|100|1|0100|10111|1 0x03652F
0x06 0001110|011|1|1010|11010|1 0x039EB5
BX = 100 Event : 93
0x00 0000001|100|1|0100|01001|1 0x006513
0x01 0000010|100|1|0101|01100|1 0x00A559
0x02 0000011|011|1|1011|01001|1 0x00DED3
0x03 0000100|011|1|1011|01011|1 0x011ED7
0x04 0000101|001|1|1011|01101|1 0x014EDB
0x05 0000110|001|1|1011|10100|1 0x018EE9
0x06 0000111|101|1|0100|10010|1 0x01ED25
0x07 0111011|011|1|1000|01000|0 0x0EDE10
BX = 101 Event : 94
0x00 0000000|010|1|0110|01000|1 0x001591
0x01 0000101|101|1|0110|10101|1 0x016DAB
0x02 0101001|011|1|1010|01011|0 0x0A5E96
0x03 0101010|011|1|1011|01100|0 0x0A9ED8
0x04 0101011|010|1|1011|01100|0 0x0AD6D8
0x05 0111100|010|1|0101|01000|0 0x0F1550
BX = 110 Event : 95
0x00 0000011|110|1|1010|10000|1 0x00F6A1
0x01 0000100|110|1|1011|10000|1 0x0136E1
0x02 0001011|101|1|0110|11001|1 0x02EDB3
0x03 0001100|110|1|1000|11010|1 0x033635
0x04 0001101|110|1|1000|11010|1 0x037635
0x05 0011110|101|1|0101|11001|0 0x07AD72
BX = 111 Event : 96
0x00 0000000|000|1|0111|01010|1 0x0005D5
0x01 0000100|001|1|1001|10100|1 0x010E69
0x02 0110011|101|1|0100|01011|0 0x0CED16
BX = 000 Event : 97
0x00 0000011|110|1|0111|10010|1 0x00F5E5
0x01 0000100|100|1|0101|10000|1 0x012561
0x02 0001111|011|1|1011|10111|1 0x03DEEF
0x03 0010101|110|1|1000|10111|1 0x05762F
0x04 0010110|110|1|1011|10110|1 0x05B6ED
0x05 0011011|010|1|0101|10111|1 0x06D56F
0x06 1000111|100|1|1010|01011|0 0x11E696
0x07 1001000|100|1|1010|01011|0 0x122696
BX = 001 Event : 98
0x00 0000001|010|1|0100|01110|1 0x00551D
0x01 0000010|010|1|0100|10000|1 0x009521
0x02 0000100|100|1|0111|10110|1 0x0125ED
0x03 0000101|010|1|0110|11001|1 0x0155B3
0x04 0000110|010|1|0110|11001|1 0x0195B3
0x05 0000111|010|1|0101|11001|1 0x01D573
0x06 0001000|010|1|0101|11000|1 0x021571
0x07 0001001|010|1|1000|11001|1 0x025633
0x08 0001010|010|1|0101|11001|1 0x029573
0x09 0101000|100|1|1001|10111|0 0x0A266E
0x0a 0101001|100|1|1010|10111|0 0x0A66AE
0x0b 0101100|011|1|1011|01000|0 0x0B1ED0
0x0c 0101101|011|1|1001|00111|0 0x0B5E4E
0x0d 0101110|011|1|1001|00111|0 0x0B9E4E
BX = 010 Event : 99
0x00 0000000|010|1|0110|00111|1 0x00158F
0x01 0000001|101|1|0101|01010|1 0x006D55
0x02 0000010|011|1|0110|01001|1 0x009D93
0x03 0000011|011|1|0110|01010|1 0x00DD95
BX = 011 Event : 100
0x00 0000000|011|1|0110|00110|1 0x001D8D
0x01 0000001|000|0|0000|01000|1 0x004011
0x02 0000011|011|1|1001|01000|1 0x00DE51
0x03 0000110|001|1|1011|10010|1 0x018EE5
0x04 0000111|010|1|0100|10010|1 0x01D525
0x05 0001000|000|1|0110|10010|1 0x0205A5
