BX = 000 Event : 1
0 0 0110011|100|0000 0x19C0
1 0 0111100|001|0001 0x1E11
1 1 0111101|100|0001 0x1EC1
1 2 0111111|101|0100 0x1FD4
3 0 0100100|001|0101 0x1215
3 1 0100101|001|0101 0x1295
3 2 1000111|010|0000 0x23A0
3 3 1001000|010|0000 0x2420
3 4 1001001|100|0000 0x24C0
3 5 1001100|100|0010 0x2642
3 6 1001101|101|0011 0x26D3
4 0 0000100|110|0100 0x0264
4 1 0000110|000|0101 0x0305
4 2 0101010|101|0000 0x1550
4 3 0101100|001|0000 0x1610
4 4 0101111|101|0001 0x17D1
5 0 0001100|100|0011 0x0643
6 0 0010110|101|0110 0x0B56
7 0 0011001|100|0111 0x0CC7
7 1 0011010|000|0111 0x0D07
7 2 0011011|000|0111 0x0D87
7 3 0011101|000|0111 0x0E87
BX = 001 Event : 2
1 0 0100001|101|0001 0x10D1
2 0 0101000|010|0100 0x1424
2 1 0101011|101|0110 0x15D6
2 2 0101101|100|0110 0x16C6
2 3 0101110|100|0111 0x1747
3 0 0010110|010|0110 0x0B26
4 0 0000101|110|0100 0x02E4
4 1 0011000|010|0000 0x0C20
4 2 0011001|010|0000 0x0CA0
4 3 0011010|100|0001 0x0D41
4 4 0011011|101|0001 0x0DD1
4 5 0011100|101|0001 0x0E51
4 6 0011101|101|0011 0x0ED3
5 0 0001000|001|0001 0x0411
5 1 0001010|010|0010 0x0522
5 2 0001011|100|0011 0x05C3
5 3 0001100|101|0011 0x0653
6 0 0001111|101|0000 0x07D0
BX = 010 Event : 3
1 0 0100101|000|0001 0x1281
1 1 0100110|101|0001 0x1351
2 0 0101010|001|0100 0x1514
2 1 0101011|100|0100 0x15C4
2 2 0101100|001|0110 0x1616
3 0 0010110|101|0101 0x0B55
3 1 0011010|101|0111 0x0D57
3 2 0101110|010|0010 0x1722
4 0 0000010|100|0100 0x0144
4 1 0000011|010|0100 0x01A4
4 2 0100000|000|0000 0x1000
4 3 0100001|010|0001 0x10A1
4 4 0100010|000|0010 0x1102
5 0 0001000|101|0001 0x0451
6 0 0001111|001|0011 0x0793
BX = 011 Event : 4
0 0 0100110|100|0000 0x1340
0 1 0101001|000|0101 0x1485
1 0 0101011|000|0001 0x1581
1 1 0101101|000|0001 0x1681
1 2 0101110|100|0001 0x1741
1 3 0110000|001|0100 0x1814
2 0 0110111|000|0100 0x1B84
2 1 0111000|100|0100 0x1C44
2 2 0111100|110|0100 0x1E64
2 3 0111111|000|0111 0x1F87
3 0 1000011|010|0001 0x21A1
4 0 0000010|000|0100 0x0104
4 1 0100011|000|0010 0x1182
5 0 0000110|110|0000 0x0360
5 1 0000111|001|0000 0x0390
5 2 0001001|100|0011 0x04C3
5 3 0001011|100|0011 0x05C3
5 4 0001101|001|0011 0x0693
5 5 0001110|100|0100 0x0744
5 6 0001111|100|0100 0x07C4
6 0 0010101|101|0011 0x0AD3
BX = 100 Event : 5
0 0 0100101|100|0000 0x12C0
1 0 0100111|000|0111 0x1387
1 1 0101000|101|0111 0x1457
1 2 0101010|010|0111 0x1527
2 0 0101100|110|0100 0x1664
2 1 0101101|001|0101 0x1695
2 2 0101110|101|0101 0x1755
2 3 0110000|101|0111 0x1857
3 0 0010110|101|0100 0x0B54
3 1 0011000|010|0101 0x0C25
3 2 0110010|101|0001 0x1951
3 3 0110110|010|0011 0x1B23
3 4 0110111|000|0011 0x1B83
3 5 0111000|010|0011 0x1C23
5 0 0001000|001|0100 0x0414
6 0 0001110|001|0000 0x0710
6 1 0001111|000|0000 0x0780
6 2 0010000|000|0011 0x0803
7 0 0010011|000|0111 0x0987
BX = 101 Event : 6
0 0 0011100|000|0101 0x0E05
3 0 0010010|000|0101 0x0905
3 1 0010101|010|0111 0x0AA7
3 2 0010110|010|0111 0x0B27
3 3 0010111|000|0111 0x0B87
4 0 0000000|010|0100 0x0024
4 1 0011010|101|0001 0x0D51
5 0 0000101|001|0001 0x0291
5 1 0000110|000|0001 0x0301
5 2 0000111|010|0010 0x03A2
5 3 0001000|100|0100 0x0444
5 4 0001010|101|0101 0x0555
6 0 0001101|000|0000 0x0680
6 1 0001111|100|0011 0x07C3
6 2 0010000|100|0011 0x0843
BX = 110 Event : 7
0 0 0100011|100|0101 0x11C5
0 1 0100100|100|0101 0x1245
2 0 0100111|001|0100 0x1394
3 0 0011001|100|0100 0x0CC4
3 1 0011010|000|0101 0x0D05
3 2 0011011|101|0101 0x0DD5
3 3 0011100|000|0101 0x0E05
3 4 0011101|001|0101 0x0E95
3 5 0101010|000|0000 0x1500
3 6 0101100|010|0000 0x1620
3 7 0110000|100|0011 0x1843
4 0 0000001|101|0111 0x00D7
5 0 0001000|101|0110 0x0456
5 1 0001001|001|0110 0x0496
5 2 0001010|101|0110 0x0556
6 0 0001111|100|0011 0x07C3
6 1 0010010|100|0110 0x0946
BX = 111 Event : 8
1 0 0010110|000|0100 0x0B04
2 0 0010111|001|0010 0x0B92
2 1 0011000|100|0011 0x0C43
3 0 0001101|010|0100 0x06A4
3 1 0011001|110|0000 0x0CE0
3 2 0011010|000|0000 0x0D00
3 3 0011100|000|0011 0x0E03
4 0 0000001|010|0111 0x00A7
4 1 0000010|000|0111 0x0107
5 0 0000100|010|0001 0x0221
5 1 0000101|100|0010 0x02C2
5 2 0000110|010|0011 0x0323
7 0 0001011|100|0111 0x05C7
BX = 000 Event : 9
0 0 0101001|000|0000 0x1480
1 0 0101100|001|0001 0x1611
1 1 0101101|101|0100 0x16D4
1 2 0101110|001|0100 0x1714
1 3 0101111|100|0100 0x17C4
1 4 0110001|001|0111 0x1897
2 0 0110111|001|0100 0x1B94
2 1 0111000|001|0111 0x1C17
3 0 0111001|100|0001 0x1CC1
3 1 0111010|101|0001 0x1D51
3 2 0111011|010|0010 0x1DA2
3 3 0111101|010|0011 0x1EA3
3 4 1000000|010|0011 0x2023
4 0 0000001|000|0100 0x0084
4 1 0000100|000|0111 0x0207
4 2 0100011|100|0001 0x11C1
4 3 0100111|000|0011 0x1383
5 0 0000101|001|0000 0x0290
5 1 0000110|101|0000 0x0350
5 2 0001101|010|0011 0x06A3
5 3 0001110|101|0110 0x0756
6 0 0001111|100|0000 0x07C0
6 1 0010000|101|0011 0x0853
6 2 0010001|101|0110 0x08D6
6 3 0010011|101|0110 0x09D6
7 0 0010101|100|0010 0x0AC2
7 1 0010110|100|0010 0x0B42
7 2 0010111|100|0010 0x0BC2
7 3 0011000|100|0111 0x0C47
7 4 0011001|000|0111 0x0C87
BX = 001 Event : 10
1 0 0010100|101|0111 0x0A57
2 0 0010101|100|0001 0x0AC1
3 0 0001110|101|0110 0x0756
3 1 0001111|000|0111 0x0787
3 2 0011000|101|0011 0x0C53
4 0 0010000|100|0000 0x0840
BX = 010 Event : 11
1 0 0010110|001|0100 0x0B14
2 0 0011100|101|0100 0x0E54
2 1 0011101|101|0111 0x0ED7
4 0 0000001|001|0110 0x0096
5 0 0000011|101|0010 0x01D2
5 1 0000100|010|0100 0x0224
5 2 0000111|100|0110 0x03C6
6 0 0001100|001|0110 0x0616
BX = 011 Event : 12
1 0 0101100|001|0001 0x1611
1 1 0101110|001|0111 0x1717
3 0 0010011|001|0100 0x0994
3 1 0010100|100|0100 0x0A44
3 2 0010101|100|0100 0x0AC4
3 3 0111000|010|0011 0x1C23
4 0 0000101|001|0101 0x0295
4 1 0011111|101|0000 0x0FD0
4 2 0100000|101|0010 0x1052
5 0 0001000|100|0010 0x0442
5 1 0001001|001|0110 0x0496
5 2 0001010|001|0110 0x0516
5 3 0001011|010|0110 0x05A6
6 0 0001100|001|0011 0x0613
BX = 100 Event : 13
0 0 0010110|000|0000 0x0B00
0 1 0010111|001|0101 0x0B95
1 0 0011001|100|0100 0x0CC4
2 0 0011010|001|0100 0x0D14
2 1 0011011|001|0101 0x0D95
2 2 0011100|000|0101 0x0E05
3 0 0001101|100|0111 0x06C7
3 1 0001110|010|0111 0x0727
3 2 0011110|100|0001 0x0F41
3 3 0100000|000|0010 0x1002
4 0 0000010|010|0110 0x0126
4 1 0000011|110|0111 0x01E7
6 0 0000100|000|0000 0x0200
6 1 0000111|100|0000 0x03C0
6 2 0001000|100|0011 0x0443
7 0 0001010|100|0010 0x0542
BX = 101 Event : 14
1 0 0010110|101|0100 0x0B54
2 0 0011001|010|0101 0x0CA5
2 1 0011010|110|0110 0x0D66
2 2 0011011|010|0110 0x0DA6
3 0 0010000|001|0101 0x0815
3 1 0010010|000|0110 0x0906
3 2 0100100|000|0011 0x1203
4 0 0000100|000|0110 0x0206
5 0 0000101|101|0000 0x02D0
5 1 0000111|001|0010 0x0392
6 0 0001001|001|0000 0x0490
6 1 0001100|100|0110 0x0646
7 0 0001101|000|0111 0x0687
BX = 110 Event : 15
2 0 0100101|101|0001 0x12D1
3 0 0101001|001|0000 0x1490
3 1 0101010|001|0011 0x1513
5 0 0001110|101|0010 0x0752
6 0 0001111|000|0011 0x0783
6 1 0010010|000|0110 0x0906
BX = 111 Event : 16
0 0 0100111|000|0101 0x1385
2 0 0101100|000|0010 0x1602
2 1 0101110|001|0100 0x1714
3 0 0011011|101|0110 0x0DD6
3 1 0011100|001|0111 0x0E17
3 2 0110011|110|0000 0x19E0
3 3 0110101|110|0010 0x1AE2
4 0 0000001|101|0100 0x00D4
4 1 0000100|100|0101 0x0245
4 2 0000101|001|0110 0x0296
4 3 0000111|010|0110 0x03A6
4 4 0001000|110|0110 0x0466
4 5 0001001|000|0110 0x0486
4 6 0001011|100|0111 0x05C7
4 7 0011101|101|0001 0x0ED1
4 8 0100011|010|0011 0x11A3
4 9 0100100|010|0011 0x1223
5 0 0001111|110|0010 0x07E2
5 1 0010000|110|0011 0x0863
6 0 0010010|000|0011 0x0903
6 1 0010011|001|0011 0x0993
6 2 0010100|001|0110 0x0A16
7 0 0010101|001|0010 0x0A92
7 1 0010110|000|0010 0x0B02
7 2 0010111|000|0010 0x0B82
BX = 000 Event : 17
1 0 0100011|101|0111 0x11D7
2 0 0100100|001|0001 0x1211
2 1 0100110|101|0001 0x1351
2 2 0100111|001|0010 0x1392
2 3 0101110|000|0111 0x1707
3 0 0010001|000|0110 0x0886
4 0 0000001|101|0101 0x00D5
4 1 0000010|001|0101 0x0115
4 2 0000011|101|0111 0x01D7
4 3 0010100|000|0001 0x0A01
4 4 0010101|001|0001 0x0A91
4 5 0010110|000|0011 0x0B03
5 0 0001001|000|0110 0x0486
BX = 001 Event : 18
0 0 0011000|000|0000 0x0C00
3 0 0010100|000|0100 0x0A04
3 1 0100000|000|0000 0x1000
3 2 0100011|100|0000 0x11C0
3 3 0100100|000|0000 0x1200
3 4 0100101|010|0001 0x12A1
3 5 0100110|010|0010 0x1322
3 6 0100111|101|0010 0x13D2
3 7 0101000|101|0011 0x1453
4 0 0000011|001|0111 0x0197
5 0 0000110|010|0010 0x0322
5 1 0000111|000|0010 0x0382
6 0 0001011|010|0000 0x05A0
7 0 0001110|000|0010 0x0702
7 1 0001111|100|0010 0x07C2
BX = 010 Event : 19
2 0 0101000|110|0011 0x1463
2 1 0101101|001|0111 0x1697
2 2 0101110|101|0111 0x1757
3 0 0011001|000|0110 0x0C86
3 1 0011010|100|0111 0x0D47
3 2 0011011|010|0111 0x0DA7
3 3 0011100|100|0111 0x0E47
3 4 0011101|100|0111 0x0EC7
3 5 0110000|101|0000 0x1850
4 0 0000010|100|0101 0x0145
4 1 0000011|100|0101 0x01C5
4 2 0011111|100|0000 0x0FC0
4 3 0100010|100|0011 0x1143
5 0 0000101|100|0010 0x02C2
5 1 0000110|001|0010 0x0312
5 2 0000111|010|0011 0x03A3
7 0 0001110|000|0010 0x0702
BX = 011 Event : 20
0 0 0100000|100|0000 0x1040
2 0 0101010|101|0010 0x1552
2 1 0101100|000|0100 0x1604
2 2 0101101|001|0100 0x1694
2 3 0101111|101|0100 0x17D4
2 4 0110000|010|0100 0x1824
2 5 0110001|010|0101 0x18A5
3 0 0110011|010|0000 0x19A0
3 1 0110100|010|0000 0x1A20
3 2 0110110|100|0001 0x1B41
3 3 0110111|100|0001 0x1BC1
3 4 0111000|010|0001 0x1C21
4 0 0000110|001|0110 0x0316
4 1 0000111|010|0110 0x03A6
4 2 0011000|010|0001 0x0C21
4 3 0011001|101|0001 0x0CD1
4 4 0011011|001|0001 0x0D91
4 5 0011100|100|0010 0x0E42
4 6 0011101|100|0010 0x0EC2
5 0 0001011|010|0011 0x05A3
5 1 0001100|100|0110 0x0646
5 2 0001101|100|0110 0x06C6
6 0 0001111|101|0000 0x07D0
6 1 0010001|001|0110 0x0896
BX = 100 Event : 21
0 0 0101000|000|0101 0x1405
2 0 0101010|110|0011 0x1563
2 1 0101100|010|0111 0x1627
2 2 0101101|110|0111 0x16E7
3 0 0011111|100|0011 0x0FC3
3 1 0110010|010|0011 0x1923
4 0 0000001|101|0100 0x00D4
4 1 0000011|101|0101 0x01D5
4 2 0000100|010|0110 0x0226
4 3 0000101|100|0110 0x02C6
4 4 0000111|100|0111 0x03C7
4 5 0001000|010|0111 0x0427
4 6 0100100|001|0000 0x1210
4 7 0100101|000|0001 0x1281
5 0 0001010|000|0000 0x0500
5 1 0001101|101|0010 0x06D2
5 2 0001111|101|0011 0x07D3
5 3 0010010|110|0100 0x0964
5 4 0010100|000|0101 0x0A05
6 0 0010110|000|0000 0x0B00
6 1 0010111|101|0011 0x0BD3
7 0 0011100|000|0111 0x0E07
BX = 101 Event : 22
2 0 0100100|100|0001 0x1241
3 0 0010111|000|0101 0x0B85
3 1 0011000|101|0111 0x0C57
3 2 0011001|100|0111 0x0CC7
3 3 0100101|010|0001 0x12A1
3 4 0100110|001|0010 0x1312
3 5 0100111|010|0011 0x13A3
3 6 0101001|100|0011 0x14C3
4 0 0000000|100|0100 0x0044
4 1 0000001|010|0100 0x00A4
4 2 0000011|010|0101 0x01A5
4 3 0000101|001|0110 0x0296
4 4 0000110|010|0111 0x0327
4 5 0011100|010|0011 0x0E23
5 0 0001001|010|0000 0x04A0
7 0 0010011|000|0111 0x0987
BX = 110 Event : 23
0 0 0100111|000|0000 0x1380
0 1 0101000|000|0101 0x1405
1 0 0101010|100|0001 0x1541
1 1 0101100|001|0100 0x1614
1 2 0101101|001|0111 0x1697
1 3 0101110|010|0111 0x1727
1 4 0101111|100|0111 0x17C7
1 5 0110000|001|0111 0x1817
1 6 0110001|000|0111 0x1887
2 0 0110011|001|0100 0x1994
3 0 0010110|000|0100 0x0B04
3 1 0011000|101|0101 0x0C55
3 2 0011001|001|0101 0x0C95
4 0 0000001|100|0101 0x00C5
4 1 0000101|010|0111 0x02A7
4 2 0011111|001|0001 0x0F91
4 3 0100100|100|0011 0x1243
4 4 0100101|001|0011 0x1293
6 0 0001010|100|0000 0x0540
6 1 0001100|000|0000 0x0600
6 2 0001111|101|0110 0x07D6
6 3 0010010|000|0110 0x0906
6 4 0010011|100|0110 0x09C6
BX = 111 Event : 24
0 0 0101010|000|0000 0x1500
0 1 0101101|100|0101 0x16C5
1 0 0101110|001|0111 0x1717
1 1 0101111|001|0111 0x1797
1 2 0110000|101|0111 0x1857
1 3 0110001|100|0111 0x18C7
3 0 0011110|100|0100 0x0F44
3 1 0011111|101|0100 0x0FD4
3 2 0100001|100|0110 0x10C6
3 3 0100010|101|0110 0x1156
3 4 0100011|101|0110 0x11D6
3 5 0100100|001|0110 0x1216
3 6 0110111|000|0001 0x1B81
3 7 0111000|000|0001 0x1C01
4 0 0000101|010|0101 0x02A5
4 1 0101000|000|0011 0x1403
5 0 0001100|101|0001 0x0651
5 1 0001101|101|0110 0x06D6
6 0 0001111|000|0000 0x0780
6 1 0010010|101|0110 0x0956
6 2 0010011|100|0110 0x09C6
7 0 0010110|100|0010 0x0B42
7 1 0011001|000|0111 0x0C87
7 2 0011011|000|0111 0x0D87
BX = 000 Event : 25
0 0 0100111|000|0101 0x1385
2 0 0101111|101|0111 0x17D7
2 1 0110001|010|0111 0x18A7
3 0 0100010|001|0111 0x1117
3 1 0110010|010|0000 0x1920
4 0 0000010|010|0100 0x0124
4 1 0000011|001|0100 0x0194
4 2 0000111|000|0111 0x0387
4 3 0001000|110|0111 0x0467
4 4 0100011|001|0001 0x1191
4 5 0100100|001|0010 0x1212
4 6 0100101|101|0011 0x12D3
5 0 0001111|000|0001 0x0781
5 1 0010000|010|0010 0x0822
5 2 0010001|101|0011 0x08D3
5 3 0010100|101|0100 0x0A54
6 0 0010101|010|0000 0x0AA0
7 0 0010111|000|0010 0x0B82
7 1 0011001|000|0010 0x0C82
BX = 001 Event : 26
0 0 0101110|100|0000 0x1740
0 1 0101111|100|0101 0x17C5
1 0 0110000|101|0001 0x1851
2 0 0110100|100|0010 0x1A42
3 0 0111001|100|0000 0x1CC0
3 1 0111101|010|0010 0x1EA2
4 0 0100010|010|0000 0x1120
4 1 0100101|101|0001 0x12D1
4 2 0101000|001|0001 0x1411
4 3 0101001|001|0010 0x1492
4 4 0101010|010|0010 0x1522
5 0 0001011|101|0010 0x05D2
5 1 0001110|101|0110 0x0756
6 0 0010000|000|0000 0x0800
6 1 0010011|000|0110 0x0986
7 0 0011000|000|0111 0x0C07
BX = 010 Event : 27
1 0 0100101|001|0100 0x1294
1 1 0100111|101|0100 0x13D4
1 2 0101000|101|0111 0x1457
2 0 0101100|010|0110 0x1626
3 0 0011000|010|0100 0x0C24
3 1 0011011|100|0111 0x0DC7
3 2 0101101|010|0011 0x16A3
4 0 0000000|110|0100 0x0064
4 1 0000001|101|0100 0x00D4
4 2 0000101|000|0111 0x0287
4 3 0000111|001|0111 0x0397
4 4 0011110|101|0000 0x0F50
5 0 0001010|100|0110 0x0546
6 0 0001011|001|0000 0x0590
6 1 0001100|100|0000 0x0640
6 2 0001110|001|0110 0x0716
6 3 0001111|000|0110 0x0786
BX = 011 Event : 28
0 0 0011000|000|0000 0x0C00
0 1 0011010|000|0000 0x0D00
0 2 0011011|000|0000 0x0D80
0 3 0011100|100|0000 0x0E40
0 4 0011101|100|0101 0x0EC5
1 0 0100001|001|0100 0x1094
2 0 0100011|001|0001 0x1191
2 1 0100110|001|0111 0x1317
3 0 0010000|101|0100 0x0854
3 1 0010001|001|0100 0x0894
3 2 0100111|110|0000 0x13E0
3 3 0101000|101|0000 0x1450
3 4 0101010|001|0010 0x1512
4 0 0010101|101|0011 0x0AD3
4 1 0010110|100|0011 0x0B43
4 2 0010111|000|0011 0x0B83
5 0 0000110|101|0100 0x0354
5 1 0000111|000|0110 0x0386
BX = 100 Event : 29
0 0 0101110|100|0000 0x1740
1 0 0110011|101|0100 0x19D4
3 0 0011011|001|0011 0x0D93
3 1 0011100|000|0100 0x0E04
3 2 0100100|000|0110 0x1206
3 3 0100101|100|0110 0x12C6
4 0 0000100|100|0101 0x0245
4 1 0000101|100|0110 0x02C6
4 2 0001001|101|0111 0x04D7
5 0 0001110|110|0010 0x0762
5 1 0010000|001|0101 0x0815
5 2 0010001|010|0110 0x08A6
6 0 0010110|101|0000 0x0B50
BX = 101 Event : 30
0 0 0100011|000|0101 0x1185
1 0 0100100|000|0001 0x1201
2 0 0100110|000|0100 0x1304
3 0 0011001|000|0110 0x0C86
3 1 0011010|100|0110 0x0D46
3 2 0011011|010|0110 0x0DA6
3 3 0101010|110|0010 0x1562
4 0 0000100|110|0101 0x0265
4 1 0000101|110|0101 0x02E5
4 2 0001000|100|0111 0x0447
4 3 0011110|010|0001 0x0F21
4 4 0100001|100|0010 0x10C2
4 5 0100010|001|0100 0x1114
5 0 0001101|101|0101 0x06D5
5 1 0001110|101|0101 0x0755
6 0 0010000|010|0000 0x0820
BX = 110 Event : 31
1 0 0011101|000|0001 0x0E81
1 1 0100001|101|0111 0x10D7
2 0 0100010|010|0101 0x1125
3 0 0010101|001|0111 0x0A97
3 1 0010110|101|0111 0x0B57
3 2 0100100|100|0000 0x1240
4 0 0000010|000|0100 0x0104
4 1 0000100|000|0100 0x0204
4 2 0000101|000|0100 0x0284
4 3 0000111|100|0111 0x03C7
4 4 0010111|100|0001 0x0BC1
5 0 0001011|010|0010 0x05A2
5 1 0001101|101|0110 0x06D6
7 0 0001111|001|0111 0x0797
7 1 0010000|100|0111 0x0847
BX = 111 Event : 32
2 0 0011010|000|0001 0x0D01
2 1 0011011|100|0001 0x0DC1
2 2 0011100|101|0010 0x0E52
2 3 0011110|000|0111 0x0F07
4 0 0000000|010|0101 0x0025
4 1 0000001|010|0101 0x00A5
5 0 0000100|101|0000 0x0250
5 1 0000101|001|0000 0x0290
5 2 0000110|001|0000 0x0310
5 3 0000111|010|0000 0x03A0
5 4 0001001|110|0010 0x04E2
5 5 0001010|010|0010 0x0522
6 0 0001101|101|0110 0x06D6
BX = 000 Event : 33
0 0 0011110|100|0000 0x0F40
0 1 0100000|100|0000 0x1040
0 2 0100001|100|0000 0x10C0
1 0 0100011|100|0100 0x11C4
2 0 0101000|101|0101 0x1455
3 0 0010110|001|0101 0x0B15
3 1 0010111|010|0110 0x0BA6
4 0 0000011|101|0111 0x01D7
6 0 0001000|001|0110 0x0416
6 1 0001001|000|0110 0x0486
6 2 0001010|100|0110 0x0546
6 3 0001011|000|0110 0x0586
BX = 001 Event : 34
0 0 0101001|000|0000 0x1480
0 1 0101011|100|0101 0x15C5
1 0 0101100|000|0001 0x1601
1 1 0101110|101|0001 0x1751
1 2 0110000|101|0001 0x1851
1 3 0110001|000|0111 0x1887
2 0 0110100|001|0010 0x1A12
2 1 0110110|010|0111 0x1B27
3 0 0010111|101|0101 0x0BD5
3 1 0011001|001|0110 0x0C96
3 2 0011010|101|0110 0x0D56
3 3 0011100|001|0111 0x0E17
3 4 0110111|001|0011 0x1B93
4 0 0000010|101|0100 0x0154
4 1 0000011|100|0100 0x01C4
4 2 0011110|001|0000 0x0F10
4 3 0100010|100|0001 0x1141
4 4 0100111|101|0011 0x13D3
4 5 0101000|010|0011 0x1423
6 0 0001110|101|0000 0x0750
6 1 0001111|101|0000 0x07D0
7 0 0010100|000|0010 0x0A02
BX = 010 Event : 35
2 0 0011100|000|0110 0x0E06
3 0 0001110|001|0100 0x0714
3 1 0010001|000|0100 0x0884
3 2 0010101|010|0111 0x0AA7
3 3 0010110|010|0111 0x0B27
3 4 0010111|010|0111 0x0BA7
3 5 0011000|000|0111 0x0C07
4 0 0000000|101|0100 0x0054
4 1 0000001|101|0101 0x00D5
4 2 0011001|101|0001 0x0CD1
4 3 0011011|101|0011 0x0DD3
5 0 0000111|001|0000 0x0390
5 1 0001000|001|0001 0x0411
5 2 0001001|001|0001 0x0491
5 3 0001010|000|0001 0x0501
BX = 011 Event : 36
0 0 0010011|000|0000 0x0980
1 0 0011000|001|0100 0x0C14
1 1 0011001|000|0111 0x0C87
1 2 0011010|100|0111 0x0D47
2 0 0011101|001|0011 0x0E93
2 1 0100001|100|0100 0x10C4
2 2 0100101|110|0111 0x12E7
3 0 0100111|010|0001 0x13A1
3 1 0101000|001|0001 0x1411
4 0 0000000|010|0100 0x0024
4 1 0000010|010|0110 0x0126
4 2 0000100|010|0111 0x0227
4 3 0010001|000|0011 0x0883
5 0 0000101|110|0010 0x02E2
BX = 100 Event : 37
1 0 0010101|010|0111 0x0AA7
2 0 0010110|001|0010 0x0B12
2 1 0010111|001|0010 0x0B92
2 2 0011000|001|0100 0x0C14
3 0 0001110|010|0100 0x0724
3 1 0001111|100|0110 0x07C6
3 2 0010000|100|0111 0x0847
3 3 0011001|110|0000 0x0CE0
3 4 0011110|100|0011 0x0F43
4 0 0000001|010|0111 0x00A7
4 1 0000010|100|0111 0x0147
5 0 0000011|010|0001 0x01A1
7 0 0001000|100|0010 0x0442
7 1 0001010|100|0111 0x0547
BX = 101 Event : 38
0 0 0100010|000|0101 0x1105
1 0 0100100|001|0100 0x1214
2 0 0100110|000|0010 0x1302
2 1 0100111|000|0010 0x1382
2 2 0101100|001|0111 0x1617
3 0 0010101|101|0011 0x0AD3
3 1 0110010|101|0001 0x1951
3 2 0110011|110|0001 0x19E1
3 3 0110100|010|0010 0x1A22
3 4 0110111|101|0011 0x1BD3
3 5 0111000|010|0011 0x1C23
3 6 0111010|000|0011 0x1D03
4 0 0000110|001|0111 0x0317
4 1 0000111|100|0111 0x03C7
4 2 0001000|101|0111 0x0457
4 3 0011100|001|0000 0x0E10
5 0 0001001|100|0000 0x04C0
5 1 0001010|000|0010 0x0502
6 0 0001100|101|0000 0x0650
7 0 0010000|001|0010 0x0812
7 1 0010010|000|0111 0x0907
BX = 110 Event : 39
0 0 0011000|001|0000 0x0C10
1 0 0011010|000|0100 0x0D04
2 0 0011110|010|0100 0x0F24
2 1 0100000|100|0110 0x1046
2 2 0100001|100|0111 0x10C7
3 0 0010010|010|0110 0x0926
3 1 0100101|100|0011 0x12C3
4 0 0000001|101|0100 0x00D4
4 1 0000011|001|0110 0x0196
4 2 0010011|101|0000 0x09D0
4 3 0010100|101|0001 0x0A51
4 4 0010101|101|0001 0x0AD1
4 5 0010110|000|0001 0x0B01
6 0 0001010|101|0011 0x0553
6 1 0001011|100|0110 0x05C6
BX = 111 Event : 40
2 0 0101011|101|0111 0x15D7
3 0 0010101|001|0100 0x0A94
3 1 0010110|101|0101 0x0B55
3 2 0010111|101|0110 0x0BD6
3 3 0011010|001|0111 0x0D17
3 4 0101110|101|0010 0x1752
4 0 0011011|101|0000 0x0DD0
5 0 0000000|001|0001 0x0011
5 1 0000001|101|0001 0x00D1
7 0 0001100|100|0010 0x0642
7 1 0001111|100|0111 0x07C7
BX = 000 Event : 41
0 0 0100001|000|0101 0x1085
1 0 0100011|001|0001 0x1191
1 1 0100101|000|0001 0x1281
1 2 0100111|001|0100 0x1394
2 0 0101011|101|0011 0x15D3
2 1 0101101|100|0100 0x16C4
2 2 0101111|000|0110 0x1786
2 3 0110000|000|0110 0x1806
3 0 0011011|101|0110 0x0DD6
3 1 0110100|110|0000 0x1A60
3 2 0110101|010|0001 0x1AA1
4 0 0011110|000|0001 0x0F01
5 0 0000101|001|0000 0x0290
5 1 0001000|100|0011 0x0443
5 2 0001010|100|0011 0x0543
5 3 0001101|100|0100 0x06C4
6 0 0010000|001|0011 0x0813
6 1 0010011|001|0110 0x0996
7 0 0010100|000|0010 0x0A02
7 1 0010101|000|0010 0x0A82
BX = 001 Event : 42
0 0 0011001|000|0000 0x0C80
0 1 0011010|100|0000 0x0D40
1 0 0011011|100|0100 0x0DC4
1 1 0011101|101|0111 0x0ED7
1 2 0011110|101|0111 0x0F57
1 3 0011111|100|0111 0x0FC7
2 0 0100111|101|0110 0x13D6
2 1 0101000|101|0111 0x1457
2 2 0101001|010|0111 0x14A7
4 0 0000001|001|0100 0x0094
4 1 0010110|100|0000 0x0B40
7 0 0001111|000|0111 0x0787
BX = 010 Event : 43
1 0 0100010|001|0100 0x1114
1 1 0100011|001|0100 0x1194
1 2 0100100|100|0100 0x1244
1 3 0100101|001|0100 0x1294
2 0 0101001|010|0011 0x14A3
2 1 0101010|001|0100 0x1514
2 2 0101011|000|0110 0x1586
2 3 0101101|010|0110 0x16A6
3 0 0011001|010|0101 0x0CA5
3 1 0110000|100|0000 0x1840
3 2 0110001|100|0000 0x18C0
3 3 0110010|101|0000 0x1950
4 0 0000111|000|0111 0x0387
4 1 0011110|001|0011 0x0F13
5 0 0001000|100|0000 0x0440
5 1 0001010|000|0000 0x0500
5 2 0001011|001|0110 0x0596
6 0 0001101|000|0000 0x0680
6 1 0001110|100|0000 0x0740
6 2 0010000|000|0011 0x0803
7 0 0010100|001|0111 0x0A17
BX = 011 Event : 44
2 0 0100110|101|0001 0x1351
2 1 0101001|000|0100 0x1484
2 2 0101011|100|0101 0x15C5
2 3 0101101|101|0101 0x16D5
2 4 0101110|110|0110 0x1766
2 5 0110001|000|0111 0x1887
3 0 0010110|100|0111 0x0B47
4 0 0011000|100|0000 0x0C40
4 1 0011001|010|0000 0x0CA0
4 2 0011010|101|0000 0x0D50
4 3 0011110|101|0011 0x0F53
5 0 0000100|001|0000 0x0210
5 1 0000101|001|0001 0x0291
5 2 0000111|001|0100 0x0394
6 0 0001101|001|0110 0x0696
BX = 100 Event : 45
0 0 0100000|000|0101 0x1005
1 0 0100100|100|0001 0x1241
1 1 0101011|000|0111 0x1587
2 0 0101110|101|0001 0x1751
2 1 0101111|010|0100 0x17A4
3 0 0011001|000|0101 0x0C85
3 1 0110110|000|0000 0x1B00
3 2 0111000|101|0001 0x1C51
3 3 0111001|010|0011 0x1CA3
4 0 0000001|001|0100 0x0094
4 1 0000010|101|0100 0x0154
4 2 0000011|110|0100 0x01E4
4 3 0000100|000|0100 0x0204
4 4 0000111|101|0100 0x03D4
5 0 0001100|110|0010 0x0662
5 1 0001101|110|0011 0x06E3
5 2 0010010|100|0110 0x0946
7 0 0010100|001|0010 0x0A12
BX = 101 Event : 46
0 0 0101110|100|0000 0x1740
1 0 0110101|101|0100 0x1AD4
1 1 0110110|101|0100 0x1B54
1 2 0110111|001|0111 0x1B97
2 0 0111011|101|0100 0x1DD4
2 1 0111100|010|0101 0x1E25
3 0 0100011|101|0101 0x11D5
3 1 0100100|100|0101 0x1245
3 2 0100101|001|0101 0x1295
3 3 0100110|001|0110 0x1316
3 4 1000010|001|0011 0x2113
4 0 0000001|010|0100 0x00A4
4 1 0000010|110|0101 0x0165
4 2 0000011|100|0101 0x01C5
4 3 0000101|101|0101 0x02D5
4 4 0000110|101|0101 0x0355
4 5 0001001|101|0111 0x04D7
4 6 0101001|000|0010 0x1482
4 7 0101010|101|0010 0x1552
4 8 0101100|100|0011 0x1643
5 0 0001010|110|0000 0x0560
5 1 0001011|000|0001 0x0581
5 2 0001101|001|0010 0x0692
5 3 0001111|101|0010 0x07D2
5 4 0010001|101|0101 0x08D5
5 5 0010011|101|0110 0x09D6
6 0 0011000|100|0110 0x0C46
6 1 0011001|000|0110 0x0C86
6 2 0011010|001|0110 0x0D16
6 3 0011011|100|0110 0x0DC6
6 4 0011100|001|0110 0x0E16
BX = 110 Event : 47
0 0 0100111|100|0000 0x13C0
0 1 0101000|000|0000 0x1400
1 0 0101010|101|0001 0x1551
1 1 0101101|100|0100 0x16C4
1 2 0110000|101|0111 0x1857
2 0 0110011|010|0100 0x19A4
2 1 0110100|110|0101 0x1A65
2 2 0110110|000|0110 0x1B06
2 3 0110111|100|0111 0x1BC7
2 4 0111000|101|0111 0x1C57
2 5 0111001|101|0111 0x1CD7
3 0 0010111|001|0100 0x0B94
3 1 0011001|000|0101 0x0C85
3 2 0111010|001|0000 0x1D10
4 0 0000001|110|0100 0x00E4
4 1 0011100|101|0000 0x0E50
5 0 0000100|000|0010 0x0202
5 1 0000101|001|0100 0x0294
6 0 0001100|100|0011 0x0643
BX = 111 Event : 48
1 0 0100111|100|0100 0x13C4
1 1 0101010|101|0111 0x1557
2 0 0101100|001|0100 0x1614
2 1 0101101|101|0101 0x16D5
3 0 0110000|010|0011 0x1823
4 0 0000010|101|0101 0x0155
4 1 0000011|100|0110 0x01C6
4 2 0000100|101|0110 0x0256
4 3 0000101|100|0110 0x02C6
5 0 0001100|110|0001 0x0661
5 1 0001110|000|0011 0x0703
5 2 0010000|100|0100 0x0844
5 3 0010001|101|0101 0x08D5
6 0 0010010|101|0000 0x0950
7 0 0011010|001|0010 0x0D12
7 1 0011011|001|0010 0x0D92
7 2 0011100|000|0111 0x0E07
BX = 000 Event : 49
0 0 0010111|100|0101 0x0BC5
1 0 0011010|001|0111 0x0D17
2 0 0011011|110|0011 0x0DE3
2 1 0011100|000|0100 0x0E04
2 2 0011101|000|0101 0x0E85
4 0 0000000|000|0100 0x0004
4 1 0010110|010|0010 0x0B22
5 0 0000001|101|0001 0x00D1
5 1 0000100|001|0011 0x0213
5 2 0000101|001|0011 0x0293
5 3 0000110|010|0100 0x0324
5 4 0000111|101|0100 0x03D4
5 5 0001000|101|0100 0x0454
5 6 0001001|001|0101 0x0495
6 0 0001011|001|0000 0x0590
6 1 0001100|000|0011 0x0603
6 2 0001101|000|0011 0x0683
7 0 0010000|000|0010 0x0802
BX = 001 Event : 50
2 0 0011011|101|0100 0x0DD4
3 0 0010000|001|0111 0x0817
3 1 0011111|000|0001 0x0F81
4 0 0000010|000|0100 0x0104
4 1 0010100|000|0011 0x0A03
4 2 0010101|001|0100 0x0A94
6 0 0000110|010|0000 0x0320
6 1 0001001|001|0011 0x0493
6 2 0001011|101|0110 0x05D6
7 0 0001100|000|0010 0x0602
7 1 0001101|000|0111 0x0687
BX = 010 Event : 51
1 0 0011010|000|0100 0x0D04
1 1 0011011|100|0100 0x0DC4
3 0 0001100|100|0100 0x0644
3 1 0010001|101|0110 0x08D6
4 0 0000100|000|0111 0x0207
4 1 0010100|101|0000 0x0A50
4 2 0010101|000|0000 0x0A80
4 3 0010110|010|0010 0x0B22
4 4 0010111|000|0011 0x0B83
BX = 011 Event : 52
0 0 0011110|100|0000 0x0F40
3 0 0001110|010|0100 0x0724
3 1 0001111|001|0111 0x0797
3 2 0101001|101|0010 0x14D2
3 3 0101101|000|0010 0x1682
3 4 0101110|101|0010 0x1752
3 5 0110001|101|0011 0x18D3
3 6 0110011|010|0011 0x19A3
4 0 0000010|101|0101 0x0155
4 1 0000011|000|0101 0x0185
4 2 0010111|100|0001 0x0BC1
4 3 0011000|000|0010 0x0C02
4 4 0011011|100|0011 0x0DC3
6 0 0001000|101|0000 0x0450
6 1 0001001|000|0011 0x0483
6 2 0001010|101|0011 0x0553
BX = 100 Event : 53
0 0 0101010|001|0000 0x1510
0 1 0101011|100|0101 0x15C5
1 0 0101101|101|0001 0x16D1
1 1 0110001|101|0111 0x18D7
1 2 0110010|001|0111 0x1917
3 0 0011111|101|0100 0x0FD4
3 1 0100000|100|0100 0x1044
3 2 0100011|001|0101 0x1195
3 3 0100100|100|0110 0x1246
4 0 0000011|100|0100 0x01C4
4 1 0000110|101|0101 0x0355
4 2 0000111|001|0101 0x0395
4 3 0001010|000|0110 0x0506
4 4 0001011|000|0110 0x0586
4 5 0100110|010|0000 0x1320
5 0 0001110|010|0000 0x0720
5 1 0010000|001|0011 0x0813
6 0 0010010|000|0011 0x0903
6 1 0010011|001|0011 0x0993
6 2 0010101|000|0110 0x0A86
7 0 0011010|001|0010 0x0D12
7 1 0011100|001|0010 0x0E12
7 2 0011101|100|0010 0x0EC2
BX = 101 Event : 54
0 0 0100010|100|0101 0x1145
1 0 0100100|000|0001 0x1201
2 0 0101001|010|0001 0x14A1
2 1 0101011|101|0011 0x15D3
2 2 0101100|001|0100 0x1614
3 0 0011010|100|0111 0x0D47
3 1 0011101|101|0111 0x0ED7
3 2 0101111|000|0010 0x1782
3 3 0110000|100|0011 0x1843
3 4 0110001|100|0011 0x18C3
4 0 0000011|010|0100 0x01A4
4 1 0000100|100|0110 0x0246
4 2 0100000|001|0011 0x1013
5 0 0001010|110|0000 0x0560
5 1 0001100|000|0001 0x0601
5 2 0001110|110|0011 0x0763
5 3 0001111|101|0110 0x07D6
7 0 0010010|000|0010 0x0902
7 1 0010100|001|0111 0x0A17
BX = 110 Event : 55
0 0 0110100|000|0101 0x1A05
3 0 0100010|000|0100 0x1104
3 1 0100111|101|0101 0x13D5
3 2 0111100|001|0010 0x1E12
4 0 0000001|101|0100 0x00D4
4 1 0000011|010|0101 0x01A5
4 2 0001000|000|0111 0x0407
4 3 0110001|100|0011 0x18C3
4 4 0110010|101|0011 0x1953
5 0 0001001|100|0000 0x04C0
5 1 0001010|101|0001 0x0551
5 2 0001100|000|0010 0x0602
6 0 0010111|001|0011 0x0B93
6 1 0011000|100|0011 0x0C43
6 2 0011001|100|0110 0x0CC6
6 3 0011010|100|0110 0x0D46
6 4 0011011|000|0110 0x0D86
7 0 0011101|000|0010 0x0E82
7 1 0011110|000|0010 0x0F02
BX = 111 Event : 56
0 0 0100000|100|0000 0x1040
1 0 0100001|001|0100 0x1094
1 1 0100011|100|0111 0x11C7
3 0 0011000|100|0101 0x0C45
3 1 0011001|101|0111 0x0CD7
3 2 0101101|010|0001 0x16A1
3 3 0101110|101|0001 0x1751
3 4 0101111|001|0010 0x1792
3 5 0110000|001|0011 0x1813
3 6 0110001|010|0011 0x18A3
4 0 0011011|001|0001 0x0D91
4 1 0011110|100|0010 0x0F42
5 0 0000100|001|0000 0x0210
5 1 0000101|000|0010 0x0282
5 2 0000111|000|0101 0x0385
6 0 0001011|101|0000 0x05D0
6 1 0001100|100|0011 0x0643
BX = 000 Event : 57
1 0 0100000|100|0001 0x1041
1 1 0100011|001|0100 0x1194
2 0 0100110|001|0010 0x1312
2 1 0100111|110|0011 0x13E3
3 0 0010001|000|0110 0x0886
3 1 0010010|101|0110 0x0956
3 2 0010011|001|0111 0x0997
3 3 0010101|000|0111 0x0A87
4 0 0000011|001|0101 0x0195
4 1 0011001|101|0001 0x0CD1
5 0 0000110|101|0000 0x0350
6 0 0001010|101|0011 0x0553
6 1 0001011|000|0110 0x0586
6 2 0001100|100|0110 0x0646
7 0 0001101|100|0111 0x06C7
BX = 001 Event : 58
0 0 0011001|001|0101 0x0C95
0 1 0011010|000|0101 0x0D05
1 0 0011101|101|0111 0x0ED7
3 0 0010010|010|0110 0x0926
3 1 0010011|000|0111 0x0987
3 2 0010100|001|0111 0x0A17
3 3 0100010|110|0001 0x1161
3 4 0100011|110|0001 0x11E1
3 5 0100100|101|0001 0x1251
3 6 0100101|101|0001 0x12D1
3 7 0100110|101|0001 0x1351
4 0 0000001|110|0101 0x00E5
6 0 0001001|101|0110 0x04D6
7 0 0001100|100|0010 0x0642
7 1 0001110|000|0111 0x0707
BX = 010 Event : 59
0 0 0011000|100|0000 0x0C40
1 0 0011101|001|0001 0x0E91
1 1 0011111|100|0001 0x0FC1
2 0 0100011|000|0011 0x1183
2 1 0100100|010|0100 0x1224
2 2 0101100|100|0111 0x1647
2 3 0101110|001|0111 0x1717
3 0 0110001|101|0001 0x18D1
3 1 0110010|100|0010 0x1942
5 0 0000001|010|0011 0x00A3
5 1 0000010|110|0011 0x0163
5 2 0000011|001|0100 0x0194
5 3 0000100|001|0101 0x0215
5 4 0000110|000|0110 0x0306
6 0 0000111|001|0011 0x0393
7 0 0001000|100|0010 0x0442
BX = 011 Event : 60
0 0 0101000|000|0101 0x1405
0 1 0101100|000|0101 0x1605
1 0 0110000|000|0001 0x1801
1 1 0110001|100|0001 0x18C1
1 2 0110010|001|0100 0x1914
1 3 0110011|000|0111 0x1987
2 0 0110111|000|0001 0x1B81
3 0 0100011|010|0101 0x11A5
3 1 0100101|100|0111 0x12C7
3 2 0111010|001|0000 0x1D10
3 3 0111011|101|0000 0x1DD0
3 4 0111100|110|0000 0x1E60
4 0 0100110|001|0000 0x1310
4 1 0100111|101|0000 0x13D0
5 0 0000110|000|0011 0x0303
5 1 0001000|101|0011 0x0453
5 2 0001010|000|0011 0x0503
5 3 0001011|000|0011 0x0583
5 4 0001100|100|0100 0x0644
6 0 0010001|010|0000 0x08A0
6 1 0010011|100|0000 0x09C0
6 2 0010100|001|0000 0x0A10
6 3 0010101|001|0011 0x0A93
6 4 0010110|000|0110 0x0B06
6 5 0011000|101|0110 0x0C56
6 6 0011001|001|0110 0x0C96
BX = 100 Event : 61
0 0 0011001|100|0000 0x0CC0
1 0 0011010|101|0001 0x0D51
2 0 0100100|010|0100 0x1224
3 0 0010110|100|0101 0x0B45
3 1 0010111|000|0101 0x0B85
3 2 0100101|101|0000 0x12D0
5 0 0000001|001|0000 0x0090
5 1 0000010|001|0001 0x0111
5 2 0000100|101|0010 0x0252
5 3 0000101|101|0010 0x02D2
5 4 0000110|010|0011 0x0323
6 0 0001101|101|0110 0x06D6
7 0 0010000|001|0010 0x0812
BX = 101 Event : 62
1 0 0011010|000|0001 0x0D01
3 0 0001110|101|0100 0x0754
3 1 0010001|101|0110 0x08D6
3 2 0100011|000|0000 0x1180
4 0 0000100|000|0101 0x0205
4 1 0000101|110|0111 0x02E7
4 2 0010010|000|0000 0x0900
4 3 0010011|010|0001 0x09A1
5 0 0000110|010|0000 0x0320
6 0 0000111|010|0000 0x03A0
BX = 110 Event : 63
0 0 0011111|100|0000 0x0FC0
1 0 0100010|001|0001 0x1111
1 1 0100011|000|0100 0x1184
1 2 0100101|100|0111 0x12C7
3 0 0011010|100|0100 0x0D44
3 1 0011011|101|0100 0x0DD4
3 2 0101001|101|0000 0x14D0
3 3 0101010|101|0000 0x1550
3 4 0110010|000|0011 0x1903
4 0 0000010|000|0101 0x0105
4 1 0000111|001|0110 0x0396
4 2 0011101|001|0010 0x0E92
5 0 0001000|001|0001 0x0411
5 1 0001001|010|0100 0x04A4
6 0 0001110|101|0000 0x0750
6 1 0010000|000|0000 0x0800
6 2 0010010|100|0000 0x0940
6 3 0010100|001|0011 0x0A13
6 4 0010101|000|0011 0x0A83
6 5 0010111|100|0110 0x0BC6
BX = 111 Event : 64
0 0 0011101|100|0000 0x0EC0
0 1 0011110|000|0000 0x0F00
1 0 0100000|101|0001 0x1051
1 1 0100001|101|0001 0x10D1
1 2 0100100|101|0111 0x1257
1 3 0100101|001|0111 0x1297
2 0 0100111|010|0100 0x13A4
2 1 0101010|101|0101 0x1555
2 2 0101011|100|0111 0x15C7
2 3 0101100|101|0111 0x1657
3 0 0010010|001|0111 0x0917
3 1 0101101|010|0010 0x16A2
3 2 0101110|001|0011 0x1713
4 0 0010111|010|0010 0x0BA2
5 0 0000011|001|0100 0x0194
7 0 0001100|100|0111 0x0647
BX = 000 Event : 65
1 0 0010000|001|0001 0x0811
1 1 0010001|001|0001 0x0891
2 0 0010011|000|0001 0x0981
3 0 0001011|000|0111 0x0587
3 1 0010110|010|0000 0x0B20
3 2 0011000|001|0011 0x0C13
4 0 0000000|001|0110 0x0016
4 1 0001101|000|0000 0x0680
4 2 0001110|101|0010 0x0752
5 0 0000001|100|0001 0x00C1
5 1 0000101|100|0110 0x02C6
BX = 001 Event : 66
0 0 0100011|000|0000 0x1180
2 0 0100101|010|0010 0x12A2
2 1 0100111|010|0100 0x13A4
3 0 0011010|001|0111 0x0D17
3 1 0011011|000|0111 0x0D87
3 2 0101011|010|0000 0x15A0
3 3 0101100|101|0010 0x1652
3 4 0101110|100|0011 0x1743
4 0 0001001|000|0101 0x0485
4 1 0001010|001|0101 0x0515
5 0 0010000|110|0000 0x0860
5 1 0010001|101|0001 0x08D1
5 2 0010010|100|0001 0x0941
5 3 0010100|010|0100 0x0A24
6 0 0010110|101|0011 0x0B53
6 1 0010111|000|0110 0x0B86
6 2 0011000|100|0110 0x0C46
BX = 010 Event : 67
0 0 0100000|000|0000 0x1000
0 1 0100001|001|0000 0x1090
1 0 0100101|001|0001 0x1291
1 1 0100110|101|0100 0x1354
1 2 0100111|001|0100 0x1394
1 3 0101000|000|0100 0x1404
1 4 0101010|001|0111 0x1517
2 0 0101111|001|0100 0x1794
2 1 0110000|001|0111 0x1817
3 0 0010111|101|0100 0x0BD4
3 1 0011010|101|0110 0x0D56
4 0 0000011|110|0110 0x01E6
4 1 0000100|010|0111 0x0227
5 0 0000101|110|0000 0x02E0
5 1 0000110|101|0000 0x0350
5 2 0000111|100|0100 0x03C4
5 3 0001010|101|0110 0x0556
6 0 0001011|101|0000 0x05D0
6 1 0001100|100|0000 0x0640
6 2 0010000|100|0011 0x0843
6 3 0010001|101|0011 0x08D3
7 0 0010010|000|0111 0x0907
7 1 0010100|000|0111 0x0A07
BX = 011 Event : 68
2 0 0100001|010|0011 0x10A3
2 1 0100010|001|0100 0x1114
2 2 0100011|010|0100 0x11A4
2 3 0100110|010|0110 0x1326
3 0 0101011|010|0010 0x15A2
3 1 0101110|000|0011 0x1703
4 0 0000110|010|0111 0x0327
4 1 0011100|010|0001 0x0E21
6 0 0001111|001|0011 0x0793
6 1 0010000|100|0011 0x0843
7 0 0010010|000|0010 0x0902
BX = 100 Event : 69
2 0 0100111|101|0100 0x13D4
3 0 0010100|100|0110 0x0A46
3 1 0010110|101|0111 0x0B57
3 2 0010111|010|0111 0x0BA7
3 3 0101100|010|0001 0x1621
3 4 0101101|010|0001 0x16A1
4 0 0000010|101|0101 0x0155
4 1 0000011|001|0110 0x0196
4 2 0011000|100|0000 0x0C40
5 0 0000110|101|0010 0x0352
5 1 0000111|010|0100 0x03A4
6 0 0001010|001|0110 0x0516
7 0 0001101|100|0010 0x06C2
7 1 0001110|000|0010 0x0702
7 2 0001111|000|0111 0x0787
BX = 101 Event : 70
0 0 0011011|100|0000 0x0DC0
0 1 0011100|000|0000 0x0E00
1 0 0011110|001|0001 0x0F11
2 0 0100011|101|0001 0x11D1
2 1 0100101|000|0100 0x1284
3 0 0010101|000|0101 0x0A85
3 1 0101001|010|0000 0x14A0
3 2 0101011|000|0010 0x1582
4 0 0000011|001|0100 0x0194
4 1 0010110|100|0010 0x0B42
4 2 0011000|010|0010 0x0C22
4 3 0011001|000|0011 0x0C83
4 4 0011010|000|0011 0x0D03
6 0 0001101|101|0000 0x06D0
BX = 110 Event : 71
0 0 0100011|100|0101 0x11C5
1 0 0100110|101|0100 0x1354
3 0 0001111|000|0100 0x0784
3 1 0010010|010|0101 0x0925
3 2 0010110|101|0111 0x0B57
3 3 0101011|010|0000 0x15A0
3 4 0101111|100|0010 0x17C2
4 0 0000000|100|0100 0x0044
4 1 0000011|110|0101 0x01E5
4 2 0011001|001|0000 0x0C90
4 3 0011101|000|0010 0x0E82
4 4 0011110|000|0010 0x0F02
4 5 0011111|000|0011 0x0F83
BX = 111 Event : 72
0 0 0011101|000|0101 0x0E85
1 0 0011110|100|0001 0x0F41
1 1 0011111|000|0001 0x0F81
1 2 0100010|010|0111 0x1127
2 0 0100011|101|0001 0x11D1
2 1 0100100|001|0001 0x1211
2 2 0100101|101|0001 0x12D1
3 0 0010100|001|0100 0x0A14
3 1 0010111|010|0110 0x0BA6
3 2 0011000|100|0110 0x0C46
3 3 0101001|101|0001 0x14D1
3 4 0101011|010|0001 0x15A1
3 5 0101100|101|0001 0x1651
3 6 0101101|100|0010 0x16C2
3 7 0101110|110|0010 0x1762
4 0 0000001|101|0101 0x00D5
4 1 0000011|000|0110 0x0186
4 2 0011011|000|0010 0x0D82
5 0 0000100|101|0001 0x0251
5 1 0001000|100|0110 0x0446
6 0 0001001|001|0000 0x0490
BX = 000 Event : 73
0 0 0100101|100|0000 0x12C0
1 0 0100110|100|0001 0x1341
1 1 0101000|101|0100 0x1454
2 0 0101011|000|0100 0x1584
2 1 0101111|001|0110 0x1796
2 2 0110001|001|0111 0x1897
3 0 0011011|001|0101 0x0D95
3 1 0110011|100|0000 0x19C0
3 2 0110101|100|0010 0x1AC2
3 3 0110110|101|0010 0x1B52
3 4 0110111|010|0011 0x1BA3
4 0 0100100|000|0010 0x1202
5 0 0000101|001|0000 0x0290
5 1 0000110|010|0001 0x0321
5 2 0000111|010|0001 0x03A1
5 3 0001000|100|0010 0x0442
5 4 0001001|100|0011 0x04C3
5 5 0001010|010|0100 0x0524
6 0 0001101|101|0000 0x06D0
6 1 0001111|000|0000 0x0780
6 2 0010010|100|0011 0x0943
6 3 0010011|001|0011 0x0993
6 4 0010110|001|0110 0x0B16
BX = 001 Event : 74
1 0 0011110|001|0001 0x0F11
1 1 0100000|001|0100 0x1014
1 2 0100011|010|0111 0x11A7
1 3 0100100|001|0111 0x1217
2 0 0100110|010|0011 0x1323
2 1 0100111|100|0100 0x13C4
2 2 0101001|000|0100 0x1484
3 0 0010110|001|0100 0x0B14
3 1 0010111|100|0100 0x0BC4
3 2 0011000|000|0101 0x0C05
3 3 0101110|010|0010 0x1722
4 0 0000000|000|0100 0x0004
4 1 0000001|110|0100 0x00E4
4 2 0000010|101|0101 0x0155
4 3 0011010|001|0000 0x0D10
5 0 0000110|101|0011 0x0353
6 0 0001110|000|0011 0x0703
BX = 010 Event : 75
0 0 0100000|100|0101 0x1045
0 1 0100001|000|0101 0x1085
2 0 0100011|110|0100 0x11E4
2 1 0100110|110|0111 0x1367
2 2 0100111|000|0111 0x1387
3 0 0010100|000|0101 0x0A05
3 1 0010101|000|0101 0x0A85
4 0 0000001|101|0110 0x00D6
4 1 0011001|100|0001 0x0CC1
4 2 0011011|001|0010 0x0D92
4 3 0011101|001|0011 0x0E93
4 4 0011110|001|0011 0x0F13
4 5 0011111|100|0011 0x0FC3
5 0 0000101|001|0000 0x0290
6 0 0001101|000|0011 0x0683
6 1 0010000|101|0110 0x0856
BX = 011 Event : 76
0 0 0101010|100|0000 0x1540
0 1 0101011|100|0101 0x15C5
2 0 0101111|001|0100 0x1794
2 1 0110010|001|0110 0x1916
2 2 0110011|000|0111 0x1987
3 0 0011100|000|0100 0x0E04
3 1 0011101|010|0100 0x0EA4
3 2 0100001|101|0110 0x10D6
4 0 0000100|010|0101 0x0225
4 1 0001001|000|0111 0x0487
5 0 0001010|110|0001 0x0561
5 1 0001011|101|0010 0x05D2
5 2 0001100|000|0010 0x0602
6 0 0010011|001|0000 0x0990
7 0 0011001|000|0010 0x0C82
BX = 100 Event : 77
0 0 0100001|100|0101 0x10C5
0 1 0100011|100|0101 0x11C5
0 2 0100100|000|0101 0x1205
2 0 0100110|100|0001 0x1341
2 1 0100111|010|0001 0x13A1
2 2 0101000|001|0100 0x1414
3 0 0011010|000|0101 0x0D05
3 1 0011011|000|0101 0x0D85
3 2 0101011|010|0000 0x15A0
3 3 0101101|010|0000 0x16A0
3 4 0101111|100|0011 0x17C3
4 0 0000001|101|0111 0x00D7
4 1 0011111|101|0011 0x0FD3
5 0 0001000|101|0011 0x0453
5 1 0001011|000|0110 0x0586
5 2 0001100|101|0110 0x0656
6 0 0001111|001|0000 0x0790
6 1 0010010|001|0011 0x0913
7 0 0010100|000|0111 0x0A07
BX = 101 Event : 78
0 0 0101011|001|0000 0x1590
1 0 0101110|001|0001 0x1711
1 1 0101111|000|0001 0x1781
2 0 0111001|101|0101 0x1CD5
2 1 0111010|001|0101 0x1D15
2 2 0111011|010|0101 0x1DA5
3 0 0011101|101|0100 0x0ED4
3 1 0011110|000|0100 0x0F04
3 2 0011111|101|0101 0x0FD5
3 3 0100000|010|0101 0x1025
3 4 0100001|100|0101 0x10C5
3 5 0111101|001|0001 0x1E91
3 6 0111110|001|0001 0x1F11
3 7 1000000|100|0011 0x2043
4 0 0100011|000|0000 0x1180
4 1 0100100|001|0000 0x1210
4 2 0100101|000|0000 0x1280
4 3 0100110|101|0001 0x1351
4 4 0100111|000|0001 0x1381
4 5 0101000|001|0011 0x1413
5 0 0000011|100|0000 0x01C0
5 1 0000110|110|0000 0x0360
6 0 0001101|101|0000 0x06D0
6 1 0010000|000|0011 0x0803
7 0 0010010|000|0010 0x0902
7 1 0010100|100|0010 0x0A42
7 2 0010101|100|0010 0x0AC2
7 3 0010111|000|0111 0x0B87
BX = 110 Event : 79
1 0 0011011|000|0001 0x0D81
1 1 0011101|001|0100 0x0E94
1 2 0011111|010|0111 0x0FA7
2 0 0100101|010|0011 0x12A3
2 1 0100110|000|0100 0x1304
3 0 0101011|001|0000 0x1590
3 1 0101100|101|0010 0x1652
4 0 0000000|010|0100 0x0024
4 1 0000001|000|0100 0x0084
4 2 0000010|100|0101 0x0145
4 3 0000100|101|0110 0x0256
5 0 0001000|010|0011 0x0423
BX = 111 Event : 80
0 0 0011100|001|0000 0x0E10
1 0 0100000|001|0100 0x1014
2 0 0100101|101|0011 0x12D3
2 1 0100111|110|0101 0x13E5
2 2 0101010|101|0110 0x1556
2 3 0101100|101|0111 0x1657
3 0 0010100|101|0111 0x0A57
3 1 0010110|001|0111 0x0B17
3 2 0101101|000|0000 0x1680
3 3 0101110|100|0010 0x1742
4 0 0000000|001|0100 0x0014
4 1 0011010|101|0001 0x0D51
5 0 0000011|000|0000 0x0180
5 1 0000110|000|0110 0x0306
6 0 0001001|001|0011 0x0493
6 1 0001010|000|0011 0x0503
6 2 0001011|001|0110 0x0596
6 3 0001100|101|0110 0x0656
6 4 0001110|100|0110 0x0746
7 0 0010000|100|0010 0x0842
BX = 000 Event : 81
1 0 0101000|000|0001 0x1401
2 0 0101111|100|0011 0x17C3
2 1 0110001|101|0100 0x18D4
2 2 0110010|110|0101 0x1965
3 0 0110111|000|0010 0x1B82
4 0 0000011|101|0100 0x01D4
4 1 0001000|001|0111 0x0417
4 2 0001001|101|0111 0x04D7
4 3 0001010|001|0111 0x0517
4 4 0011111|101|0010 0x0FD2
4 5 0100100|101|0011 0x1253
5 0 0010001|101|0100 0x08D4
5 1 0010010|101|0101 0x0955
BX = 001 Event : 82
1 0 0100001|101|0100 0x10D4
1 1 0100010|001|0111 0x1117
2 0 0100101|101|0011 0x12D3
2 1 0101001|000|0111 0x1487
2 2 0101010|110|0111 0x1567
3 0 0011010|000|0101 0x0D05
3 1 0011011|000|0110 0x0D86
3 2 0101011|010|0000 0x15A0
3 3 0101101|001|0001 0x1691
4 0 0000000|010|0101 0x0025
4 1 0000001|101|0101 0x00D5
4 2 0000010|010|0101 0x0125
4 3 0011110|001|0000 0x0F10
4 4 0011111|100|0011 0x0FC3
5 0 0000011|010|0011 0x01A3
5 1 0001000|100|0110 0x0446
5 2 0001001|010|0110 0x04A6
6 0 0001011|000|0011 0x0583
BX = 010 Event : 83
1 0 0100010|001|0001 0x1111
1 1 0100100|001|0100 0x1214
1 2 0100101|100|0111 0x12C7
1 3 0100111|001|0111 0x1397
2 0 0101011|000|0110 0x1586
2 1 0101101|110|0111 0x16E7
3 0 0010100|001|0111 0x0A17
3 1 0010101|001|0111 0x0A97
3 2 0010110|001|0111 0x0B17
3 3 0010111|001|0111 0x0B97
3 4 0101110|101|0001 0x1751
3 5 0110000|000|0001 0x1801
3 6 0110001|101|0001 0x18D1
3 7 0110010|001|0010 0x1912
4 0 0000000|101|0101 0x0055
4 1 0000001|100|0111 0x00C7
4 2 0011000|010|0000 0x0C20
4 3 0011001|010|0001 0x0CA1
4 4 0011010|001|0001 0x0D11
5 0 0001000|100|0100 0x0444
6 0 0001100|100|0000 0x0640
6 1 0001101|101|0000 0x06D0
BX = 011 Event : 84
2 0 0011110|101|0100 0x0F54
3 0 0010000|010|0100 0x0824
3 1 0010010|101|0101 0x0955
3 2 0010101|001|0111 0x0A97
3 3 0100010|001|0011 0x1113
4 0 0000001|101|0101 0x00D5
5 0 0000110|010|0001 0x0321
6 0 0001010|001|0011 0x0513
7 0 0001100|100|0111 0x0647
BX = 100 Event : 85
1 0 0011100|101|0001 0x0E51
1 1 0011101|001|0001 0x0E91
1 2 0100000|000|0100 0x1004
2 0 0100101|100|0101 0x12C5
2 1 0100110|000|0101 0x1305
3 0 0101101|010|0010 0x16A2
4 0 0000000|010|0100 0x0024
4 1 0000001|001|0100 0x0094
4 2 0000011|010|0101 0x01A5
4 3 0001000|100|0111 0x0447
4 4 0010111|001|0011 0x0B93
4 5 0011000|100|0011 0x0C43
5 0 0001010|010|0000 0x0520
5 1 0001100|100|0100 0x0644
5 2 0001101|100|0110 0x06C6
7 0 0010001|000|0010 0x0882
7 1 0010010|001|0010 0x0912
7 2 0010011|100|0111 0x09C7
BX = 101 Event : 86
0 0 0010000|000|0000 0x0800
1 0 0010100|000|0001 0x0A01
3 0 0001010|000|0100 0x0504
3 1 0011010|110|0000 0x0D60
4 0 0000000|001|0100 0x0014
BX = 110 Event : 87
3 0 0010110|001|0101 0x0B15
3 1 0010111|010|0101 0x0BA5
3 2 0011000|001|0101 0x0C15
3 3 0011001|001|0101 0x0C95
3 4 0011100|010|0111 0x0E27
4 0 0100001|101|0011 0x10D3
5 0 0000101|001|0000 0x0290
5 1 0001001|010|0100 0x04A4
5 2 0001011|000|0110 0x0586
6 0 0001111|100|0011 0x07C3
6 1 0010000|000|0011 0x0803
7 0 0010011|000|0010 0x0982
BX = 111 Event : 88
1 0 0100010|100|0100 0x1144
2 0 0100111|001|0010 0x1392
2 1 0101000|000|0010 0x1402
2 2 0101011|101|0110 0x15D6
2 3 0101100|110|0111 0x1667
3 0 0010101|001|0100 0x0A94
3 1 0010110|101|0100 0x0B54
3 2 0011000|000|0101 0x0C05
3 3 0011010|101|0101 0x0D55
3 4 0011011|000|0101 0x0D85
3 5 0101101|101|0001 0x16D1
3 6 0110000|000|0011 0x1803
3 7 0110001|001|0011 0x1893
4 0 0000010|001|0111 0x0117
4 1 0011110|001|0011 0x0F13
5 0 0000011|000|0000 0x0180
5 1 0000100|100|0000 0x0240
5 2 0001000|001|0110 0x0416
5 3 0001010|101|0110 0x0556
6 0 0001011|101|0000 0x05D0
6 1 0001111|000|0011 0x0783
6 2 0010000|001|0110 0x0816
6 3 0010001|001|0110 0x0896
BX = 000 Event : 89
1 0 0011100|000|0111 0x0E07
2 0 0011101|000|0010 0x0E82
2 1 0011110|110|0011 0x0F63
2 2 0011111|100|0011 0x0FC3
2 3 0100000|101|0100 0x1054
2 4 0100010|110|0111 0x1167
3 0 0100101|000|0001 0x1281
4 0 0000000|010|0100 0x0024
4 1 0000001|010|0110 0x00A6
4 2 0000010|001|0110 0x0116
4 3 0010100|000|0000 0x0A00
5 0 0000011|110|0010 0x01E2
5 1 0000100|101|0100 0x0254
7 0 0001100|100|0111 0x0647
7 1 0001101|000|0111 0x0687
7 2 0001110|000|0111 0x0707
BX = 001 Event : 90
3 0 0010011|001|0110 0x0996
3 1 0010100|001|0111 0x0A17
4 0 0000000|101|0100 0x0054
4 1 0000010|100|0100 0x0144
4 2 0000100|101|0110 0x0256
4 3 0000101|101|0110 0x02D6
4 4 0010101|101|0000 0x0AD0
5 0 0001010|001|0011 0x0513
BX = 010 Event : 91
0 0 0011010|100|0000 0x0D40
2 0 0100011|010|0110 0x11A6
2 1 0100100|001|0111 0x1217
3 0 0001100|000|0100 0x0604
3 1 0001110|101|0110 0x0756
3 2 0001111|100|0111 0x07C7
3 3 0010000|001|0111 0x0817
3 4 0100111|101|0011 0x13D3
4 0 0000001|100|0101 0x00C5
4 1 0000010|000|0111 0x0107
4 2 0010100|000|0001 0x0A01
4 3 0010110|101|0010 0x0B52
4 4 0010111|000|0011 0x0B83
6 0 0000110|101|0000 0x0350
BX = 011 Event : 92
0 0 0100011|100|0000 0x11C0
0 1 0100101|001|0101 0x1295
1 0 0101000|000|0001 0x1401
1 1 0101010|101|0001 0x1551
1 2 0101011|000|0001 0x1581
1 3 0101100|101|0100 0x1654
1 4 0101110|001|0100 0x1714
1 5 0101111|101|0111 0x17D7
3 0 0010110|001|0110 0x0B16
3 1 0110110|100|0000 0x1B40
3 2 0110111|001|0001 0x1B91
4 0 0000010|101|0101 0x0155
4 1 0000101|101|0111 0x02D7
4 2 0010111|010|0000 0x0BA0
4 3 0011001|100|0000 0x0CC0
4 4 0011010|000|0000 0x0D00
4 5 0011110|100|0001 0x0F41
4 6 0011111|100|0001 0x0FC1
4 7 0100000|100|0001 0x1041
4 8 0100010|101|0010 0x1152
5 0 0000110|010|0000 0x0320
5 1 0000111|100|0011 0x03C3
5 2 0001000|001|0011 0x0413
5 3 0001001|001|0011 0x0493
6 0 0001101|100|0011 0x06C3
6 1 0001110|100|0110 0x0746
7 0 0010000|100|0111 0x0847
BX = 100 Event : 93
1 0 0100000|101|0100 0x1054
1 1 0100001|101|0111 0x10D7
1 2 0100010|001|0111 0x1117
2 0 0100100|101|0010 0x1252
2 1 0100101|110|0011 0x12E3
2 2 0100110|100|0011 0x1343
2 3 0101110|001|0111 0x1717
2 4 0101111|100|0111 0x17C7
3 0 0011000|000|0110 0x0C06
4 0 0011010|001|0001 0x0D11
5 0 0000101|001|0010 0x0292
5 1 0000110|010|0011 0x0323
6 0 0001001|000|0110 0x0486
7 0 0001100|100|0010 0x0642
7 1 0001110|000|0111 0x0707
BX = 101 Event : 94
0 0 0010010|100|0000 0x0940
2 0 0010100|000|0001 0x0A01
2 1 0010110|001|0101 0x0B15
2 2 0010111|110|0101 0x0BE5
2 3 0011000|001|0101 0x0C15
3 0 0001100|010|0111 0x0627
3 1 0011001|010|0001 0x0CA1
4 0 0000010|101|0100 0x0154
4 1 0001101|010|0000 0x06A0
4 2 0001111|101|0011 0x07D3
5 0 0000101|101|0011 0x02D3
BX = 110 Event : 95
0 0 0011111|000|0101 0x0F85
2 0 0100000|110|0011 0x1063
2 1 0100010|010|0110 0x1126
3 0 0010111|100|0011 0x0BC3
4 0 0000001|101|0100 0x00D4
4 1 0000010|000|0100 0x0104
4 2 0000100|101|0101 0x0255
4 3 0000101|101|0110 0x02D6
4 4 0000110|101|0111 0x0357
4 5 0000111|110|0111 0x03E7
4 6 0011010|001|0000 0x0D10
4 7 0011011|000|0001 0x0D81
4 8 0011100|100|0001 0x0E41
5 0 0001001|000|0000 0x0480
5 1 0001100|101|0010 0x0652
5 2 0001110|101|0011 0x0753
6 0 0010001|000|0011 0x0883
6 1 0010011|001|0110 0x0996
7 0 0010110|000|0111 0x0B07
BX = 111 Event : 96
1 0 0100110|100|0111 0x1347
2 0 0101010|010|0100 0x1524
2 1 0101011|010|0100 0x15A4
2 2 0101100|010|0100 0x1624
2 3 0101101|001|0111 0x1697
3 0 0011111|100|0101 0x0FC5
3 1 0100000|101|0101 0x1055
3 2 0100001|100|0101 0x10C5
3 3 0100010|000|0110 0x1106
4 0 0000001|010|0100 0x00A4
4 1 0000100|010|0101 0x0225
4 2 0000110|001|0110 0x0316
4 3 0000111|001|0111 0x0397
6 0 0001100|101|0000 0x0650
6 1 0001101|001|0000 0x0690
6 2 0001111|000|0110 0x0786
6 3 0010000|101|0110 0x0856
6 4 0010001|001|0110 0x0896
6 5 0010010|100|0110 0x0946
6 6 0010100|100|0110 0x0A46
BX = 000 Event : 97
1 0 0101100|000|0100 0x1604
2 0 0110001|000|0101 0x1885
3 0 0100011|100|0101 0x11C5
3 1 0100100|001|0110 0x1216
3 2 0100101|101|0110 0x12D6
3 3 0100110|010|0111 0x1327
3 4 0110101|010|0000 0x1AA0
3 5 0110110|100|0001 0x1B41
3 6 0110111|010|0010 0x1BA2
4 0 0000000|010|0100 0x0024
4 1 0001001|100|0110 0x04C6
4 2 0001010|100|0111 0x0547
4 3 0101000|100|0000 0x1440
4 4 0101010|000|0000 0x1500
5 0 0010001|100|0011 0x08C3
5 1 0010010|100|0101 0x0945
6 0 0010101|000|0000 0x0A80
6 1 0010110|001|0011 0x0B13
6 2 0010111|100|0011 0x0BC3
BX = 001 Event : 98
2 0 0011001|010|0001 0x0CA1
2 1 0011010|100|0010 0x0D42
3 0 0010000|101|0011 0x0853
3 1 0010001|000|0100 0x0884
3 2 0010010|100|0100 0x0944
3 3 0011111|101|0011 0x0FD3
3 4 0100000|101|0011 0x1053
3 5 0100001|110|0011 0x10E3
4 0 0000000|101|0101 0x0055
4 1 0000001|001|0111 0x0097
4 2 0010110|000|0001 0x0B01
5 0 0000101|000|0011 0x0283
6 0 0000111|100|0000 0x03C0
7 0 0001011|000|0111 0x0587
BX = 010 Event : 99
2 0 0101000|001|0101 0x1415
2 1 0101001|100|0101 0x14C5
2 2 0101010|110|0110 0x1566
2 3 0101011|110|0111 0x15E7
3 0 0001111|101|0100 0x07D4
3 1 0010000|000|0100 0x0804
3 2 0010010|001|0101 0x0915
3 3 0010100|000|0101 0x0A05
3 4 0010101|000|0101 0x0A85
3 5 0010111|000|0101 0x0B85
3 6 0011001|101|0110 0x0CD6
3 7 0011010|001|0111 0x0D17
3 8 0011011|010|0111 0x0DA7
3 9 0101100|001|0001 0x1611
3 a 0101101|001|0001 0x1691
3 b 0110001|010|0010 0x18A2
3 c 0110011|100|0011 0x19C3
4 0 0000001|001|0110 0x0096
5 0 0000111|100|0011 0x03C3
BX = 011 Event : 100
0 0 0011000|100|0000 0x0C40
1 0 0011101|001|0100 0x0E94
1 1 0011110|100|0100 0x0F44
1 2 0100001|100|0111 0x10C7
2 0 0100010|000|0001 0x1101
2 1 0100011|101|0001 0x11D1
2 2 0100101|000|0001 0x1281
2 3 0100110|100|0001 0x1341
3 0 0001111|000|0101 0x0785
3 1 0010000|001|0111 0x0817
3 2 0010001|001|0111 0x0897
3 3 0010010|001|0111 0x0917
3 4 0101100|110|0000 0x1660
4 0 0000000|101|0101 0x0055
4 1 0010011|010|0001 0x09A1
4 2 0010110|001|0001 0x0B11
5 0 0000100|100|0100 0x0244
6 0 0000101|101|0000 0x02D0
