BX = 000 Event : 1
0 0 0101000|100|0000 0x1440
1 0 0101011|100|0100 0x15C4
3 0 0011111|001|0101 0x0F95
3 1 0100000|000|0101 0x1005
3 2 0100010|000|0101 0x1105
3 3 0110000|101|0000 0x1850
3 4 0110011|000|0010 0x1982
3 5 0110100|100|0010 0x1A42
4 0 0000110|100|0101 0x0345
4 1 0000111|010|0101 0x03A5
4 2 0001000|100|0101 0x0445
4 3 0001001|110|0101 0x04E5
5 0 0001111|110|0000 0x07E0
7 0 0010100|001|0010 0x0A12
7 1 0010111|001|0111 0x0B97
7 2 0011000|001|0111 0x0C17
BX = 001 Event : 2
2 0 0101011|000|0011 0x1583
2 1 0101100|000|0100 0x1604
2 2 0101101|100|0100 0x16C4
3 0 0011000|101|0111 0x0C57
3 1 0110100|101|0011 0x1A53
4 0 0000000|110|0101 0x0065
4 1 0011010|100|0000 0x0D40
5 0 0000110|010|0110 0x0326
5 1 0001000|100|0110 0x0446
6 0 0001101|100|0011 0x06C3
BX = 010 Event : 3
0 0 0011010|001|0000 0x0D10
0 1 0011011|000|0101 0x0D85
1 0 0011110|100|0001 0x0F41
1 1 0011111|001|0001 0x0F91
3 0 0010110|101|0111 0x0B57
3 1 0100011|100|0001 0x11C1
3 2 0100100|000|0010 0x1202
5 0 0000101|110|0000 0x02E0
7 0 0001100|000|0010 0x0602
7 1 0001101|100|0010 0x06C2
BX = 011 Event : 4
2 0 0100011|110|0001 0x11E1
2 1 0100100|110|0001 0x1261
3 0 0011010|100|0110 0x0D46
3 1 0011011|101|0111 0x0DD7
4 0 0000000|101|0100 0x0054
4 1 0000011|010|0101 0x01A5
5 0 0000110|000|0000 0x0300
5 1 0001010|110|0001 0x0561
5 2 0001011|010|0100 0x05A4
5 3 0001100|100|0100 0x0644
5 4 0001101|110|0101 0x06E5
5 5 0001110|010|0110 0x0726
7 0 0010010|001|0010 0x0912
BX = 100 Event : 5
0 0 0100100|100|0101 0x1245
1 0 0101011|100|0111 0x15C7
2 0 0101110|100|0001 0x1741
2 1 0101111|010|0111 0x17A7
2 2 0110000|011|0111 0x1837
4 0 0100010|100|0001 0x1141
5 0 0000100|000|0001 0x0201
5 1 0001000|110|0011 0x0463
5 2 0001001|001|0011 0x0493
5 3 0001010|001|0011 0x0513
5 4 0001011|101|0100 0x05D4
5 5 0001100|110|0100 0x0664
5 6 0001110|101|0101 0x0755
6 0 0010011|100|0110 0x09C6
6 1 0010100|100|0110 0x0A46
BX = 101 Event : 6
1 0 0010010|101|0100 0x0954
2 0 0011000|001|0111 0x0C17
2 1 0011001|000|0111 0x0C87
4 0 0010000|100|0010 0x0842
4 1 0010001|000|0010 0x0882
5 0 0000011|000|0010 0x0182
7 0 0001100|100|0010 0x0642
7 1 0001101|000|0010 0x0682
BX = 110 Event : 7
0 0 0100001|000|0000 0x1080
1 0 0100011|101|0100 0x11D4
1 1 0100101|100|0111 0x12C7
2 0 0100111|101|0101 0x13D5
3 0 0011000|010|0101 0x0C25
3 1 0101010|100|0011 0x1543
4 0 0000011|110|0100 0x01E4
4 1 0000110|011|0101 0x0335
4 2 0000111|000|0101 0x0385
4 3 0011101|100|0000 0x0EC0
4 4 0011110|010|0000 0x0F20
4 5 0011111|000|0000 0x0F80
7 0 0010100|000|0010 0x0A02
7 1 0010101|001|0111 0x0A97
7 2 0010110|001|0111 0x0B17
BX = 111 Event : 8
0 0 0100000|100|0000 0x1040
0 1 0100110|100|0101 0x1345
1 0 0101001|000|0001 0x1481
1 1 0101101|001|0100 0x1694
1 2 0110001|000|0111 0x1887
2 0 0110100|000|0010 0x1A02
2 1 0110101|110|0010 0x1AE2
2 2 0110110|001|0100 0x1B14
2 3 0111000|101|0110 0x1C56
3 0 0011001|101|0101 0x0CD5
3 1 0011010|101|0101 0x0D55
3 2 0011011|100|0110 0x0DC6
3 3 0111111|001|0001 0x1F91
3 4 1000100|110|0011 0x2263
4 0 0000010|001|0111 0x0117
4 1 0011101|001|0000 0x0E90
4 2 0011110|000|0000 0x0F00
5 0 0000110|101|0110 0x0356
6 0 0001000|101|0000 0x0450
6 1 0001001|101|0000 0x04D0
6 2 0001010|101|0011 0x0553
6 3 0001100|001|0110 0x0616
6 4 0001101|000|0110 0x0686
6 5 0001110|000|0110 0x0706
6 6 0001111|001|0110 0x0796
BX = 000 Event : 9
0 0 0100001|001|0000 0x1090
2 0 0100111|110|0001 0x13E1
3 0 0011010|101|0111 0x0D57
3 1 0101110|001|0000 0x1710
4 0 0000000|101|0100 0x0054
4 1 0011100|001|0010 0x0E12
4 2 0011110|000|0010 0x0F02
4 3 0011111|100|0011 0x0FC3
5 0 0000110|000|0000 0x0300
5 1 0001010|110|0001 0x0561
5 2 0001011|010|0100 0x05A4
5 3 0001100|100|0100 0x0644
5 4 0001101|110|0101 0x06E5
6 0 0010000|001|0110 0x0816
BX = 001 Event : 10
1 0 0110111|001|0001 0x1B91
2 0 0111101|101|0101 0x1ED5
3 0 0101001|001|0110 0x1496
3 1 0101101|001|0111 0x1697
3 2 0111110|110|0000 0x1F60
3 3 1000001|001|0010 0x2092
4 0 0000000|000|0100 0x0004
4 1 0101111|001|0001 0x1791
4 2 0110000|010|0001 0x1821
4 3 0110100|001|0011 0x1A13
4 4 0110101|000|0011 0x1A83
5 0 0010010|001|0110 0x0916
6 0 0010100|001|0000 0x0A10
6 1 0011000|000|0011 0x0C03
6 2 0011111|001|0110 0x0F96
BX = 010 Event : 11
4 0 0010010|100|0010 0x0942
5 0 0000011|000|0010 0x0182
BX = 011 Event : 12
0 0 0100011|100|0000 0x11C0
1 0 0100110|100|0100 0x1344
1 1 0100111|101|0100 0x13D4
3 0 0011000|001|0101 0x0C15
3 1 0011001|000|0101 0x0C85
3 2 0011011|000|0101 0x0D85
3 3 0011111|100|0111 0x0FC7
3 4 0101101|100|0010 0x16C2
3 5 0101110|100|0010 0x1742
5 0 0001000|110|0000 0x0460
7 0 0001101|001|0010 0x0692
7 1 0010000|001|0111 0x0817
7 2 0010001|001|0111 0x0897
BX = 100 Event : 13
0 0 0011100|100|0000 0x0E40
2 0 0101010|110|0010 0x1562
2 1 0101011|101|0110 0x15D6
2 2 0110000|101|0111 0x1857
2 3 0110001|101|0111 0x18D7
3 0 0010011|100|0101 0x09C5
3 1 0010100|100|0101 0x0A45
3 2 0010101|100|0110 0x0AC6
3 3 0110100|001|0001 0x1A11
3 4 0111001|110|0011 0x1CE3
4 0 0010111|001|0000 0x0B90
4 1 0011000|000|0000 0x0C00
4 2 0011010|100|0011 0x0D43
5 0 0000100|101|0110 0x0256
6 0 0000110|101|0000 0x0350
6 1 0000111|101|0000 0x03D0
6 2 0001000|101|0011 0x0453
6 3 0001001|000|0110 0x0486
BX = 101 Event : 14
0 0 0011000|001|0000 0x0C10
0 1 0011001|000|0101 0x0C85
1 0 0011100|001|0001 0x0E11
3 0 0010011|101|0111 0x09D7
3 1 0100000|100|0001 0x1041
3 2 0100001|000|0010 0x1082
4 0 0010111|000|0010 0x0B82
5 0 0000100|110|0000 0x0260
7 0 0001010|000|0010 0x0502
7 1 0001011|100|0010 0x05C2
BX = 110 Event : 15
1 0 0101101|001|0001 0x1691
2 0 0110001|101|0101 0x18D5
3 0 0011111|001|0110 0x0F96
3 1 0100101|001|0111 0x1297
3 2 0110011|001|0010 0x1992
4 0 0100111|010|0001 0x13A1
4 1 0101011|000|0011 0x1583
4 2 0101100|101|0011 0x1653
5 0 0010000|001|0110 0x0816
6 0 0010010|001|0000 0x0910
6 1 0010100|000|0011 0x0A03
BX = 111 Event : 16
0 0 0100010|100|0101 0x1145
1 0 0100110|001|0001 0x1311
2 0 0101100|100|0001 0x1641
2 1 0101110|011|0101 0x1735
2 2 0101111|010|0111 0x17A7
3 0 0011111|001|0111 0x0F97
4 0 0000001|101|0100 0x00D4
5 0 0001000|000|0001 0x0401
5 1 0001101|110|0011 0x06E3
5 2 0001110|001|0011 0x0713
5 3 0001111|101|0100 0x07D4
5 4 0010001|101|0101 0x08D5
6 0 0010011|100|0110 0x09C6
6 1 0010100|100|0110 0x0A46
BX = 000 Event : 17
0 0 0011001|100|0101 0x0CC5
2 0 0011100|001|0001 0x0E11
2 1 0011101|011|0101 0x0EB5
2 2 0011110|110|0101 0x0F65
3 0 0100000|100|0011 0x1043
4 0 0000001|010|0111 0x00A7
6 0 0000111|001|0011 0x0393
BX = 001 Event : 18
1 0 0111010|101|0100 0x1D54
1 1 0111011|100|0100 0x1DC4
1 2 0111100|001|0100 0x1E14
1 3 0111101|000|0111 0x1E87
2 0 1000010|010|0100 0x2124
4 0 0110101|101|0010 0x1AD2
4 1 0110110|000|0011 0x1B03
5 0 0001100|001|0000 0x0610
5 1 0001110|010|0001 0x0721
5 2 0001111|001|0001 0x0791
5 3 0010000|101|0001 0x0851
5 4 0010100|010|0101 0x0A25
6 0 0010110|100|0011 0x0B43
6 1 0010111|100|0011 0x0BC3
6 2 0011000|101|0011 0x0C53
6 3 0011001|001|0011 0x0C93
7 0 0100100|000|0010 0x1202
7 1 0100110|000|0111 0x1307
7 2 0101001|100|0111 0x14C7
BX = 010 Event : 19
0 0 0110110|000|0000 0x1B00
0 1 0111000|000|0000 0x1C00
0 2 0111011|001|0000 0x1D90
1 0 0111111|000|0100 0x1F84
1 1 1000100|101|0111 0x2257
1 2 1000110|100|0111 0x2347
2 0 1001000|100|0001 0x2441
2 1 1001001|010|0001 0x24A1
2 2 1001100|100|0001 0x2641
2 3 1001110|010|0010 0x2722
2 4 1001111|001|0011 0x2793
3 0 0100110|100|0100 0x1344
3 1 0100111|001|0100 0x1394
3 2 0101101|101|0111 0x16D7
4 0 0001010|010|0111 0x0527
4 1 0110000|000|0000 0x1800
4 2 0110001|001|0000 0x1890
5 0 0001101|001|0001 0x0691
5 1 0001111|001|0110 0x0796
6 0 0010000|101|0000 0x0850
6 1 0010001|100|0000 0x08C0
6 2 0010010|100|0011 0x0943
6 3 0010111|100|0110 0x0BC6
6 4 0011000|100|0110 0x0C46
7 0 0011010|100|0010 0x0D42
7 1 0011101|001|0010 0x0E92
7 2 0011110|001|0111 0x0F17
7 3 0100000|100|0111 0x1047
BX = 011 Event : 20
0 0 0100001|100|0000 0x10C0
1 0 0100110|001|0001 0x1311
1 1 0100111|001|0100 0x1394
1 2 0101000|100|0100 0x1444
1 3 0101001|101|0111 0x14D7
2 0 0101010|101|0001 0x1551
2 1 0101100|101|0101 0x1655
3 0 0101110|001|0000 0x1710
3 1 0110101|110|0011 0x1AE3
4 0 0011011|000|0000 0x0D80
4 1 0011110|101|0010 0x0F52
5 0 0001001|100|0110 0x04C6
6 0 0001010|100|0000 0x0540
6 1 0001101|000|0011 0x0683
6 2 0010001|000|0110 0x0886
6 3 0010010|101|0110 0x0956
7 0 0010101|100|0010 0x0AC2
7 1 0010110|100|0111 0x0B47
BX = 100 Event : 21
0 0 0011011|100|0000 0x0DC0
0 1 0011100|001|0000 0x0E10
1 0 0011101|000|0001 0x0E81
1 1 0011110|000|0100 0x0F04
1 2 0011111|000|0100 0x0F84
1 3 0100000|001|0100 0x1014
1 4 0100001|010|0111 0x10A7
2 0 0100100|101|0100 0x1254
3 0 0010101|101|0111 0x0AD7
3 1 0101001|000|0001 0x1481
3 2 0101010|101|0010 0x1552
3 3 0101100|100|0011 0x1643
3 4 0101101|101|0011 0x16D3
4 0 0000111|001|0110 0x0396
4 1 0010110|101|0000 0x0B50
4 2 0010111|000|0001 0x0B81
4 3 0011000|001|0001 0x0C11
5 0 0001011|000|0101 0x0585
6 0 0001100|001|0000 0x0610
BX = 101 Event : 22
0 0 0110100|100|0101 0x1A45
1 0 0110101|100|0001 0x1AC1
1 1 0110111|100|0001 0x1BC1
1 2 0111000|100|0111 0x1C47
2 0 0111010|000|0001 0x1D01
2 1 0111011|001|0100 0x1D94
2 2 0111100|010|0100 0x1E24
2 3 1000000|000|0110 0x2006
2 4 1000001|011|0111 0x20B7
3 0 0100110|001|0100 0x1314
3 1 0101101|000|0111 0x1687
3 2 1000011|100|0000 0x21C0
3 3 1000100|011|0001 0x2231
3 4 1000101|110|0010 0x22E2
3 5 1000110|010|0010 0x2322
3 6 1000111|010|0010 0x23A2
4 0 0000011|100|0111 0x01C7
5 0 0000101|001|0000 0x0290
5 1 0000110|001|0010 0x0312
5 2 0001000|110|0101 0x0465
6 0 0001100|010|0000 0x0620
6 1 0001101|001|0000 0x0690
6 2 0001111|000|0011 0x0783
7 0 0010010|100|0010 0x0942
7 1 0010011|000|0111 0x0987
7 2 0010100|000|0111 0x0A07
7 3 0010101|100|0111 0x0AC7
7 4 0010110|001|0111 0x0B17
7 5 0010111|001|0111 0x0B97
7 6 0011000|100|0111 0x0C47
BX = 110 Event : 23
0 0 0100100|001|0000 0x1210
0 1 0100110|100|0101 0x1345
1 0 0101000|001|0100 0x1414
2 0 0110001|110|0100 0x18E4
3 0 0011011|100|0111 0x0DC7
3 1 0011100|101|0111 0x0E57
3 2 0011101|101|0111 0x0ED7
3 3 0110111|001|0001 0x1B91
3 4 0111001|011|0010 0x1CB2
3 5 0111010|011|0011 0x1D33
3 6 0111011|011|0011 0x1DB3
4 0 0001000|000|0111 0x0407
5 0 0001001|000|0000 0x0480
5 1 0001111|100|0110 0x07C6
6 0 0010010|001|0000 0x0910
7 0 0010110|001|0111 0x0B17
BX = 111 Event : 24
2 0 0011110|101|0100 0x0F54
4 0 0000010|010|0111 0x0127
4 1 0000011|110|0111 0x01E7
4 2 0011000|001|0010 0x0C12
5 0 0000101|000|0000 0x0280
5 1 0000110|000|0001 0x0301
5 2 0000111|001|0010 0x0392
5 3 0001000|001|0011 0x0413
6 0 0001100|001|0110 0x0616
7 0 0010000|100|0010 0x0842
BX = 000 Event : 25
0 0 0101100|001|0000 0x1610
3 0 0011101|001|0101 0x0E95
3 1 0011110|001|0101 0x0F15
3 2 0011111|000|0110 0x0F86
3 3 0100000|100|0110 0x1046
3 4 0100010|000|0111 0x1107
3 5 0110101|000|0001 0x1A81
3 6 0111000|010|0001 0x1C21
4 0 0000001|011|0101 0x00B5
4 1 0000010|001|0101 0x0115
4 2 0000011|000|0101 0x0185
4 3 0000100|010|0110 0x0226
4 4 0100110|001|0010 0x1312
4 5 0100111|000|0010 0x1382
4 6 0101000|010|0010 0x1422
5 0 0001001|101|0100 0x04D4
6 0 0001011|001|0000 0x0590
7 0 0010100|000|0111 0x0A07
BX = 001 Event : 26
2 0 0011111|010|0001 0x0FA1
2 1 0100000|000|0001 0x1001
2 2 0100001|100|0100 0x10C4
2 3 0100100|100|0111 0x1247
3 0 0010101|010|0111 0x0AA7
3 1 0100110|001|0000 0x1310
4 0 0000010|100|0100 0x0144
4 1 0000011|110|0101 0x01E5
4 2 0010111|001|0000 0x0B90
6 0 0001001|100|0110 0x04C6
6 1 0001010|101|0110 0x0556
6 2 0001011|101|0110 0x05D6
BX = 010 Event : 27
1 0 0011110|101|0001 0x0F51
1 1 0100010|101|0111 0x1157
2 0 0100111|000|0100 0x1384
2 1 0101010|011|0111 0x1537
3 0 0101110|110|0001 0x1761
3 1 0110001|110|0010 0x18E2
4 0 0000000|001|0100 0x0014
4 1 0011000|001|0000 0x0C10
4 2 0011001|010|0010 0x0CA2
5 0 0000111|101|0011 0x03D3
5 1 0001001|100|0110 0x04C6
6 0 0001010|000|0000 0x0500
BX = 011 Event : 28
0 0 0101010|000|0000 0x1500
0 1 0101011|100|0000 0x15C0
1 0 0101111|001|0001 0x1791
1 1 0110010|101|0111 0x1957
2 0 0110100|010|0001 0x1A21
2 1 0110101|101|0100 0x1AD4
3 0 0100100|010|0111 0x1227
3 1 0111100|101|0010 0x1E52
3 2 0111110|101|0011 0x1F53
4 0 0000001|010|0100 0x00A4
4 1 0000010|000|0101 0x0105
4 2 0000011|100|0101 0x01C5
4 3 0000110|110|0110 0x0366
5 0 0001010|100|0000 0x0540
5 1 0001100|010|0010 0x0622
5 2 0001101|010|0010 0x06A2
6 0 0010011|100|0110 0x09C6
6 1 0010100|000|0110 0x0A06
7 0 0011010|000|0010 0x0D02
7 1 0011110|000|0111 0x0F07
BX = 100 Event : 29
2 0 0110001|101|0011 0x18D3
3 0 0100011|101|0100 0x11D4
3 1 0100100|101|0101 0x1255
3 2 0100111|010|0110 0x13A6
4 0 0000010|010|0100 0x0124
4 1 0000011|100|0100 0x01C4
4 2 0000110|010|0101 0x0325
4 3 0001001|011|0110 0x04B6
4 4 0101000|101|0010 0x1452
6 0 0001111|000|0000 0x0780
6 1 0010000|101|0000 0x0850
6 2 0010001|001|0000 0x0890
6 3 0010010|101|0000 0x0950
6 4 0010100|001|0110 0x0A16
6 5 0010101|100|0110 0x0AC6
7 0 0011000|001|0010 0x0C12
7 1 0011001|000|0010 0x0C82
BX = 101 Event : 30
1 0 0011101|001|0001 0x0E91
1 1 0011110|001|0001 0x0F11
1 2 0011111|101|0111 0x0FD7
2 0 0100100|001|0101 0x1215
2 1 0100111|100|0110 0x13C6
3 0 0010100|000|0110 0x0A06
3 1 0101000|001|0010 0x1412
4 0 0000010|010|0110 0x0126
5 0 0000100|110|0000 0x0260
5 1 0000101|110|0010 0x02E2
5 2 0000110|001|0011 0x0313
BX = 110 Event : 31
0 0 0110011|100|0000 0x19C0
0 1 0110110|000|0000 0x1B00
1 0 0111101|101|0111 0x1ED7
2 0 0111110|101|0001 0x1F51
2 1 1000000|010|0101 0x2025
3 0 0100111|001|0100 0x1394
3 1 0101001|001|0100 0x1494
3 2 0101010|001|0110 0x1516
3 3 1000100|010|0001 0x2221
3 4 1000111|001|0011 0x2393
5 0 0001011|001|0000 0x0590
5 1 0010100|000|0110 0x0A06
5 2 0010101|010|0110 0x0AA6
6 0 0011010|101|0011 0x0D53
6 1 0011011|101|0011 0x0DD3
6 2 0011100|001|0110 0x0E16
7 0 0100000|000|0010 0x1002
BX = 111 Event : 32
1 0 0110010|100|0111 0x1947
1 1 0110100|100|0111 0x1A47
2 0 0111001|001|0111 0x1C97
3 0 0011101|001|0100 0x0E94
3 1 0100110|000|0110 0x1306
3 2 0100111|001|0110 0x1396
3 3 0111101|011|0010 0x1EB2
3 4 1000001|100|0011 0x20C3
3 5 1000010|011|0011 0x2133
3 6 1000011|011|0011 0x21B3
4 0 0101010|001|0010 0x1512
4 1 0101011|100|0010 0x15C2
4 2 0101100|000|0010 0x1602
5 0 0001110|000|0110 0x0706
6 0 0010000|000|0000 0x0800
6 1 0010001|100|0000 0x08C0
6 2 0010010|101|0000 0x0950
6 3 0010011|000|0110 0x0986
7 0 0010101|100|0111 0x0AC7
BX = 000 Event : 33
2 0 0110010|000|0010 0x1902
2 1 0110011|001|0011 0x1993
3 0 0010111|101|0100 0x0BD4
3 1 0011000|101|0100 0x0C54
3 2 0011100|100|0110 0x0E46
3 3 0111010|001|0000 0x1D10
3 4 0111110|010|0011 0x1F23
3 5 0111111|011|0011 0x1FB3
4 0 0011110|101|0000 0x0F50
4 1 0100100|100|0001 0x1241
5 0 0000011|000|0000 0x0180
5 1 0000101|010|0010 0x02A2
5 2 0001001|101|0100 0x04D4
6 0 0010000|100|0000 0x0840
7 0 0010010|000|0111 0x0907
BX = 001 Event : 34
0 0 0101110|001|0000 0x1710
1 0 0110001|000|0100 0x1884
1 1 0110010|000|0100 0x1904
1 2 0110011|000|0111 0x1987
2 0 0110101|100|0001 0x1AC1
2 1 0110110|010|0011 0x1B23
4 0 0000100|110|0100 0x0264
4 1 0000101|010|0100 0x02A4
4 2 0000110|011|0101 0x0335
4 3 0001000|010|0101 0x0425
4 4 0010010|010|0111 0x0927
4 5 0010011|010|0111 0x09A7
4 6 0010100|110|0111 0x0A67
4 7 0101100|010|0011 0x1623
4 8 0101101|100|0011 0x16C3
6 0 0011100|010|0000 0x0E20
BX = 010 Event : 35
2 0 0011111|001|0010 0x0F92
2 1 0100000|000|0100 0x1004
2 2 0100001|000|0100 0x1084
2 3 0100010|011|0111 0x1137
3 0 0010111|101|0101 0x0BD5
4 0 0011010|101|0001 0x0D51
5 0 0000101|011|0000 0x02B0
5 1 0000110|001|0000 0x0310
5 2 0000111|101|0001 0x03D1
5 3 0001000|010|0011 0x0423
5 4 0001001|001|0110 0x0496
5 5 0001010|010|0110 0x0526
6 0 0001111|000|0110 0x0786
BX = 011 Event : 36
1 0 0110101|101|0111 0x1AD7
2 0 0110111|110|0111 0x1BE7
3 0 0100111|100|0100 0x13C4
3 1 0101010|010|0110 0x1526
3 2 0111011|101|0010 0x1DD2
4 0 0001000|000|0110 0x0406
4 1 0001001|101|0111 0x04D7
4 2 0110001|100|0011 0x18C3
5 0 0001010|110|0000 0x0560
5 1 0001100|011|0001 0x0631
5 2 0010001|101|0100 0x08D4
6 0 0011101|100|0110 0x0EC6
7 0 0011110|000|0010 0x0F02
7 1 0011111|000|0111 0x0F87
7 2 0100000|000|0111 0x1007
BX = 100 Event : 37
0 0 0100001|001|0000 0x1090
0 1 0100010|001|0000 0x1110
1 0 0101011|100|0100 0x15C4
1 1 0101100|100|0111 0x1647
1 2 0101101|101|0111 0x16D7
2 0 0101110|101|0001 0x1751
2 1 0110000|001|0010 0x1812
2 2 0110110|010|0111 0x1B27
3 0 0011010|100|0111 0x0D47
3 1 0111010|101|0000 0x1D50
4 0 0000010|110|0100 0x0164
4 1 0000110|101|0111 0x0357
5 0 0000111|100|0000 0x03C0
5 1 0001001|000|0011 0x0483
5 2 0001010|010|0101 0x0525
6 0 0001110|000|0110 0x0706
6 1 0010000|001|0110 0x0816
6 2 0010001|101|0110 0x08D6
BX = 101 Event : 38
1 0 0011001|100|0100 0x0CC4
2 0 0011110|010|0010 0x0F22
3 0 0100001|010|0001 0x10A1
3 1 0100010|110|0001 0x1161
5 0 0000110|001|0000 0x0310
6 0 0001011|010|0000 0x05A0
7 0 0001100|100|0010 0x0642
BX = 110 Event : 39
2 0 0101111|010|0101 0x17A5
3 0 0100000|001|0100 0x1014
4 0 0000011|011|0110 0x01B6
5 0 0001100|000|0101 0x0605
5 1 0010010|010|0110 0x0926
6 0 0010100|010|0000 0x0A20
6 1 0010101|001|0000 0x0A90
6 2 0010111|000|0110 0x0B86
BX = 111 Event : 40
0 0 0101100|000|0000 0x1600
0 1 0101110|100|0000 0x1740
1 0 0101111|000|0001 0x1781
1 1 0110000|000|0001 0x1801
1 2 0110010|100|0001 0x1941
1 3 0110101|001|0111 0x1A97
1 4 0110110|001|0111 0x1B17
2 0 0111001|100|0011 0x1CC3
3 0 0100101|100|0100 0x12C4
3 1 1000010|000|0010 0x2102
3 2 1000011|100|0010 0x21C2
3 3 1000101|001|0011 0x2293
3 4 1000111|010|0011 0x23A3
3 5 1001001|011|0011 0x24B3
3 6 1001010|100|0011 0x2543
3 7 1001100|001|0011 0x2613
4 0 0000101|010|0110 0x02A6
4 1 0101001|000|0010 0x1482
4 2 0101010|001|0010 0x1512
4 3 0101011|100|0011 0x15C3
5 0 0001110|000|0011 0x0703
7 0 0011010|000|0111 0x0D07
7 1 0011011|100|0111 0x0DC7
BX = 000 Event : 41
1 0 0011111|010|0111 0x0FA7
2 0 0100110|010|0100 0x1324
3 0 0010111|000|0101 0x0B85
4 0 0011011|000|0001 0x0D81
5 0 0000011|010|0000 0x01A0
5 1 0000100|010|0000 0x0220
5 2 0000110|101|0001 0x0351
6 0 0001101|001|0000 0x0690
6 1 0001111|000|0011 0x0783
6 2 0010010|100|0110 0x0946
7 0 0010011|000|0010 0x0982
BX = 001 Event : 42
0 0 0100100|100|0000 0x1240
0 1 0100101|100|0000 0x12C0
0 2 0100110|001|0101 0x1315
1 0 0101001|000|0001 0x1481
1 1 0101010|101|0001 0x1551
1 2 0101100|001|0100 0x1614
2 0 0101110|001|0001 0x1711
2 1 0110000|110|0010 0x1862
2 2 0110001|010|0100 0x18A4
2 3 0110010|011|0101 0x1935
3 0 0110100|100|0011 0x1A43
4 0 0011001|001|0000 0x0C90
4 1 0011101|010|0001 0x0EA1
5 0 0001001|110|0010 0x04E2
5 1 0001100|110|0011 0x0663
6 0 0010011|000|0110 0x0986
6 1 0010100|101|0110 0x0A56
BX = 010 Event : 43
1 0 0100001|101|0001 0x10D1
2 0 0100100|010|0100 0x1224
2 1 0100110|011|0111 0x1337
3 0 0011110|100|0111 0x0F47
3 1 0011111|010|0111 0x0FA7
3 2 0101011|101|0001 0x15D1
3 3 0101100|011|0011 0x1633
4 0 0000011|011|0101 0x01B5
4 1 0100000|010|0001 0x1021
5 0 0001000|010|0000 0x0420
5 1 0001010|000|0000 0x0500
5 2 0001100|001|0001 0x0611
5 3 0001101|110|0001 0x06E1
5 4 0001110|101|0011 0x0753
6 0 0010000|101|0000 0x0850
6 1 0010001|001|0000 0x0890
6 2 0010011|101|0011 0x09D3
6 3 0010101|001|0011 0x0A93
BX = 011 Event : 44
0 0 0101001|001|0101 0x1495
1 0 0101010|001|0001 0x1511
2 0 0101101|001|0010 0x1692
2 1 0101110|000|0011 0x1703
3 0 0010100|101|0100 0x0A54
3 1 0010111|101|0101 0x0BD5
3 2 0011000|101|0101 0x0C55
3 3 0011001|100|0110 0x0CC6
3 4 0110001|101|0001 0x18D1
3 5 0110011|010|0011 0x19A3
3 6 0110100|101|0011 0x1A53
4 0 0000000|001|0100 0x0014
4 1 0000001|100|0100 0x00C4
4 2 0011101|010|0010 0x0EA2
4 3 0011110|000|0010 0x0F02
4 4 0011111|000|0010 0x0F82
4 5 0100000|100|0010 0x1042
6 0 0001001|101|0110 0x04D6
7 0 0001111|100|0111 0x07C7
7 1 0010000|100|0111 0x0847
BX = 100 Event : 45
1 0 0101110|100|0001 0x1741
1 1 0101111|000|0100 0x1784
2 0 0110010|000|0100 0x1904
2 1 0110011|000|0100 0x1984
3 0 0100000|100|0100 0x1044
3 1 0100011|100|0111 0x11C7
4 0 0000010|001|0100 0x0114
4 1 0000101|010|0100 0x02A4
4 2 0000110|100|0101 0x0345
4 3 0100111|000|0011 0x1383
4 4 0101001|001|0011 0x1493
5 0 0001000|011|0010 0x0432
5 1 0001010|010|0011 0x0523
5 2 0001110|000|0100 0x0704
5 3 0001111|000|0100 0x0784
5 4 0010000|001|0101 0x0815
5 5 0010010|010|0110 0x0926
BX = 101 Event : 46
0 0 0011011|100|0000 0x0DC0
0 1 0011100|000|0101 0x0E05
0 2 0011101|100|0101 0x0EC5
1 0 0011110|000|0001 0x0F01
1 1 0100000|100|0100 0x1044
1 2 0100001|001|0111 0x1097
2 0 0100011|101|0001 0x11D1
2 1 0100110|101|0101 0x1355
3 0 0010110|001|0100 0x0B14
3 1 0011001|000|0111 0x0C87
3 2 0101011|110|0001 0x15E1
3 3 0101101|110|0010 0x16E2
5 0 0000101|000|0011 0x0283
6 0 0001000|001|0000 0x0410
6 1 0001011|001|0011 0x0593
7 0 0010000|001|0010 0x0812
BX = 110 Event : 47
1 0 0110011|100|0100 0x19C4
1 1 0110101|100|0100 0x1AC4
1 2 0110110|001|0100 0x1B14
1 3 0111000|101|0111 0x1C57
1 4 0111010|101|0111 0x1D57
2 0 1000000|010|0100 0x2024
2 1 1000011|010|0110 0x21A6
2 2 1000100|001|0110 0x2216
3 0 0100001|100|0101 0x10C5
3 1 0100011|101|0110 0x11D6
4 0 0000100|001|0101 0x0215
4 1 0100101|100|0001 0x12C1
4 2 0100110|100|0001 0x1341
5 0 0001001|001|0000 0x0490
5 1 0010000|001|0110 0x0816
5 2 0010001|010|0110 0x08A6
6 0 0010010|010|0000 0x0920
6 1 0010011|100|0000 0x09C0
BX = 111 Event : 48
1 0 0110110|101|0111 0x1B57
1 1 0110111|101|0111 0x1BD7
2 0 0111110|101|0111 0x1F57
3 0 0100110|000|0101 0x1305
3 1 0100111|100|0110 0x13C6
4 0 0000010|110|0101 0x0165
4 1 0000101|000|0111 0x0287
4 2 0000110|101|0111 0x0357
4 3 0101001|100|0010 0x14C2
4 4 0101011|101|0010 0x15D2
4 5 0101100|101|0010 0x1652
4 6 0101101|101|0010 0x16D2
4 7 0101111|001|0010 0x1792
5 0 0010001|101|0100 0x08D4
5 1 0010010|110|0100 0x0964
6 0 0011000|001|0000 0x0C10
6 1 0011100|100|0011 0x0E43
BX = 000 Event : 49
1 0 0111000|000|0100 0x1C04
1 1 0111010|010|0111 0x1D27
2 0 0111011|100|0011 0x1DC3
3 0 0101011|100|0100 0x15C4
3 1 0101100|101|0100 0x1654
3 2 0101101|100|0111 0x16C7
3 3 1000001|101|0010 0x20D2
3 4 1000010|100|0010 0x2142
3 5 1000011|001|0010 0x2192
4 0 0000100|011|0100 0x0234
4 1 0000110|110|0101 0x0365
4 2 0001010|100|0110 0x0546
4 3 0001011|011|0110 0x05B6
5 0 0001111|011|0000 0x07B0
5 1 0010010|001|0011 0x0913
5 2 0010101|010|0011 0x0AA3
5 3 0010111|101|0110 0x0BD6
6 0 0011011|101|0011 0x0DD3
7 0 0100000|001|0010 0x1012
7 1 0100011|100|0111 0x11C7
BX = 001 Event : 50
0 0 0100010|000|0000 0x1100
0 1 0100011|100|0101 0x11C5
1 0 0100110|100|0001 0x1341
1 1 0100111|100|0100 0x13C4
1 2 0101000|100|0100 0x1444
1 3 0101001|001|0100 0x1494
2 0 0101101|010|0001 0x16A1
2 1 0101111|010|0001 0x17A1
2 2 0110011|010|0110 0x19A6
2 3 0110100|010|0111 0x1A27
2 4 0110101|011|0111 0x1AB7
3 0 0011101|001|0100 0x0E94
4 0 0000010|001|0110 0x0116
4 1 0011111|101|0011 0x0FD3
5 0 0000101|000|0000 0x0280
5 1 0000110|100|0010 0x0342
BX = 010 Event : 51
0 0 0100010|000|0000 0x1100
0 1 0100011|000|0000 0x1180
0 2 0100101|100|0000 0x12C0
0 3 0100111|100|0101 0x13C5
0 4 0101000|001|0101 0x1415
0 5 0101010|100|0101 0x1545
2 0 0110010|101|0001 0x1951
2 1 0110101|100|0101 0x1AC5
2 2 0110111|011|0101 0x1BB5
2 3 0111000|101|0111 0x1C57
2 4 0111001|101|0111 0x1CD7
2 5 0111010|101|0111 0x1D57
2 6 0111011|110|0111 0x1DE7
2 7 0111100|000|0111 0x1E07
3 0 0011000|000|0110 0x0C06
4 0 0000100|100|0111 0x0247
4 1 0011001|100|0000 0x0CC0
4 2 0011100|101|0010 0x0E52
4 3 0011111|000|0010 0x0F82
5 0 0000110|010|0010 0x0322
5 1 0001001|010|0100 0x04A4
5 2 0001010|110|0100 0x0564
5 3 0001100|000|0110 0x0606
5 4 0001101|101|0110 0x06D6
6 0 0001110|101|0000 0x0750
7 0 0010001|100|0010 0x08C2
BX = 011 Event : 52
0 0 0010111|100|0000 0x0BC0
1 0 0011011|000|0001 0x0D81
2 0 0100010|101|0101 0x1155
3 0 0010100|101|0101 0x0A55
4 0 0000010|101|0110 0x0156
5 0 0000110|101|0110 0x0356
5 1 0001001|110|0110 0x04E6
6 0 0001010|000|0011 0x0503
7 0 0001011|000|0010 0x0582
7 1 0001111|001|0111 0x0797
BX = 100 Event : 53
2 0 0110001|101|0001 0x18D1
2 1 0110010|000|0001 0x1901
2 2 0110011|101|0011 0x19D3
2 3 0110101|000|0011 0x1A83
2 4 0111001|010|0111 0x1CA7
3 0 0100000|010|0110 0x1026
4 0 0000001|010|0100 0x00A4
4 1 0000010|100|0100 0x0144
4 2 0000101|010|0101 0x02A5
4 3 0000110|101|0101 0x0355
4 4 0100011|101|0010 0x11D2
6 0 0001110|000|0000 0x0700
6 1 0001111|101|0000 0x07D0
6 2 0010000|001|0000 0x0810
6 3 0010010|001|0110 0x0916
6 4 0010011|100|0110 0x09C6
7 0 0010110|000|0010 0x0B02
BX = 101 Event : 54
0 0 0011100|100|0000 0x0E40
0 1 0011101|001|0101 0x0E95
1 0 0011110|000|0001 0x0F01
3 0 0100010|010|0000 0x1120
4 0 0000001|100|0101 0x00C5
4 1 0000011|110|0101 0x01E5
4 2 0011010|100|0001 0x0D41
5 0 0001100|000|0100 0x0604
6 0 0001111|001|0110 0x0796
6 1 0010000|101|0110 0x0856
BX = 110 Event : 55
0 0 0101101|100|0000 0x16C0
0 1 0110000|000|0000 0x1800
1 0 0110100|101|0111 0x1A57
2 0 0110101|101|0001 0x1AD1
2 1 0110110|000|0010 0x1B02
3 0 0100100|001|0110 0x1216
3 1 0111101|010|0001 0x1EA1
5 0 0001110|100|0001 0x0741
5 1 0010100|000|0110 0x0A06
5 2 0010101|010|0110 0x0AA6
7 0 0011011|100|0010 0x0DC2
BX = 111 Event : 56
0 0 0100111|000|0000 0x1380
0 1 0101010|000|0101 0x1505
3 0 0011101|000|0011 0x0E83
3 1 0100100|100|0111 0x1247
3 2 0110010|010|0000 0x1920
3 3 0110101|101|0011 0x1AD3
3 4 0110110|000|0011 0x1B03
4 0 0000101|001|0111 0x0297
5 0 0001010|110|0000 0x0560
5 1 0001011|110|0000 0x05E0
5 2 0001111|001|0101 0x0795
6 0 0010011|000|0110 0x0986
BX = 000 Event : 57
2 0 0100110|000|0010 0x1302
2 1 0100111|001|0011 0x1393
3 0 0010010|101|0100 0x0954
3 1 0010011|001|0100 0x0994
3 2 0101110|001|0000 0x1710
4 0 0000001|000|0110 0x0086
4 1 0000010|110|0110 0x0166
4 2 0010110|101|0000 0x0B50
4 3 0011011|100|0001 0x0DC1
5 0 0000100|000|0000 0x0200
5 1 0000101|010|0010 0x02A2
5 2 0001010|101|0100 0x0554
6 0 0001100|100|0000 0x0640
7 0 0001110|000|0111 0x0707
BX = 001 Event : 58
1 0 0100101|000|0100 0x1284
2 0 0101010|100|0010 0x1542
2 1 0101111|100|0111 0x17C7
3 0 0110011|011|0001 0x19B1
4 0 0000010|001|0100 0x0114
4 1 0000110|000|0101 0x0305
4 2 0001000|001|0101 0x0415
4 3 0011110|001|0000 0x0F10
4 4 0011111|101|0000 0x0FD0
5 0 0001001|010|0000 0x04A0
5 1 0001010|110|0000 0x0560
5 2 0001011|000|0001 0x0581
6 0 0001110|101|0000 0x0750
6 1 0010000|001|0011 0x0813
7 0 0010010|100|0010 0x0942
7 1 0010100|000|0010 0x0A02
BX = 010 Event : 59
0 0 0101101|100|0101 0x16C5
0 1 0101110|000|0101 0x1705
1 0 0101111|001|0001 0x1791
2 0 0110001|001|0010 0x1892
2 1 0110010|000|0100 0x1904
2 2 0110011|001|0100 0x1994
2 3 0110100|000|0100 0x1A04
2 4 0110101|011|0111 0x1AB7
3 0 0011101|101|0100 0x0ED4
3 1 0011111|000|0100 0x0F84
3 2 0100000|101|0101 0x1055
3 3 0100010|101|0101 0x1155
3 4 0111000|101|0011 0x1C53
4 0 0100111|101|0001 0x13D1
5 0 0000111|011|0000 0x03B0
5 1 0001000|101|0001 0x0451
5 2 0001011|010|0011 0x05A3
5 3 0001100|010|0011 0x0623
5 4 0001101|110|0101 0x06E5
5 5 0001110|001|0110 0x0716
5 6 0010000|010|0110 0x0826
6 0 0010110|000|0110 0x0B06
BX = 011 Event : 60
3 0 0001010|000|0110 0x0506
3 1 0001011|101|0110 0x05D6
3 2 0001101|101|0111 0x06D7
4 0 0010000|001|0001 0x0811
4 1 0010001|000|0001 0x0881
4 2 0010101|100|0011 0x0AC3
5 0 0000100|101|0110 0x0256
BX = 100 Event : 61
0 0 0101010|100|0000 0x1540
1 0 0110010|101|0111 0x1957
1 1 0110100|010|0111 0x1A27
2 0 0110101|000|0001 0x1A81
2 1 0110110|000|0011 0x1B03
2 2 0110111|010|0100 0x1BA4
3 0 0100100|101|0110 0x1256
3 1 0111111|101|0000 0x1FD0
3 2 1000000|101|0000 0x2050
3 3 1000001|011|0001 0x20B1
4 0 0000100|010|0100 0x0224
4 1 0000101|011|0100 0x02B4
4 2 0000111|100|0110 0x03C6
4 3 0001001|001|0111 0x0497
4 4 0100111|001|0001 0x1391
5 0 0001010|001|0001 0x0511
5 1 0001100|010|0100 0x0624
5 2 0001101|000|0110 0x0686
7 0 0011100|000|0111 0x0E07
BX = 101 Event : 62
2 0 0110110|001|0001 0x1B11
3 0 0101100|001|0101 0x1615
3 1 1000001|101|0010 0x20D2
3 2 1000010|100|0010 0x2142
4 0 0000011|010|0101 0x01A5
4 1 0000100|010|0101 0x0225
5 0 0000111|010|0000 0x03A0
5 1 0001000|101|0010 0x0452
5 2 0001001|000|0010 0x0482
5 3 0001011|110|0010 0x05E2
5 4 0001100|100|0010 0x0642
5 5 0001110|101|0101 0x0755
6 0 0010101|001|0000 0x0A90
6 1 0010110|101|0000 0x0B50
6 2 0011000|001|0011 0x0C13
6 3 0011010|000|0110 0x0D06
7 0 0011111|100|0010 0x0FC2
7 1 0100000|000|0010 0x1002
7 2 0100001|100|0111 0x10C7
7 3 0100010|000|0111 0x1107
7 4 0100011|000|0111 0x1187
7 5 0100100|001|0111 0x1217
BX = 110 Event : 63
0 0 0011011|000|0101 0x0D85
1 0 0011101|101|0001 0x0ED1
2 0 0100001|000|0001 0x1081
2 1 0100110|010|0100 0x1324
2 2 0101001|101|0101 0x14D5
2 3 0101010|110|0101 0x1565
3 0 0010001|101|0100 0x08D4
3 1 0010010|010|0110 0x0926
4 0 0000010|010|0110 0x0126
4 1 0010100|100|0001 0x0A41
5 0 0000011|110|0000 0x01E0
5 1 0000100|000|0010 0x0202
7 0 0001010|000|0111 0x0507
7 1 0001011|100|0111 0x05C7
BX = 111 Event : 64
0 0 0100111|000|0101 0x1385
0 1 0101000|100|0101 0x1445
1 0 0101001|100|0001 0x14C1
1 1 0101010|000|0100 0x1504
1 2 0101011|001|0111 0x1597
3 0 0011100|100|0101 0x0E45
3 1 0011110|100|0101 0x0F45
3 2 0011111|100|0101 0x0FC5
3 3 0111000|000|0011 0x1C03
4 0 0000010|011|0101 0x0135
4 1 0000100|010|0101 0x0225
4 2 0001000|001|0111 0x0417
6 0 0001011|010|0000 0x05A0
6 1 0001101|000|0110 0x0686
7 0 0001110|000|0010 0x0702
BX = 000 Event : 65
0 0 0011100|000|0101 0x0E05
1 0 0100011|000|0001 0x1181
2 0 0100101|101|0001 0x12D1
2 1 0100110|010|0010 0x1322
3 0 0010100|100|0110 0x0A46
3 1 0010110|101|0110 0x0B56
4 0 0000010|101|0111 0x0157
4 1 0011010|101|0001 0x0D51
5 0 0000111|010|0001 0x03A1
6 0 0001110|001|0110 0x0716
BX = 001 Event : 66
1 0 0101001|000|0100 0x1484
1 1 0101010|000|0111 0x1507
3 0 0011011|100|0100 0x0DC4
3 1 0011100|001|0100 0x0E14
3 2 0100010|010|0111 0x1127
3 3 0110001|101|0001 0x18D1
4 0 0100100|101|0011 0x1253
5 0 0000110|000|0000 0x0300
5 1 0000111|010|0000 0x03A0
5 2 0001000|001|0001 0x0411
5 3 0001001|001|0001 0x0491
5 4 0001010|110|0001 0x0561
5 5 0001101|011|0010 0x06B2
5 6 0010000|100|0100 0x0844
6 0 0010011|001|0000 0x0990
7 0 0010110|001|0010 0x0B12
7 1 0010111|000|0010 0x0B82
BX = 010 Event : 67
0 0 0110001|000|0000 0x1880
0 1 0110100|001|0101 0x1A15
0 2 0110101|000|0101 0x1A85
1 0 0110110|001|0001 0x1B11
1 1 0110111|001|0100 0x1B94
1 2 0111000|101|0100 0x1C54
1 3 0111001|101|0111 0x1CD7
2 0 0111010|001|0001 0x1D11
2 1 0111011|101|0001 0x1DD1
2 2 0111111|101|0011 0x1FD3
3 0 0101001|010|0110 0x14A6
3 1 0101011|101|0111 0x15D7
3 2 1001000|110|0010 0x2462
4 0 0000010|000|0100 0x0104
4 1 0000011|001|0100 0x0194
4 2 0000100|000|0100 0x0204
4 3 0000101|101|0100 0x02D4
4 4 0000110|001|0101 0x0315
4 5 0101100|001|0000 0x1610
4 6 0101101|001|0001 0x1691
4 7 0101110|000|0011 0x1703
4 8 0101111|001|0011 0x1793
4 9 0110000|000|0100 0x1804
5 0 0010000|110|0000 0x0860
5 1 0010011|101|0000 0x09D0
5 2 0010101|110|0001 0x0AE1
6 0 0011100|000|0000 0x0E00
6 1 0011110|101|0000 0x0F50
7 0 0100000|100|0010 0x1042
7 1 0100001|100|0010 0x10C2
7 2 0100010|001|0111 0x1117
7 3 0100011|100|0111 0x11C7
BX = 011 Event : 68
0 0 0101001|100|0000 0x14C0
3 0 0011010|100|0101 0x0D45
3 1 0101111|001|0001 0x1791
3 2 0110000|000|0010 0x1802
3 3 0110001|100|0010 0x18C2
4 0 0000100|000|0101 0x0205
4 1 0000101|100|0110 0x02C6
4 2 0100001|100|0001 0x10C1
4 3 0100010|100|0001 0x1141
4 4 0100101|001|0001 0x1291
4 5 0101000|000|0001 0x1401
5 0 0000110|101|0001 0x0351
5 1 0000111|100|0001 0x03C1
5 2 0001000|100|0001 0x0441
6 0 0001111|101|0011 0x07D3
7 0 0010100|000|0111 0x0A07
7 1 0010101|000|0111 0x0A87
BX = 100 Event : 69
0 0 0011000|000|0101 0x0C05
0 1 0011001|100|0101 0x0CC5
2 0 0011111|110|0110 0x0FE6
2 1 0100000|110|0111 0x1067
2 2 0100001|000|0111 0x1087
2 3 0100011|001|0111 0x1197
3 0 0001101|100|0101 0x06C5
3 1 0100110|110|0000 0x1360
3 2 0101010|010|0011 0x1523
4 0 0010100|101|0010 0x0A52
4 1 0010101|000|0010 0x0A82
5 0 0000101|010|0000 0x02A0
BX = 101 Event : 70
0 0 0100010|100|0000 0x1140
0 1 0100011|000|0000 0x1180
1 0 0100110|000|0100 0x1304
1 1 0100111|101|0100 0x13D4
2 0 0101001|010|0011 0x14A3
2 1 0101010|000|0100 0x1504
2 2 0101101|100|0101 0x16C5
3 0 0010110|101|0100 0x0B54
3 1 0011001|000|0100 0x0C84
3 2 0011010|101|0100 0x0D54
3 3 0011110|101|0110 0x0F56
3 4 0100001|001|0111 0x1097
3 5 0110010|110|0011 0x1963
5 0 0000110|001|0001 0x0311
5 1 0001000|011|0001 0x0431
5 2 0001011|001|0110 0x0596
5 3 0001100|001|0110 0x0616
6 0 0001111|001|0000 0x0790
BX = 110 Event : 71
0 0 0100001|000|0101 0x1085
1 0 0100010|100|0100 0x1144
1 1 0100011|101|0100 0x11D4
1 2 0100101|000|0111 0x1287
2 0 0100110|010|0001 0x1321
2 1 0100111|000|0011 0x1383
2 2 0101000|101|0011 0x1453
2 3 0101010|000|0100 0x1504
2 4 0101101|010|0100 0x16A4
2 5 0110100|110|0110 0x1A66
3 0 0011011|001|0100 0x0D94
3 1 0011100|101|0101 0x0E55
3 2 0111010|101|0001 0x1D51
3 3 0111011|011|0001 0x1DB1
4 0 0000010|101|0101 0x0155
4 1 0000100|000|0111 0x0207
4 2 0000101|101|0111 0x02D7
5 0 0001010|110|0011 0x0563
6 0 0001111|100|0110 0x07C6
6 1 0010000|100|0110 0x0846
6 2 0010001|100|0110 0x08C6
7 0 0010101|100|0111 0x0AC7
BX = 111 Event : 72
1 0 0101111|101|0001 0x17D1
1 1 0110000|001|0001 0x1811
1 2 0110001|001|0100 0x1894
2 0 0111001|100|0010 0x1CC2
2 1 0111011|010|0101 0x1DA5
2 2 0111100|000|0101 0x1E05
2 3 0111101|000|0101 0x1E85
2 4 0111110|110|0101 0x1F65
2 5 0111111|110|0110 0x1FE6
3 0 0100011|000|0100 0x1184
3 1 0100100|001|0100 0x1214
3 2 1000011|101|0001 0x21D1
3 3 1000100|100|0001 0x2241
3 4 1000110|110|0010 0x2362
3 5 1001001|101|0011 0x24D3
4 0 0000000|000|0100 0x0004
4 1 0000001|101|0100 0x00D4
4 2 0000100|000|0100 0x0204
4 3 0000101|011|0101 0x02B5
4 4 0001100|001|0111 0x0617
4 5 0101010|001|0100 0x1514
5 0 0001101|001|0000 0x0690
5 1 0010000|000|0000 0x0800
5 2 0010011|101|0010 0x09D2
5 3 0010100|100|0010 0x0A42
5 4 0010110|001|0011 0x0B13
5 5 0010111|100|0100 0x0BC4
6 0 0011001|100|0000 0x0CC0
BX = 000 Event : 73
2 0 0100000|100|0001 0x1041
2 1 0100101|101|0111 0x12D7
3 0 0100110|010|0001 0x1321
4 0 0000001|010|0111 0x00A7
5 0 0000100|010|0000 0x0220
5 1 0001001|001|0011 0x0493
6 0 0001011|100|0000 0x05C0
BX = 001 Event : 74
2 0 0100000|000|0001 0x1001
2 1 0100110|101|0111 0x1357
3 0 0010101|101|0111 0x0AD7
4 0 0000000|010|0101 0x0025
4 1 0000001|010|0111 0x00A7
4 2 0011010|001|0010 0x0D12
5 0 0000011|001|0000 0x0190
5 1 0000101|101|0010 0x02D2
5 2 0000111|010|0011 0x03A3
5 3 0001001|010|0110 0x04A6
6 0 0001010|000|0011 0x0503
BX = 010 Event : 75
0 0 0100110|000|0000 0x1300
0 1 0100111|100|0101 0x13C5
2 0 0101001|110|0011 0x14E3
2 1 0101010|001|0100 0x1514
2 2 0101011|001|0100 0x1594
2 3 0101100|001|0101 0x1615
2 4 0101110|010|0101 0x1725
2 5 0110001|110|0111 0x18E7
3 0 0110010|100|0000 0x1940
3 1 0110011|010|0001 0x19A1
4 0 0000011|011|0100 0x01B4
4 1 0000100|001|0101 0x0215
4 2 0100010|100|0001 0x1141
4 3 0100011|101|0001 0x11D1
4 4 0100100|000|0010 0x1202
5 0 0001010|000|0010 0x0502
6 0 0010000|101|0000 0x0850
6 1 0010100|101|0110 0x0A56
6 2 0010101|001|0110 0x0A96
7 0 0011000|000|0010 0x0C02
7 1 0011001|001|0010 0x0C92
7 2 0011010|100|0111 0x0D47
BX = 011 Event : 76
0 0 0110100|100|0101 0x1A45
1 0 0110101|100|0001 0x1AC1
1 1 0110110|100|0100 0x1B44
1 2 0110111|101|0100 0x1BD4
3 0 0100101|000|0101 0x1285
3 1 0100110|100|0110 0x1346
3 2 0111101|000|0011 0x1E83
4 0 0000000|001|0100 0x0014
4 1 0001001|010|0101 0x04A5
4 2 0001010|100|0111 0x0547
4 3 0101100|000|0001 0x1601
4 4 0101101|000|0001 0x1681
4 5 0101111|100|0010 0x17C2
4 6 0110000|101|0010 0x1852
4 7 0110001|001|0010 0x1892
5 0 0010001|001|0011 0x0893
5 1 0010010|100|0110 0x0946
5 2 0010011|101|0110 0x09D6
5 3 0010101|010|0110 0x0AA6
6 0 0011000|001|0000 0x0C10
6 1 0011001|001|0000 0x0C90
BX = 100 Event : 77
0 0 0011011|100|0000 0x0DC0
1 0 0011110|101|0001 0x0F51
1 1 0011111|001|0001 0x0F91
1 2 0100001|010|0111 0x10A7
2 0 0100110|010|0011 0x1323
2 1 0100111|100|0011 0x13C3
2 2 0101001|001|0100 0x1494
2 3 0101101|110|0111 0x16E7
3 0 0010010|001|0101 0x0915
4 0 0000100|010|0101 0x0225
5 0 0000101|010|0000 0x02A0
5 1 0000111|001|0000 0x0390
5 2 0001000|010|0011 0x0423
6 0 0001100|001|0110 0x0616
7 0 0010000|100|0111 0x0847
BX = 101 Event : 78
0 0 0011111|001|0000 0x0F90
2 0 0100110|110|0100 0x1364
2 1 0101000|010|0100 0x1424
2 2 0101001|101|0101 0x14D5
2 3 0101100|000|0111 0x1607
2 4 0101110|000|0111 0x1707
3 0 0010100|000|0101 0x0A05
3 1 0010110|101|0101 0x0B55
3 2 0110000|101|0001 0x1851
4 0 0000010|110|0101 0x0165
4 1 0011100|001|0001 0x0E11
4 2 0011101|100|0011 0x0EC3
5 0 0000011|110|0000 0x01E0
BX = 110 Event : 79
0 0 0100001|000|0101 0x1085
1 0 0100100|001|0001 0x1211
1 1 0100101|100|0001 0x12C1
1 2 0100110|001|0001 0x1311
1 3 0100111|000|0111 0x1387
2 0 0101010|100|0111 0x1547
2 1 0101011|011|0111 0x15B7
3 0 0010010|100|0100 0x0944
3 1 0010111|101|0101 0x0BD5
3 2 0110000|001|0011 0x1813
3 3 0110001|001|0011 0x1893
3 4 0110010|100|0011 0x1943
4 0 0011101|001|0000 0x0E90
5 0 0000100|000|0011 0x0203
6 0 0000101|000|0000 0x0280
6 1 0000110|001|0011 0x0313
6 2 0000111|000|0011 0x0383
7 0 0001110|100|0010 0x0742
7 1 0001111|000|0111 0x0787
BX = 111 Event : 80
0 0 0011100|100|0000 0x0E40
3 0 0010101|100|0101 0x0AC5
3 1 0010110|101|0101 0x0B55
3 2 0100110|001|0010 0x1312
4 0 0011000|010|0000 0x0C20
4 1 0011010|001|0001 0x0D11
5 0 0000110|110|0010 0x0362
5 1 0000111|110|0010 0x03E2
5 2 0001000|101|0100 0x0454
6 0 0001001|000|0000 0x0480
6 1 0001111|000|0110 0x0786
BX = 000 Event : 81
1 0 0100011|001|0100 0x1194
3 0 0010101|000|0100 0x0A84
3 1 0010110|101|0101 0x0B55
3 2 0011001|101|0111 0x0CD7
3 3 0101100|001|0011 0x1613
4 0 0000001|101|0101 0x00D5
4 1 0000010|010|0110 0x0126
4 2 0011101|101|0001 0x0ED1
BX = 001 Event : 82
0 0 0011011|000|0101 0x0D85
0 1 0011100|000|0101 0x0E05
1 0 0011111|000|0100 0x0F84
1 1 0100000|101|0111 0x1057
1 2 0100001|100|0111 0x10C7
2 0 0100110|100|0101 0x1345
2 1 0100111|100|0111 0x13C7
2 2 0101000|101|0111 0x1457
2 3 0101001|100|0111 0x14C7
2 4 0101010|100|0111 0x1547
2 5 0101100|001|0111 0x1617
3 0 0010001|000|0101 0x0885
4 0 0000100|000|0101 0x0205
4 1 0000101|001|0101 0x0295
4 2 0010110|000|0010 0x0B02
4 3 0010111|101|0011 0x0BD3
6 0 0001001|101|0000 0x04D0
BX = 010 Event : 83
0 0 0011100|000|0000 0x0E00
1 0 0011111|100|0001 0x0FC1
1 1 0100000|101|0001 0x1051
2 0 0100110|110|0001 0x1361
2 1 0101010|101|0111 0x1557
3 0 0010100|100|0101 0x0A45
3 1 0010101|000|0101 0x0A85
3 2 0101110|110|0011 0x1763
4 0 0000100|000|0111 0x0207
4 1 0011010|001|0011 0x0D13
5 0 0000111|000|0010 0x0382
5 1 0001001|101|0011 0x04D3
5 2 0001010|000|0110 0x0506
BX = 011 Event : 84
0 0 0100001|100|0000 0x10C0
1 0 0100011|101|0111 0x11D7
2 0 0100111|001|0010 0x1392
2 1 0101001|010|0011 0x14A3
2 2 0101011|101|0111 0x15D7
3 0 0110001|000|0011 0x1883
3 1 0110011|101|0011 0x19D3
4 0 0000100|101|0110 0x0256
4 1 0011101|101|0011 0x0ED3
4 2 0011110|101|0011 0x0F53
4 3 0011111|100|0100 0x0FC4
6 0 0001010|101|0110 0x0556
6 1 0001100|100|0110 0x0646
6 2 0001101|001|0110 0x0696
6 3 0001110|000|0110 0x0706
6 4 0001111|101|0110 0x07D6
BX = 100 Event : 85
1 0 0101110|101|0100 0x1754
1 1 0101111|000|0100 0x1784
1 2 0110011|001|0111 0x1997
2 0 0110111|001|0101 0x1B95
2 1 0111000|000|0101 0x1C05
3 0 0011101|001|0100 0x0E94
3 1 0011110|100|0100 0x0F44
3 2 0100000|101|0110 0x1056
3 3 0100110|100|0111 0x1347
3 4 0111011|010|0000 0x1DA0
3 5 0111101|001|0010 0x1E92
4 0 0000010|011|0101 0x0135
5 0 0001001|101|0100 0x04D4
5 1 0001100|101|0101 0x0655
6 0 0010010|001|0000 0x0910
6 1 0010111|000|0011 0x0B83
BX = 101 Event : 86
1 0 0100011|101|0001 0x11D1
2 0 0100110|010|0100 0x1324
3 0 0101010|000|0001 0x1501
4 0 0000001|001|0110 0x0096
4 1 0000010|110|0110 0x0166
4 2 0000100|001|0110 0x0216
4 3 0011011|101|0010 0x0DD2
4 4 0011100|101|0011 0x0E53
4 5 0011101|001|0011 0x0E93
4 6 0011110|001|0100 0x0F14
4 7 0011111|001|0100 0x0F94
6 0 0001110|001|0000 0x0710
BX = 110 Event : 87
0 0 0110011|100|0000 0x19C0
0 1 0110110|000|0101 0x1B05
0 2 0110111|100|0101 0x1BC5
1 0 0111001|001|0001 0x1C91
1 1 0111100|000|0100 0x1E04
3 0 0101100|101|0111 0x1657
3 1 1000101|110|0011 0x22E3
4 0 0000100|100|0100 0x0244
4 1 0000101|000|0100 0x0284
4 2 0000110|110|0101 0x0365
4 3 0101110|001|0000 0x1710
4 4 0101111|100|0001 0x17C1
4 5 0110000|010|0011 0x1823
4 6 0110001|001|0011 0x1893
5 0 0010000|010|0000 0x0820
5 1 0010001|001|0000 0x0890
5 2 0010010|010|0001 0x0921
5 3 0010110|000|0100 0x0B04
5 4 0010111|001|0101 0x0B95
5 5 0011000|000|0110 0x0C06
5 6 0011011|001|0110 0x0D96
6 0 0011101|001|0011 0x0E93
6 1 0100000|000|0011 0x1003
6 2 0100001|101|0011 0x10D3
BX = 111 Event : 88
0 0 0010110|100|0000 0x0B40
3 0 0010100|000|0100 0x0A04
3 1 0101011|101|0001 0x15D1
3 2 0101100|101|0001 0x1651
3 3 0101110|000|0010 0x1702
4 0 0000011|011|0101 0x01B5
4 1 0000100|101|0101 0x0255
5 0 0000110|011|0000 0x0330
5 1 0001001|001|0011 0x0493
5 2 0001100|101|0110 0x0656
7 0 0001111|100|0010 0x07C2
BX = 000 Event : 89
0 0 0100000|000|0000 0x1000
0 1 0100010|100|0000 0x1140
0 2 0100011|001|0101 0x1195
0 3 0100100|001|0101 0x1215
0 4 0100101|000|0101 0x1285
1 0 0101000|001|0111 0x1417
1 1 0101011|000|0111 0x1587
2 0 0101101|010|0010 0x16A2
2 1 0101110|000|0010 0x1702
2 2 0101111|101|0010 0x17D2
2 3 0110001|100|0010 0x18C2
2 4 0110010|101|0011 0x1953
2 5 0110011|101|0100 0x19D4
2 6 0110100|100|0101 0x1A45
2 7 0110110|110|0111 0x1B67
3 0 0011011|000|0100 0x0D84
3 1 0011101|101|0111 0x0ED7
4 0 0000010|011|0101 0x0135
4 1 0011110|100|0001 0x0F41
5 0 0001010|101|0010 0x0552
5 1 0001011|000|0010 0x0582
5 2 0001100|110|0100 0x0664
6 0 0010001|001|0011 0x0893
7 0 0010100|100|0011 0x0A43
7 1 0010110|100|0111 0x0B47
7 2 0010111|000|0111 0x0B87
7 3 0011000|100|0111 0x0C47
7 4 0011001|100|0111 0x0CC7
BX = 001 Event : 90
1 0 0101001|100|0100 0x14C4
1 1 0101100|001|0111 0x1617
2 0 0101110|100|0010 0x1742
2 1 0110111|011|0110 0x1BB6
2 2 0111000|011|0111 0x1C37
3 0 0011111|000|0101 0x0F85
3 1 0111010|100|0000 0x1D40
3 2 0111100|000|0000 0x1E00
3 3 0111110|101|0000 0x1F50
4 0 0000010|010|0100 0x0124
4 1 0001000|101|0111 0x0457
4 2 0100011|010|0000 0x11A0
4 3 0100101|000|0010 0x1282
5 0 0001010|101|0000 0x0550
5 1 0001110|100|0110 0x0746
5 2 0001111|110|0110 0x07E6
6 0 0010100|000|0110 0x0A06
7 0 0010111|001|0111 0x0B97
BX = 010 Event : 91
0 0 0101100|100|0000 0x1640
0 1 0101101|000|0000 0x1680
0 2 0101110|100|0000 0x1740
0 3 0101111|100|0101 0x17C5
1 0 0110101|101|0001 0x1AD1
1 1 0110111|000|0001 0x1B81
2 0 0111110|010|0111 0x1F27
2 1 0111111|100|0111 0x1FC7
3 0 0100000|000|0110 0x1006
3 1 0100010|001|0110 0x1116
3 2 0100011|000|0110 0x1186
3 3 1000000|000|0001 0x2001
3 4 1000010|011|0011 0x2133
3 5 1000011|010|0011 0x21A3
5 0 0001010|011|0010 0x0532
5 1 0001101|101|0110 0x06D6
6 0 0010011|100|0110 0x09C6
6 1 0010100|101|0110 0x0A56
BX = 011 Event : 92
0 0 0110011|001|0101 0x1995
1 0 0110100|001|0001 0x1A11
2 0 0110101|001|0010 0x1A92
2 1 0110111|000|0011 0x1B83
3 0 0011100|101|0100 0x0E54
3 1 0100000|101|0101 0x1055
3 2 0100001|101|0101 0x10D5
3 3 0100011|100|0110 0x11C6
3 4 0111001|101|0001 0x1CD1
3 5 0111010|101|0011 0x1D53
4 0 0000001|001|0100 0x0094
4 1 0000010|000|0100 0x0104
4 2 0100110|010|0010 0x1322
4 3 0100111|100|0010 0x13C2
4 4 0101000|000|0010 0x1402
4 5 0101001|000|0010 0x1482
4 6 0101010|100|0010 0x1542
5 0 0001010|110|0000 0x0560
6 0 0010010|101|0110 0x0956
7 0 0011000|100|0111 0x0C47
BX = 100 Event : 93
0 0 0100111|100|0101 0x13C5
1 0 0101100|100|0001 0x1641
1 1 0101101|100|0100 0x16C4
1 2 0101110|100|0100 0x1744
1 3 0101111|001|0100 0x1794
1 4 0110000|001|0100 0x1814
2 0 0110100|010|0001 0x1A21
2 1 0110110|010|0001 0x1B21
2 2 0111010|010|0110 0x1D26
2 3 0111011|110|0111 0x1DE7
3 0 0100001|001|0011 0x1093
3 1 0100010|001|0100 0x1114
3 2 1000001|000|0011 0x2083
4 0 0000010|001|0110 0x0116
5 0 0000101|000|0000 0x0280
5 1 0000110|100|0010 0x0342
5 2 0001011|010|0110 0x05A6
BX = 101 Event : 94
0 0 0011010|100|0000 0x0D40
0 1 0011100|100|0101 0x0E45
0 2 0011101|100|0101 0x0EC5
1 0 0011110|000|0001 0x0F01
2 0 0101000|101|0101 0x1455
3 0 0010110|001|0100 0x0B14
3 1 0010111|101|0111 0x0BD7
3 2 0110000|100|0010 0x1842
5 0 0000010|010|0000 0x0120
5 1 0000011|101|0010 0x01D2
5 2 0000100|000|0011 0x0203
5 3 0000110|000|0100 0x0304
6 0 0001001|001|0000 0x0490
6 1 0001100|001|0011 0x0613
7 0 0001110|100|0010 0x0742
BX = 110 Event : 95
0 0 0011011|100|0000 0x0DC0
1 0 0100001|000|0001 0x1081
1 1 0100100|100|0100 0x1244
2 0 0101011|110|0111 0x15E7
3 0 0010111|101|0101 0x0BD5
4 0 0000011|001|0110 0x0196
4 1 0000100|101|0110 0x0256
5 0 0000111|101|0110 0x03D6
6 0 0001100|000|0011 0x0603
6 1 0001101|001|0110 0x0696
6 2 0001111|100|0110 0x07C6
6 3 0010000|001|0110 0x0816
7 0 0010010|000|0111 0x0907
BX = 111 Event : 96
1 0 0110001|101|0111 0x18D7
1 1 0110010|101|0111 0x1957
2 0 0111000|101|0111 0x1C57
3 0 0100100|100|0101 0x1245
3 1 0100101|100|0110 0x12C6
4 0 0000010|110|0101 0x0165
4 1 0000101|101|0111 0x02D7
4 2 0101000|100|0010 0x1442
5 0 0010000|101|0100 0x0854
5 1 0010001|110|0100 0x08E4
6 0 0010111|001|0000 0x0B90
6 1 0011011|100|0011 0x0DC3
BX = 000 Event : 97
0 0 0010110|001|0101 0x0B15
1 0 0010111|000|0001 0x0B81
2 0 0011101|100|0001 0x0EC1
3 0 0001111|001|0111 0x0797
3 1 0100011|001|0011 0x1193
4 0 0000001|101|0100 0x00D4
4 1 0010001|101|0000 0x08D0
4 2 0010011|101|0011 0x09D3
4 3 0010100|101|0011 0x0A53
6 0 0001000|001|0011 0x0413
7 0 0001010|001|0111 0x0517
BX = 001 Event : 98
0 0 0100101|100|0000 0x12C0
0 1 0100110|001|0000 0x1310
0 2 0100111|000|0000 0x1380
0 3 0101000|100|0101 0x1445
0 4 0101010|000|0101 0x1505
2 0 0110010|101|0100 0x1954
2 1 0110011|110|0100 0x19E4
2 2 0110100|110|0100 0x1A64
2 3 0110101|010|0100 0x1AA4
3 0 0011100|001|0100 0x0E14
3 1 0011101|101|0100 0x0ED4
3 2 0011111|100|0101 0x0FC5
3 3 0100000|100|0101 0x1045
3 4 0100001|000|0101 0x1085
3 5 0111010|000|0000 0x1D00
3 6 0111011|110|0000 0x1DE0
3 7 1000000|101|0011 0x2053
3 8 1000001|011|0011 0x20B3
3 9 1000101|010|0011 0x22A3
4 0 0100011|101|0011 0x11D3
4 1 0100100|100|0011 0x1243
5 0 0000100|000|0000 0x0200
6 0 0001011|000|0000 0x0580
6 1 0010000|001|0110 0x0816
7 0 0010011|100|0011 0x09C3
BX = 010 Event : 99
0 0 0101010|000|0000 0x1500
1 0 0101011|001|0001 0x1591
1 1 0101100|100|0001 0x1641
1 2 0110000|001|0100 0x1814
1 3 0110010|000|0111 0x1907
1 4 0110100|101|0111 0x1A57
1 5 0110101|001|0111 0x1A97
2 0 0111000|101|0101 0x1C55
3 0 0011010|100|0100 0x0D44
3 1 0011011|000|0100 0x0D84
3 2 0011100|010|0101 0x0E25
3 3 0011101|000|0101 0x0E85
3 4 0100001|101|0111 0x10D7
3 5 0111100|101|0011 0x1E53
4 0 0000000|001|0110 0x0016
4 1 0000001|100|0110 0x00C6
4 2 0100100|101|0001 0x1251
4 3 0100101|000|0010 0x1282
4 4 0100111|101|0011 0x13D3
4 5 0101000|100|0011 0x1443
5 0 0000101|100|0000 0x02C0
5 1 0000110|101|0000 0x0350
6 0 0001100|100|0110 0x0646
6 1 0001111|001|0110 0x0796
7 0 0010001|100|0111 0x08C7
BX = 011 Event : 100
3 0 0011100|101|0100 0x0E54
3 1 0011101|100|0100 0x0EC4
4 0 0000110|101|0111 0x0357
5 0 0001000|000|0001 0x0401
5 1 0001001|101|0001 0x04D1
5 2 0001010|000|0010 0x0502
5 3 0001011|010|0010 0x05A2
5 4 0001100|001|0011 0x0613
6 0 0011000|000|0011 0x0C03
