BX = 000 Event : 1
00 010010100110|0010000|11010000111110|000 0x4A621A1F0
01 010010000010|0010000|11000110100011|000 0x482218D18
02 010101011110|1011110|11010101101010|000 0x55EBDAB50
03 010101011101|1011110|11111010111111|000 0x55DBDF5F8
04 010101100101|1110001|11111011001000|000 0x565E3F640
05 010110110100|0100010|11000111100101|001 0x5B4458F29
06 011000110100|0010000|11100010010110|000 0x63421C4B0
BX = 001 Event : 2
00 010011010100|0010000|11101011101111|100 0x4D421D77C
01 010011010011|0010000|11010010010100|000 0x4D321A4A0
02 010001111001|0010000|11100111100010|001 0x47921CF11
03 010001111011|0100010|11110111011011|000 0x47B45EED8
04 010100011011|1011110|11110001100011|101 0x51BBDE31D
05 010100000010|1011110|11001010010000|101 0x502BD9485
06 010011110001|1011110|11010000010110|000 0x4F1BDA0B0
07 010011110100|1011110|11000110111101|101 0x4F4BD8DED
08 011000001010|0010000|11100110110100|001 0x60A21CDA1
BX = 010 Event : 3
00 010011001101|0010000|11100011110010|000 0x4CD21C790
01 010110000001|1011110|11100110011101|000 0x581BDCCE8
02 010101101011|1011110|11101111100001|000 0x56BBDDF08
03 010101101010|1011110|11101101000001|100 0x56ABDDA0C
04 010101011000|1011110|11001000100001|101 0x558BD910D
05 010100011001|1011110|11001101111100|001 0x519BD9BE1
06 010111010111|0010000|11101011000110|100 0x5D721D634
BX = 011 Event : 4
00 010010101111|0010000|11100011010011|000 0x4AF21C698
01 010010101111|0100010|11110100011100|000 0x4AF45E8E0
02 010010010111|0100010|11111011100010|100 0x49745F714
03 010110000111|1011110|11110101010101|100 0x587BDEAAC
04 010100011000|1011110|11100110001010|100 0x518BDCC54
05 011000000111|0100010|11011010101110|001 0x60745B571
06 010111111010|0010000|11101011010001|001 0x5FA21D689
BX = 100 Event : 5
00 010010000111|0010000|11011100010100|100 0x48721B8A4
01 010101001011|1011110|11110110101101|001 0x54BBDED69
02 010100101100|1011110|11110100000101|001 0x52CBDE829
03 010111000011|0100010|11000111101000|001 0x5C3458F41
04 010110111000|0100010|11010101110001|100 0x5B845AB8C
05 010111001110|0010000|11011010100001|000 0x5CE21B508
06 010110100100|0010000|11110001010101|001 0x5A421E2A9
07 010110011110|0010000|11010111101000|001 0x59E21AF41
BX = 101 Event : 6
00 010100100000|1011110|11110001011110|100 0x520BDE2F4
01 010110001000|1110001|11111010010100|100 0x588E3F4A4
02 010110100101|0010000|11101001000001|100 0x5A521D20C
BX = 110 Event : 7
00 010011110101|0010000|11100011001011|100 0x4F521C65C
01 010011100110|0010000|11011011011100|100 0x4E621B6E4
02 010101011011|1011110|11001100000100|001 0x55BBD9821
03 010101001100|1011110|11001100001100|001 0x54CBD9861
BX = 111 Event : 8
00 010011001110|0010000|11100111001011|001 0x4CE21CE59
01 010110010111|0100010|11001101100110|100 0x597459B34
BX = 000 Event : 9
00 010010011000|0010000|11101101110110|100 0x49821DBB4
01 010110000011|1011110|11001110000100|000 0x583BD9C20
02 010101100000|1011110|11001101100011|101 0x560BD9B1D
03 010100100100|1011110|11101100111100|001 0x524BDD9E1
04 010011101100|1011110|11001111000000|100 0x4ECBD9E04
05 010111000011|0100010|11000000100010|100 0x5C3458114
BX = 001 Event : 10
00 010100100011|1011110|11001111101011|000 0x523BD9F58
01 010011111000|1011110|11111010101010|001 0x4F8BDF551
02 011000011000|0010000|11101101111101|000 0x61821DBE8
03 010111110101|0010000|11110000101111|101 0x5F521E17D
BX = 010 Event : 11
00 010011001110|0010000|11100111001011|001 0x4CE21CE59
01 010010100101|0010000|11111110010101|001 0x4A521FCA9
02 010001111111|0010000|11111001100000|100 0x47F21F304
03 010010000100|0100010|11111001010011|100 0x48445F29C
04 010011110101|1011110|11000101110110|000 0x4F5BD8BB0
05 011000101101|0100010|11001001111101|100 0x62D4593EC
06 011000011001|0100010|11001011011111|000 0x6194596F8
07 010110010111|0010000|11111101001010|101 0x59721FA55
BX = 011 Event : 12
00 010011000000|0010000|11001110101000|001 0x4C0219D41
01 010010100111|0010000|11101010011001|001 0x4A721D4C9
02 010010011011|0010000|11010110010110|001 0x49B21ACB1
03 010010010001|0010000|11010110001000|100 0x49121AC44
04 010010001100|0010000|11010110000110|100 0x48C21AC34
05 010001110011|0010000|11100000111011|100 0x47321C1DC
06 010011111111|0100010|11111110011010|100 0x4FF45FCD4
07 010001111100|0100010|11110101111000|000 0x47C45EBC0
08 010101010111|1011110|11111010011110|101 0x557BDF4F5
BX = 100 Event : 13
00 010011110000|0100010|11000100000001|100 0x4F045880C
01 010011010011|0010000|11000100000010|000 0x4D3218810
02 010101010001|1011110|11101100111111|001 0x551BDD9F9
03 010111010000|0100010|11011011010100|001 0x5D045B6A1
04 010111001001|0010000|11011011000100|000 0x5C921B620
BX = 101 Event : 14
00 010010111010|0100010|11000110110011|100 0x4BA458D9C
01 010110000011|1011110|11001100101011|100 0x583BD995C
02 010110011100|0100010|11001011110110|100 0x59C4597B4
BX = 110 Event : 15
00 010101100010|1110001|11111111101001|100 0x562E3FF4C
01 010111111011|0100010|11001100000001|000 0x5FB459808
02 011000011110|0010000|11100110011011|101 0x61E21CCDD
03 011000001111|0010000|11100111000101|000 0x60F21CE28
04 010111010111|0010000|11101100010011|001 0x5D721D899
BX = 111 Event : 16
00 010010111001|0010000|11011101101000|100 0x4B921BB44
01 010010001100|0010000|11110101010111|000 0x48C21EAB8
02 010010010001|0100010|11111110001101|100 0x49145FC6C
03 010100101010|1011110|11111011000011|001 0x52ABDF619
04 010100001011|1011110|11101101111010|001 0x50BBDDBD1
05 010100110010|1110001|11111011001011|000 0x532E3F658
BX = 000 Event : 17
00 010011110000|0010000|11000110101100|000 0x4F0218D60
01 010011010100|0010000|11101010110110|000 0x4D421D5B0
02 010001110011|0010000|11011011010101|000 0x47321B6A8
03 010100000010|1011110|11001001101000|000 0x502BD9340
BX = 001 Event : 18
00 010011111110|0010000|11001000111100|100 0x4FE2191E4
01 010010001111|0010000|11111010000011|001 0x48F21F419
02 010010001010|0010000|11111010000110|000 0x48A21F430
03 010100010111|1011110|11110010011110|101 0x517BDE4F5
BX = 010 Event : 19
00 010011100011|0010000|11010000111100|000 0x4E321A1E0
01 010011000011|0010000|11011011000010|001 0x4C321B611
02 010011000111|0010000|11001010000110|000 0x4C7219430
03 010100100110|1110001|11000011101110|001 0x526E38771
04 010100001000|1011110|11000110011100|101 0x508BD8CE5
05 010011110010|1011110|11000000101111|100 0x4F2BD817C
06 011000101011|0100010|11010100001110|101 0x62B45A875
07 011000101011|0100010|11010100100000|001 0x62B45A901
08 010111101001|0100010|11010001001010|001 0x5E945A251
09 010111001001|0100010|11001110001010|001 0x5C9459C51
0a 010111110010|0010000|11100101010110|000 0x5F221CAB0
0b 010111001110|0010000|11011010101001|001 0x5CE21B549
BX = 011 Event : 20
00 010010100101|0010000|11110100110111|000 0x4A521E9B8
01 010010001101|0010000|11110111100000|000 0x48D21EF00
02 010010001100|0010000|11110100100100|100 0x48C21E924
03 010010110100|0100010|11110101001001|001 0x4B445EA49
04 010010101010|0100010|11110100110111|001 0x4AA45E9B9
05 010010010100|0100010|11110111101000|000 0x49445EF40
06 010101011100|1110001|11000001011001|000 0x55CE382C8
07 010100011011|1011110|11001001010101|100 0x51BBD92AC
08 010100010100|1011110|11001111100001|001 0x514BD9F09
09 010101000111|1110001|11111001011011|001 0x547E3F2D9
0a 010110111100|0010000|11010111000000|000 0x5BC21AE00
BX = 100 Event : 21
00 010011100100|0100010|11000010001001|100 0x4E445844C
01 010011010001|0100010|11000011111010|000 0x4D14587D0
02 010011110000|0010000|11011011010000|001 0x4F021B681
03 011000011111|0100010|11001110000100|000 0x61F459C20
04 010110100101|0010000|11111010010110|001 0x5A521F4B1
BX = 101 Event : 22
00 010011001010|0010000|11001110001000|100 0x4CA219C44
01 010101001100|1011110|11101101100111|001 0x54CBDDB39
02 010101001100|1011110|11101101001111|000 0x54CBDDA78
BX = 110 Event : 23
00 010011111010|0010000|11011011100100|100 0x4FA21B724
01 010101100111|1011110|11110010000111|100 0x567BDE43C
02 010011111011|1011110|11010000011000|000 0x4FBBDA0C0
03 011000100011|0010000|11111100110110|001 0x62321F9B1
BX = 111 Event : 24
00 011000100111|0100010|11000111000001|001 0x627458E09
BX = 000 Event : 25
00 010010001001|0100010|11000000011110|000 0x4894580F0
01 010100000000|0010000|11101000111010|001 0x50021D1D1
02 010011110111|0010000|11110111101111|100 0x4F721EF7C
03 010011000100|0010000|11101001110000|001 0x4C421D381
04 010010010001|0010000|11011010101001|100 0x49121B54C
05 010010001100|0010000|11110011111010|001 0x48C21E7D1
06 010010001011|0010000|11110011000110|000 0x48B21E630
07 010010000001|0010000|11110010110110|000 0x48121E5B0
08 010010000101|0010000|11000000100101|100 0x48521812C
09 010001110111|0010000|11110010111110|100 0x47721E5F4
0a 010010101110|0100010|11110110001010|000 0x4AE45EC50
0b 010010010001|0100010|11110100001011|000 0x49145E858
0c 010100100001|1011110|11100011011110|100 0x521BDC6F4
0d 011000101100|0100010|11010101011101|100 0x62C45AAEC
BX = 001 Event : 26
00 010100000110|0010000|11110111111001|000 0x50621EFC8
01 010110000001|1011110|11000111000000|000 0x581BD8E00
02 010111011110|0100010|11001110110010|100 0x5DE459D94
03 010110011011|0100010|11000111010101|001 0x59B458EA9
BX = 010 Event : 27
00 010011101011|0010000|11011001111001|000 0x4EB21B3C8
01 010011001101|0010000|11011001101011|001 0x4CD21B359
02 010010110100|0100010|11111110111000|001 0x4B445FDC1
03 010100000100|1011110|11010001110011|001 0x504BDA399
04 010011111010|1011110|11100110001010|001 0x4FABDCC51
05 010110011101|0100010|11011011000010|100 0x59D45B614
BX = 011 Event : 28
00 010011110101|0010000|11100011110010|000 0x4F521C790
01 010011110000|0010000|11100011110011|000 0x4F021C798
02 010011010111|0010000|11100011100001|100 0x4D721C70C
03 010010110001|0010000|11001110111000|000 0x4B1219DC0
04 010101000111|1110001|11000000000000|101 0x547E38005
05 010100100001|1110001|11000011110010|000 0x521E38790
06 010101111000|1011110|11110110011111|100 0x578BDECFC
07 010101101111|1011110|11101101011110|001 0x56FBDDAF1
08 010101001101|1011110|11110001000111|000 0x54DBDE238
09 010100101010|1011110|11001010010000|000 0x52ABD9480
0a 010100011001|1011110|11000011101110|000 0x519BD8770
0b 010100010001|1011110|11001010000101|000 0x511BD9428
0c 010111011110|0100010|11001111000010|001 0x5DE459E11
BX = 100 Event : 29
00 010010100101|0010000|11011000000011|001 0x4A521B019
01 010100100011|1011110|11000010110000|000 0x523BD8580
02 010110011011|0100010|11001000001100|101 0x59B459065
03 010111110111|0010000|11100011000110|001 0x5F721C631
04 010111010000|0010000|11100001100001|100 0x5D021C30C
05 010111000001|0010000|11100001010101|101 0x5C121C2AD
BX = 101 Event : 30
00 010010011100|0010000|11111111001001|001 0x49C21FE49
01 010010001100|0010000|11110011111010|100 0x48C21E7D4
02 010011100110|0100010|11111110011011|000 0x4E645FCD8
03 010010011111|0100010|11111111010111|001 0x49F45FEB9
04 010100100101|1110001|11000011000001|000 0x525E38608
05 010100011110|1011110|11000011001111|100 0x51EBD867C
BX = 110 Event : 31
00 010011110110|0010000|11100100100101|001 0x4F621C929
01 010010101100|0010000|11001111000001|001 0x4AC219E09
02 010010100101|0010000|11011100101100|001 0x4A521B961
03 010010011011|0010000|11100011101010|000 0x49B21C750
04 010010010110|0010000|11010110000110|100 0x49621AC34
05 010011110101|1011110|11010100011010|000 0x4F5BDA8D0
06 011000000100|0010000|11110010011100|001 0x60421E4E1
07 011000000100|0010000|11110010001110|000 0x60421E470
08 011000000110|0010000|11100100111111|100 0x60621C9FC
BX = 111 Event : 32
00 010011011010|0010000|11001010100111|001 0x4DA219539
01 010010110000|0010000|11010001001011|000 0x4B021A258
02 010011101100|1011110|11001111111001|000 0x4ECBD9FC8
03 010100000000|1110001|11111011110111|001 0x500E3F7B9
04 010110110101|0100010|11001011011111|001 0x5B54596F9
05 010111100100|0010000|11100000010111|101 0x5E421C0BD
BX = 000 Event : 33
00 010100000001|0010000|11001110110110|100 0x501219DB4
01 010011110111|0010000|11000010100000|000 0x4F7218500
02 010011011100|0010000|11000111110110|000 0x4DC218FB0
03 010010101100|0010000|11010000000110|100 0x4AC21A034
04 010101000101|1011110|11110100111110|101 0x545BDE9F5
05 010100101100|1011110|11000100101111|101 0x52CBD897D
06 010100011101|1011110|11010010110001|001 0x51DBDA589
07 010011110001|1011110|11001111011010|100 0x4F1BD9ED4
BX = 001 Event : 34
00 010011100001|0100010|11000100011011|001 0x4E14588D9
01 010011001011|0100010|11000010100111|100 0x4CB45853C
02 010011101011|0010000|11110011011100|001 0x4EB21E6E1
03 010011010101|0010000|11000001101011|100 0x4D521835C
04 010011000111|0100010|11111111110101|001 0x4C745FFA9
05 010011000010|0100010|11111111110010|000 0x4C245FF90
06 010101000001|1011110|11101001110100|100 0x541BDD3A4
07 010100111100|1011110|11101001110111|100 0x53CBDD3BC
BX = 010 Event : 35
00 010100100000|1011110|11110001011110|100 0x520BDE2F4
01 010110100101|0010000|11101001000001|100 0x5A521D20C
02 010110010110|0010000|11101110110100|100 0x59621DDA4
BX = 011 Event : 36
00 010011011111|0010000|11001011101110|000 0x4DF219770
01 010010001100|0010000|11010110010010|000 0x48C21AC90
02 010001111001|0010000|11101000101001|100 0x47921D14C
03 010101101111|1110001|11000000110000|101 0x56FE38185
04 010101111011|1011110|11110010010011|000 0x57BBDE498
05 010101101001|1011110|11110111000000|101 0x569BDEE05
06 010101100011|1110001|11111110100100|100 0x563E3FD24
07 011000000111|0100010|11010000110101|100 0x60745A1AC
08 010111011100|0100010|11001010001001|001 0x5DC459449
09 010111110110|0010000|11100110110101|100 0x5F621CDAC
0a 010110110010|0010000|11010111001110|001 0x5B221AE71
BX = 100 Event : 37
00 010011001110|0010000|11100111001011|001 0x4CE21CE59
BX = 101 Event : 38
00 010011101011|0010000|11011000001101|000 0x4EB21B068
01 010100011100|1011110|11100001110101|001 0x51CBDC3A9
02 010100001101|1011110|11011110100110|000 0x50DBDBD30
03 010011111101|1011110|11001000101010|001 0x4FDBD9151
04 010100000001|1011110|11000001101010|100 0x501BD8354
05 010101100101|1110001|11111010110101|001 0x565E3F5A9
06 010111101101|0010000|11100101001000|100 0x5ED21CA44
07 010111001101|0010000|11110110011101|000 0x5CD21ECE8
08 010110111111|0010000|11111101001100|100 0x5BF21FA64
09 010110111110|0010000|11101001010011|101 0x5BE21D29D
BX = 110 Event : 39
00 010010100101|0010000|11010101110000|001 0x4A521AB81
01 010010111111|0100010|11111100010001|100 0x4BF45F88C
02 010101000011|1011110|11111010010010|100 0x543BDF494
03 010100100100|1011110|11111000101010|001 0x524BDF151
04 010011111100|1011110|11001100111110|001 0x4FCBD99F1
05 010011110111|1011110|11111001011101|101 0x4F7BDF2ED
06 010101001100|1110001|11111001111101|100 0x54CE3F3EC
07 011000001010|0010000|11100110110100|001 0x60A21CDA1
BX = 111 Event : 40
00 010010100110|0100010|11110011000010|000 0x4A645E610
01 010110001001|1011110|11001010111000|001 0x589BD95C1
02 010110001011|1011110|11000101111110|101 0x58BBD8BF5
03 010101010100|1011110|11101000001100|000 0x554BDD060
04 010100100001|1011110|11000111101010|001 0x521BD8F51
05 011000110110|0100010|11010101010101|000 0x63645AAA8
06 010110100101|0100010|11000100111110|101 0x5A54589F5
07 010111101101|0010000|11100101100000|100 0x5ED21CB04
BX = 000 Event : 41
00 011000000111|0100010|11011010101110|001 0x60745B571
01 010111111010|0010000|11101011010001|001 0x5FA21D689
BX = 001 Event : 42
00 010100000001|0010000|11101011000110|000 0x50121D630
01 010011111011|0010000|11100110010000|000 0x4FB21CC80
02 010011110110|0010000|11100110010000|000 0x4F621CC80
03 010011101100|0010000|11100101110010|100 0x4EC21CB94
04 010010000111|0010000|11010111011001|000 0x48721AEC8
05 010101111101|1011110|11101000110011|100 0x57DBDD19C
06 010101011010|1011110|11010000000110|001 0x55ABDA031
07 010101001111|1011110|11010110000100|001 0x54FBDAC21
08 010101001011|1011110|11000011100110|000 0x54BBD8730
09 010100101010|1011110|11001001101111|001 0x52ABD9379
0a 010111100001|0010000|11101101001000|100 0x5E121DA44
0b 010111100101|0010000|11011111101100|001 0x5E521BF61
BX = 010 Event : 43
00 010011111101|0010000|11101110000001|000 0x4FD21DC08
01 010011110010|0010000|11001110100010|001 0x4F2219D11
02 010011000011|0010000|11011010011010|000 0x4C321B4D0
03 010010101000|0100010|11110111110110|000 0x4A845EFB0
04 010110001101|1011110|11111000010110|101 0x58DBDF0B5
05 010011111110|1011110|11110011000101|000 0x4FEBDE628
06 011000101100|0100010|11010110001100|001 0x62C45AC61
07 010111110000|0100010|11010111001001|000 0x5F045AE48
08 010110100000|0010000|11110111100010|100 0x5A021EF14
BX = 011 Event : 44
00 010010001100|0100010|11000110000000|100 0x48C458C04
01 010011111110|0010000|11000000010111|000 0x4FE2180B8
02 010011011101|0010000|11000100010110|000 0x4DD2188B0
03 010010100111|0100010|11111010011001|000 0x4A745F4C8
04 010011110110|1110001|11000000000101|001 0x4F6E38029
05 010101100011|1011110|11110100110011|000 0x563BDE998
06 010011110000|1110001|11111011110101|100 0x4F0E3F7AC
07 010110101010|0010000|11110111101111|000 0x5AA21EF78
BX = 100 Event : 45
00 010011101110|0100010|11000001111100|100 0x4EE4583E4
01 010100000010|0010000|11001100111111|000 0x5022199F8
02 010011100001|0010000|11011101000010|000 0x4E121BA10
03 010011011101|0010000|11010100110010|001 0x4DD21A991
04 010011010101|0010000|11001011110010|001 0x4D5219791
05 010010011101|0010000|11101011010101|100 0x49D21D6AC
06 010010010111|0010000|11100111100100|000 0x49721CF20
07 010010010000|0010000|11110001010001|000 0x49021E288
08 010100010101|1110001|11000000111001|000 0x515E381C8
09 010100100110|1011110|11110011000100|000 0x526BDE620
0a 010011111100|1011110|11101110000010|000 0x4FCBDDC10
BX = 101 Event : 46
00 010100000110|0100010|11000000000100|000 0x506458020
01 010011111011|0010000|11010001110010|000 0x4FB21A390
02 010011111001|1110001|11000100101010|001 0x4F9E38951
03 010011110101|1011110|11000100010110|101 0x4F5BD88B5
04 010111110101|0010000|11110100101011|101 0x5F521E95D
05 010111011101|0010000|11011010100010|001 0x5DD21B511
BX = 110 Event : 47
00 010010101001|0010000|11111100001011|001 0x4A921F859
01 010010101001|0010000|11111011110111|001 0x4A921F7B9
02 010101101011|1011110|11110000010000|100 0x56BBDE084
03 010101011110|1011110|11010111000101|100 0x55EBDAE2C
04 010011110110|1011110|11110110111110|001 0x4F6BDEDF1
05 010011110101|1110001|11111101011010|001 0x4F5E3FAD1
06 011000000100|0100010|11001001000001|100 0x60445920C
BX = 111 Event : 48
00 010010000001|0100010|11110101000010|000 0x48145EA10
01 010101000001|1011110|11000100010110|101 0x541BD88B5
02 010100110101|1011110|11000111001010|000 0x535BD8E50
03 010100001001|1011110|11010001001100|001 0x509BDA261
04 010110111110|0010000|11101110100100|000 0x5BE21DD20
BX = 000 Event : 49
00 010011110100|0010000|11111011011010|000 0x4F421F6D0
01 010011101111|0010000|11111011100010|000 0x4EF21F710
02 010010111111|0010000|11101000011010|001 0x4BF21D0D1
03 010011110111|0100010|11111011100011|000 0x4F745F718
04 010010111100|0100010|11110111101010|001 0x4BC45EF51
05 010010100100|0100010|11110110010101|100 0x4A445ECAC
06 010100000110|1011110|11111001100010|001 0x506BDF311
07 010100101110|1110001|11111010011001|001 0x52EE3F4C9
08 010100010000|1110001|11111001101111|001 0x510E3F379
BX = 001 Event : 50
00 010101001010|1011110|11010011111110|001 0x54ABDA7F1
01 011000001010|0100010|11010111010010|001 0x60A45AE91
02 010110011010|0010000|11110011111010|001 0x59A21E7D1
BX = 010 Event : 51
00 010010010011|0010000|11000010011001|000 0x4932184C8
01 010001110000|0010000|11111001010110|000 0x47021F2B0
02 010001110101|0100010|11111001010011|100 0x47545F29C
03 010100111110|1110001|11111001000010|100 0x53EE3F214
04 010110010111|0100010|11001110100101|001 0x597459D29
05 010111000011|0010000|11101010001100|100 0x5C321D464
BX = 011 Event : 52
00 010010110011|0100010|11000100110001|100 0x4B345898C
01 010010111001|0010000|11010111110010|001 0x4B921AF91
02 010010110000|0010000|11000100111001|100 0x4B02189CC
03 010010001011|0010000|11001000111001|001 0x48B2191C9
04 010101001000|1011110|11101111010011|101 0x548BDDE9D
05 010011110011|1011110|11111011101001|101 0x4F3BDF74D
06 010110010101|0100010|11000000110011|001 0x595458199
BX = 100 Event : 53
00 010011110010|0010000|11101100001101|100 0x4F221D86C
01 010110001100|1011110|11110110011000|100 0x58CBDECC4
02 010011110111|1011110|11101101010011|100 0x4F7BDDA9C
03 011000001110|0010000|11101111110011|000 0x60E21DF98
04 011000001011|0010000|11100100110010|001 0x60B21C991
05 011000000110|0010000|11100100101111|001 0x60621C979
BX = 101 Event : 54
00 010011101111|0100010|11000011001001|000 0x4EF458648
01 010010111111|0010000|11101000011010|001 0x4BF21D0D1
02 010100001000|0100010|11110111111010|000 0x50845EFD0
03 010011111110|0100010|11110111101110|100 0x4FE45EF74
04 010101101111|1011110|11001100101111|100 0x56FBD997C
05 010100100010|1011110|11100110100010|001 0x522BDCD11
BX = 110 Event : 55
00 010100000010|0010000|11101111000111|000 0x50221DE38
01 010011111000|0010000|11101111001010|100 0x4F821DE54
02 010010101011|0010000|11010100011100|000 0x4AB21A8E0
03 010010000100|0010000|11101101111011|100 0x48421DBDC
04 010001110100|0010000|11101000100011|100 0x47421D11C
05 010110000001|1011110|11000101101111|100 0x581BD8B7C
06 010101000101|1011110|11101000100110|001 0x545BDD131
07 010100111111|1011110|11000111100100|000 0x53FBD8F20
08 011000001001|0100010|11000001100111|001 0x609458339
09 011000001001|0010000|11111000110011|100 0x60921F19C
0a 010110100000|0010000|11101010001101|001 0x5A021D469
BX = 111 Event : 56
00 010011001010|0010000|11101001111111|100 0x4CA21D3FC
01 010011000100|0010000|11010100111001|100 0x4C421A9CC
02 010100011001|1011110|11110111001010|001 0x519BDEE51
03 010100001101|1011110|11110010101101|101 0x50DBDE56D
04 010100100000|1110001|11110111010110|001 0x520E3EEB1
05 010111001101|0010000|11101001111111|001 0x5CD21D3F9
BX = 000 Event : 57
00 010011000001|0010000|11111001110011|100 0x4C121F39C
01 010010011110|0010000|11110000101010|100 0x49E21E154
02 010010000111|0010000|11100001000101|100 0x48721C22C
03 010101011011|1110001|11000000111010|000 0x55BE381D0
04 010100000101|1110001|11000000000010|001 0x505E38011
05 010111001010|0010000|11100011100000|100 0x5CA21C704
BX = 001 Event : 58
00 010100001000|0010000|11000000001100|100 0x508218064
01 010011000100|0010000|11000011110001|000 0x4C4218788
02 010010110100|0010000|11111101011101|000 0x4B421FAE8
03 010010011011|0010000|11000101011000|100 0x49B218AC4
04 010100010011|1011110|11101001010101|100 0x513BDD2AC
05 010101010101|1110001|11111011010110|100 0x555E3F6B4
06 010111101011|0010000|11111000011101|100 0x5EB21F0EC
07 010111001000|0010000|11101100101110|101 0x5C821D975
08 010110100110|0010000|11111110001100|001 0x5A621FC61
BX = 010 Event : 59
00 010010101011|0100010|11000110110101|000 0x4AB458DA8
01 010011101100|0010000|11100110000100|100 0x4EC21CC24
02 010101100001|1011110|11110000110001|001 0x561BDE189
03 010100110111|1011110|11101100000100|100 0x537BDD824
BX = 011 Event : 60
00 010011011100|0100010|11000101100110|000 0x4DC458B30
01 010011001110|0010000|11101001011101|001 0x4CE21D2E9
02 010110000010|1011110|11101010011000|001 0x582BDD4C1
03 010100110110|1011110|11101000101110|101 0x536BDD175
04 010100110110|1011110|11100111111100|001 0x536BDCFE1
05 010011111000|1011110|11110001011000|101 0x4F8BDE2C5
06 010111101011|0010000|11110011111101|001 0x5EB21E7E9
07 010110111011|0010000|11100010101101|001 0x5BB21C569
08 010110110110|0010000|11100010101010|001 0x5B621C551
BX = 100 Event : 61
00 010011100100|0010000|11101111101101|100 0x4E421DF6C
01 010010001001|0010000|11111001000010|000 0x48921F210
02 010011010011|0100010|11111011101110|000 0x4D345F770
03 010010001110|0100010|11111001000110|000 0x48E45F230
04 010100001000|1011110|11011010101000|000 0x508BDB540
05 010111011001|0100010|11011010010010|101 0x5D945B495
BX = 101 Event : 62
00 010011101110|0100010|11000001111100|100 0x4EE4583E4
01 010100000000|0010000|11100110111111|001 0x50021CDF9
02 010100000010|0010000|11001100111111|000 0x5022199F8
03 010011110001|0010000|11100110111110|100 0x4F121CDF4
04 010011011101|0010000|11010100110010|001 0x4DD21A991
05 010011010011|0010000|11110101100011|000 0x4D321EB18
06 010010110100|0010000|11100011101101|001 0x4B421C769
07 010010111000|0100010|11111111111001|100 0x4B845FFCC
08 010010000011|0100010|11111100001110|100 0x48345F874
09 010100010101|1110001|11000000111001|000 0x515E381C8
0a 010100111010|1110001|11111111000010|101 0x53AE3FE15
0b 010111110111|0100010|11011010000001|001 0x5F745B409
0c 010111000110|0100010|11011011010110|001 0x5C645B6B1
0d 010111110000|0010000|11110000011011|001 0x5F021E0D9
BX = 110 Event : 63
00 010010110101|0100010|11111100100100|100 0x4B545F924
01 010010110000|0100010|11111100011011|100 0x4B045F8DC
02 010010011011|0100010|11111101000000|100 0x49B45FA04
03 010110101111|0100010|11001010101001|100 0x5AF45954C
BX = 111 Event : 64
00 010010001000|0010000|11111111001001|000 0x48821FE48
01 010001110111|0010000|11111101011100|000 0x47721FAE0
02 010011110110|1011110|11110110111011|001 0x4F6BDEDD9
03 011000010011|0100010|11001001000100|000 0x613459220
04 011000000100|0100010|11001001000001|100 0x60445920C
BX = 000 Event : 65
00 010010000010|0010000|11010101101011|001 0x48221AB59
01 010101011011|1110001|11000000101110|000 0x55BE38170
02 010101010110|1110001|11000000110100|000 0x556E381A0
03 010111100110|0100010|11010110110110|001 0x5E645ADB1
BX = 001 Event : 66
00 010011001100|0010000|11110000111111|001 0x4CC21E1F9
01 010010010001|0010000|11011100110000|000 0x49121B980
02 010010000111|0010000|11100001000101|100 0x48721C22C
03 010101011011|1110001|11000000111010|000 0x55BE381D0
04 010100101001|1110001|11000000100110|100 0x529E38134
05 010111001010|0010000|11100011100000|100 0x5CA21C704
BX = 010 Event : 67
00 010011111010|0010000|11011100100111|001 0x4FA21B939
01 010011110001|0010000|11100100110000|100 0x4F121C984
02 010101111000|1011110|11000100001100|101 0x578BD8865
03 010100100100|1011110|11101100111100|001 0x524BDD9E1
04 010100001111|1011110|11111000000100|100 0x50FBDF024
05 010111000011|0100010|11000000100010|100 0x5C3458114
BX = 011 Event : 68
00 010011110000|0010000|11011110000101|100 0x4F021BC2C
01 010011101010|0010000|11111011000111|100 0x4EA21F63C
02 010010011101|0010000|11101101000001|100 0x49D21DA0C
03 010001110000|0010000|11001100011010|001 0x4702198D1
04 010101000010|1011110|11110111111101|101 0x542BDEFED
05 010100111111|1011110|11110010111010|001 0x53FBDE5D1
06 010100110101|1011110|11110011000001|101 0x535BDE60D
07 010100010011|1011110|11110101101100|001 0x513BDEB61
08 010011110101|1011110|11110110011101|000 0x4F5BDECE8
09 010011110100|1011110|11110010110111|101 0x4F4BDE5BD
0a 010111111111|0100010|11000111100001|100 0x5FF458F0C
0b 010111110000|0100010|11000111100111|100 0x5F0458F3C
0c 011000100111|0010000|11101110110100|001 0x62721DDA1
0d 011000100010|0010000|11101110100101|100 0x62221DD2C
0e 010110100000|0010000|11101101001110|001 0x5A021DA71
BX = 100 Event : 69
00 010010100101|0010000|11111110010101|001 0x4A521FCA9
01 010010001000|0010000|11010011111000|000 0x48821A7C0
02 010001111111|0010000|11111001100000|100 0x47F21F304
03 010010000100|0100010|11111001010011|100 0x48445F29C
04 010011110101|1011110|11000101110110|000 0x4F5BD8BB0
05 011000101101|0100010|11001001111101|100 0x62D4593EC
06 011000101000|0100010|11001001111111|100 0x6284593FC
07 011000011001|0100010|11001011011111|000 0x6194596F8
08 011000001001|0010000|11110011011111|100 0x60921E6FC
09 010111001000|0010000|11111011000110|000 0x5C821F630
0a 010110111110|0010000|11110001000000|100 0x5BE21E204
BX = 101 Event : 70
00 010010010100|0100010|11000011001000|100 0x494458644
01 010101011101|1011110|11100010011011|100 0x55DBDC4DC
02 010111010000|0100010|11011011110101|001 0x5D045B7A9
03 010111001001|0010000|11011011101101|000 0x5C921B768
BX = 110 Event : 71
00 010011110111|0010000|11010000001001|100 0x4F721A04C
01 010010100110|0010000|11010000111110|000 0x4A621A1F0
02 010101011110|1011110|11010101101010|000 0x55EBDAB50
03 010100100010|1011110|11100110011110|100 0x522BDCCF4
04 011000110100|0010000|11100010010110|000 0x63421C4B0
05 010110010111|0010000|11100110011111|100 0x59721CCFC
BX = 111 Event : 72
00 010011001010|0100010|11000000011010|100 0x4CA4580D4
01 010011100111|0010000|11100100111110|000 0x4E721C9F0
02 010011001011|0010000|11000000100110|000 0x4CB218130
03 010011110000|0100010|11111110001101|000 0x4F045FC68
04 010101111011|1011110|11010111111000|001 0x57BBDAFC1
05 010100100001|1011110|11011010110100|100 0x521BDB5A4
06 010011111001|1011110|11001000001001|000 0x4F9BD9048
07 011000011111|0100010|11011001010101|101 0x61F45B2AD
08 010110101111|0100010|11001010101001|100 0x5AF45954C
09 011000010101|0010000|11011001011110|101 0x61521B2F5
0a 010111101001|0010000|11011000001001|000 0x5E921B048
BX = 000 Event : 73
00 010011000100|0010000|11100111001100|001 0x4C421CE61
01 010011000011|0010000|11011100010011|100 0x4C321B89C
02 010010101010|0010000|11010110111011|100 0x4AA21ADDC
03 010100101010|1110001|11000010001101|100 0x52AE3846C
04 010011110111|1110001|11000010001111|001 0x4F7E38479
05 010100101101|1011110|11101010111110|100 0x52DBDD5F4
06 010100100100|1011110|11000010100100|101 0x524BD8525
07 010101110010|1110001|11111110101000|000 0x572E3FD40
08 010101010000|1110001|11111100101101|001 0x550E3F969
09 011000110010|0010000|11101001010111|000 0x63221D2B8
0a 010111110001|0010000|11111100101100|100 0x5F121F964
BX = 001 Event : 74
00 010010000000|0010000|11101110011011|001 0x48021DCD9
01 010010001110|0100010|11111001100111|000 0x48E45F338
02 010100000000|1011110|11101100000000|101 0x500BDD805
03 010011101111|1011110|11011010011000|100 0x4EFBDB4C4
04 010101010010|1110001|11111000100001|000 0x552E3F108
BX = 010 Event : 75
00 010010000001|0100010|11000100110100|001 0x4814589A1
01 010100000011|0010000|11111011000000|100 0x50321F604
02 010101010111|1011110|11000001000100|100 0x557BD8224
03 010100010001|1011110|11110001011100|000 0x511BDE2E0
04 010100010001|1011110|11101111110011|100 0x511BDDF9C
05 010100000111|1011110|11111010101101|100 0x507BDF56C
06 010100000010|1011110|11111010110001|101 0x502BDF58D
07 010011110011|1011110|11111011001011|100 0x4F3BDF65C
08 010011111011|1110001|11111011001011|100 0x4FBE3F65C
09 010111001101|0100010|11010110110111|000 0x5CD45ADB8
BX = 011 Event : 76
00 010010101011|0010000|11010100011100|000 0x4AB21A8E0
01 010010000100|0010000|11101101111011|100 0x48421DBDC
02 010110001001|1011110|11111001001101|101 0x589BDF26D
03 010101110101|1011110|11001010111010|000 0x575BD95D0
04 011000001001|0100010|11000001100111|001 0x609458339
05 010110111110|0010000|11111010101110|000 0x5BE21F570
06 010110100000|0010000|11111000011111|100 0x5A021F0FC
07 010110100000|0010000|11101010001101|001 0x5A021D469
BX = 100 Event : 77
00 010110000001|1011110|11110011100011|101 0x581BDE71D
01 010100001010|1011110|11101011000000|000 0x50ABDD600
02 010111100001|0100010|11000001110011|001 0x5E1458399
03 010110100101|0100010|11001001101101|100 0x5A545936C
BX = 101 Event : 78
00 010011000001|0010000|11001100000011|000 0x4C1219818
01 010010010111|0100010|11111100000111|001 0x49745F839
02 010100110110|1011110|11010101011011|001 0x536BDAAD9
03 010100011100|1011110|11100000011001|001 0x51CBDC0C9
BX = 110 Event : 79
00 010011101000|0010000|11101100011011|100 0x4E821D8DC
01 010010110100|0010000|11011010100101|100 0x4B421B52C
02 010101100000|1011110|11001101100011|101 0x560BD9B1D
03 010101000101|1011110|11100110100011|000 0x545BDCD18
BX = 111 Event : 80
00 010010101110|0010000|11110001001010|100 0x4AE21E254
01 010101111101|1011110|11101001001110|100 0x57DBDD274
02 010100011100|1011110|11010110111101|000 0x51CBDADE8
03 011000001100|0100010|11011011100111|001 0x60C45B739
04 010110011101|0100010|11010000111101|000 0x59D45A1E8
05 011000000101|0010000|11011011100010|000 0x60521B710
06 010110110011|0010000|11110010100100|100 0x5B321E524
BX = 000 Event : 81
00 010010110101|0010000|11110110111000|000 0x4B521EDC0
01 010010111101|0100010|11110111000101|000 0x4BD45EE28
02 010100001101|1011110|11100010100111|001 0x50DBDC539
03 010100001000|1011110|11011001111010|001 0x508BDB3D1
04 010011110010|1011110|11001100010000|001 0x4F2BD9881
05 011000010011|0010000|11110110001010|001 0x61321EC51
06 011000010011|0010000|11110101110101|100 0x61321EBAC
07 010110010110|0010000|11110101110110|001 0x59621EBB1
BX = 001 Event : 82
00 010011110000|0010000|11011110110100|001 0x4F021BDA1
01 010100110000|1011110|11100000101011|001 0x530BDC159
02 011000100010|0010000|11011101110000|000 0x62221BB80
03 011000001110|0010000|11011101011000|101 0x60E21BAC5
BX = 010 Event : 83
00 010011011011|0010000|11110000100010|000 0x4DB21E110
01 010011000011|0010000|11110010111011|001 0x4C321E5D9
02 010010010111|0100010|11111100100000|100 0x49745F904
03 010110000010|1011110|11010001110111|000 0x582BDA3B8
04 010100001111|1011110|11111000000000|101 0x50FBDF005
05 010110000000|1110001|11111000011010|000 0x580E3F0D0
06 010111101100|0100010|11011000010010|100 0x5EC45B094
07 010111001000|0100010|11000110000100|000 0x5C8458C20
08 010110011110|0100010|11010010011010|000 0x59E45A4D0
09 010111101001|0010000|11011000100000|101 0x5E921B105
0a 010111100000|0010000|11011111100001|100 0x5E021BF0C
BX = 011 Event : 84
00 010010010110|0010000|11011100000111|100 0x49621B83C
01 010010011000|0010000|11001111101001|000 0x498219F48
BX = 100 Event : 85
00 010011101000|0010000|11101001110000|001 0x4E821D381
01 010101001001|1110001|11110111011011|000 0x549E3EED8
02 011000011000|0010000|11101011100111|100 0x61821D73C
BX = 101 Event : 86
00 010011011111|0100010|11111000100000|001 0x4DF45F101
01 010100100100|1011110|11111001011001|100 0x524BDF2CC
02 010100101001|1110001|11111001010011|100 0x529E3F29C
03 010111010001|0010000|11011101111010|001 0x5D121BBD1
BX = 110 Event : 87
00 010010101111|0010000|11110100101010|000 0x4AF21E950
01 010010010001|0010000|11011010110011|001 0x49121B599
02 010010110100|0100010|11110100011100|100 0x4B445E8E4
03 010101101101|1011110|11100101101011|001 0x56DBDCB59
04 010111110110|0100010|11001100110111|101 0x5F64599BD
05 010110011101|0100010|11010000101000|100 0x59D45A144
06 010110011111|0100010|11010101010111|001 0x59F45AAB9
BX = 111 Event : 88
00 010010101010|0010000|11011101111010|000 0x4AA21BBD0
01 010001110001|0010000|11101110101111|100 0x47121DD7C
02 010110000010|1011110|11101011101101|100 0x582BDD76C
03 010101010110|1011110|11001101111011|001 0x556BD9BD9
04 010101010110|1011110|11001011101000|001 0x556BD9741
05 010100111100|1011110|11000100101101|100 0x53CBD896C
06 010100110111|1011110|11000100100111|100 0x537BD893C
07 010100011100|1011110|11011010111011|000 0x51CBDB5D8
08 010101001001|1110001|11111111110010|101 0x549E3FF95
09 010110010110|0010000|11111010001100|001 0x59621F461
BX = 000 Event : 89
00 010100000000|0010000|11110101111010|100 0x50021EBD4
01 010001110011|0010000|11011111011100|001 0x47321BEE1
02 010100110010|1011110|11000011111000|001 0x532BD87C1
03 010111110000|0100010|11000110011100|100 0x5F0458CE4
04 010111010111|0100010|11000010000000|001 0x5D7458401
BX = 001 Event : 90
00 010011001101|0100010|11000100110000|000 0x4CD458980
01 010011000100|0010000|11000100100110|000 0x4C4218930
02 010001111110|0010000|11101000010011|100 0x47E21D09C
BX = 010 Event : 91
00 010011110101|0010000|11011010000011|000 0x4F521B418
01 010011010011|0010000|11010011011010|100 0x4D321A6D4
02 010010000010|0010000|11011110110100|100 0x48221BDA4
03 010100001010|1011110|11110111011001|000 0x50ABDEEC8
BX = 011 Event : 92
00 010101111011|1011110|11011111101001|100 0x57BBDBF4C
01 010101000101|1011110|11000101100011|100 0x545BD8B1C
02 010100101000|1011110|11010000100000|000 0x528BDA100
03 010100100011|1011110|11101100101000|100 0x523BDD944
04 010100000101|1011110|11001101111001|000 0x505BD9BC8
05 010011111001|1011110|11100011011111|100 0x4F9BDC6FC
06 010111010110|0010000|11100000000001|000 0x5D621C008
07 010110100101|0010000|11101010000101|100 0x5A521D42C
BX = 100 Event : 93
00 010011000111|0010000|11001010000110|001 0x4C7219431
01 010010110101|0010000|11110110000111|000 0x4B521EC38
02 010010110100|0010000|11110100101101|100 0x4B421E96C
03 010100100110|1110001|11000011101110|001 0x526E38771
04 010100001000|1011110|11000110011100|101 0x508BD8CE5
05 010011110010|1011110|11000000101111|100 0x4F2BD817C
06 011000101011|0100010|11010100001110|101 0x62B45A875
07 011000101011|0100010|11010100100000|001 0x62B45A901
08 010111101001|0100010|11010001001010|001 0x5E945A251
09 010111001001|0100010|11001110001010|001 0x5C9459C51
0a 010111001110|0010000|11011010101001|001 0x5CE21B549
BX = 101 Event : 94
00 010011000001|0010000|11101110111111|100 0x4C121DDFC
01 010010001111|0010000|11110000110101|000 0x48F21E1A8
02 010101111110|1011110|11101110011011|001 0x57EBDDCD9
03 010100100001|1011110|11011110011110|101 0x521BDBCF5
04 010011111001|1011110|11100001001001|100 0x4F9BDC24C
05 010011110100|1011110|11100001001010|100 0x4F4BDC254
06 010011101010|1011110|11011101001101|100 0x4EABDBA6C
07 011000101101|0010000|11111101011011|001 0x62D21FAD9
BX = 110 Event : 95
00 010011110000|0010000|11011011010000|001 0x4F021B681
01 010101000000|1011110|11000110000011|101 0x540BD8C1D
02 010100011100|1110001|11111110110010|000 0x51CE3FD90
03 010110100101|0010000|11111010010110|001 0x5A521F4B1
BX = 111 Event : 96
00 010011010101|0010000|11000000011000|001 0x4D52180C1
01 010011001000|0010000|11011000011010|100 0x4C821B0D4
02 010010110100|0010000|11011010100101|100 0x4B421B52C
03 010010010010|0010000|11111111001011|000 0x49221FE58
04 010110000110|1011110|11100101100001|100 0x586BDCB0C
05 010101001110|1011110|11011110010110|100 0x54EBDBCB4
06 010101000101|1011110|11100110100011|000 0x545BDCD18
07 010100011100|1110001|11111111101110|000 0x51CE3FF70
08 010011111110|1110001|11111111000111|001 0x4FEE3FE39
BX = 000 Event : 97
00 010011110000|0100010|11000100000001|100 0x4F045880C
01 010011110101|0100010|11110110000011|100 0x4F545EC1C
02 010101110110|1011110|11000111011101|000 0x576BD8EE8
03 010111010000|0100010|11011011010100|001 0x5D045B6A1
04 010111001001|0010000|11011011000100|000 0x5C921B620
BX = 001 Event : 98
00 010110000001|1011110|11000110000111|101 0x581BD8C3D
01 010101111010|1011110|11101110101100|001 0x57ABDDD61
02 010101110011|1011110|11101001101011|001 0x573BDD359
03 010101011001|1011110|11010101100000|001 0x559BDAB01
04 010100001010|1011110|11101011000100|000 0x50ABDD620
05 010011110010|1011110|11001100010000|001 0x4F2BD9881
06 011000110001|0100010|11010110010101|100 0x63145ACAC
07 010111100010|0100010|11011000010101|001 0x5E245B0A9
08 010110011011|0100010|11000101100011|100 0x59B458B1C
09 011000100000|0010000|11100001011111|101 0x62021C2FD
0a 010111001111|0010000|11011000011110|000 0x5CF21B0F0
0b 010111001011|0010000|11011000010101|100 0x5CB21B0AC
0c 010110111110|0010000|11101010011001|000 0x5BE21D4C8
0d 010111000101|0010000|11011000010101|001 0x5C521B0A9
0e 010111000001|0010000|11011000001101|000 0x5C121B068
BX = 010 Event : 99
00 010100010111|1011110|11100010010011|000 0x517BDC498
01 010100010010|1011110|11100010010010|000 0x512BDC490
02 010100001101|1011110|11011011100100|100 0x50DBDB724
03 010110111010|0010000|11111101111100|100 0x5BA21FBE4
BX = 011 Event : 100
00 010011011011|0010000|11110000100010|000 0x4DB21E110
01 010011000011|0010000|11110010111011|001 0x4C321E5D9
02 010010100101|0010000|11100010101001|100 0x4A521C54C
03 010111101100|0100010|11011000010010|100 0x5EC45B094
04 010111001000|0100010|11000110000100|000 0x5C8458C20
05 010110110000|0100010|11001110010001|000 0x5B0459C88
06 010111101001|0010000|11011000100000|101 0x5E921B105
07 010111100000|0010000|11011111100001|100 0x5E021BF0C
