BX = 000 Event : 0
00 0011001|01110101|10001011110000011|0110|00|1 0x19758bc1b1
01 0011110|01110001|01101111111100101|0001|00|1 0x1e716ff289
02 0011101|01110001|01110100101001111|1111|00|1 0x1d7174a7f9
03 0011101|01110001|01110101101110111|0011|00|1 0x1d7175bb99
04 0011100|01101011|01111000010010010|1010|00|1 0x1c6b784951
05 0011001|01100110|10001010111000001|0110|00|1 0x19668ae0b1
06 0010111|01100110|10000000011111110|1010|00|1 0x1766807f51
07 0011100|01011100|01111001011111100|1001|00|1 0x1c5c797e49
08 0011001|01010001|10001011101101010|1101|00|1 0x19518bb569
09 0011100|01000111|10000001110101101|1110|00|1 0x1c4781d6f1
0a 0011100|01000010|01111111111111001|1100|00|1 0x1c427ffce1
0b 0011100|01000010|01111001110011110|0110|00|1 0x1c4279cf31
0c 0011100|01000010|10000101100100001|1001|00|1 0x1c428590c9
0d 0011100|01000111|10000101101111011|1001|00|1 0x1c4785bdc9
0e 0011100|00110010|01111001011010011|1110|00|1 0x1c327969f1
0f 0011101|00101101|10001000010101101|0110|00|1 0x1d2d8856b1
10 0011000|00100010|01110111101001100|0000|00|1 0x182277a601
11 0011000|00100111|10001001110001010|1111|00|1 0x182789c579
12 0011101|00011101|10001001100111000|0100|00|1 0x1d1d899c21
13 0011101|00011101|10001001110000001|0101|00|1 0x1d1d89c0a9
14 0011110|00011101|01110010101100001|1001|00|1 0x1e1d72b0c9
15 0011001|00001101|01110100100110000|0001|00|1 0x190d749809
16 0011001|00010010|10001101000001110|0111|00|1 0x19128d0739
17 1100010|01110101|01101001010111000|0010|00|1 0x6275695c11
18 1100010|01111010|01100101111111011|0011|00|1 0x627a65fd99
19 1100010|01110101|01101001100010110|1100|00|1 0x6275698b61
1a 1100001|01111010|01011110001011011|0111|00|1 0x617a5e2db9
1b 1100110|01101011|01011111100110001|1101|00|1 0x666b5f98e9
1c 1100110|01101011|01011111001001001|0100|00|1 0x666b5f24a1
1d 1101000|01101011|01101100011100111|0110|00|1 0x686b6c73b1
1e 1100110|01101011|01011111110100000|1001|00|1 0x666b5fd049
1f 1100110|01011100|01011111101110101|0111|00|1 0x665c5fbab9
20 1100111|01011100|01101010001111001|1001|00|1 0x675c6a3cc9
21 1100011|01010001|01001110100111101|0110|00|1 0x63514e9eb1
22 1100111|01000010|01100101111010011|0101|00|1 0x674265e9a9
23 1100010|00110111|01101010011111000|0101|00|1 0x62376a7c29
24 1100010|00111100|01101000110011110|1011|00|1 0x623c68cf59
25 1100011|00100010|01101111000011100|1001|00|1 0x63226f0e49
26 1100111|00011000|01100110011110101|0111|00|1 0x6718667ab9
27 1100010|00001101|01101000000010100|0011|00|1 0x620d680a19
28 1100010|00001101|01100101001010101|0101|00|1 0x620d652aa9
29 1100010|00001101|01100100111101110|1011|00|1 0x620d64f759
2a 1100010|00010010|01011010101001000|0111|00|1 0x62125aa439
2b 1100111|00001000|01101001010001110|1111|00|1 0x6708694779
2c 1100111|00000010|01101001011101011|1100|00|1 0x67026975e1
2d 1100110|00001000|01011111101101101|1010|00|1 0x66085fb6d1
2e 1100110|00001000|01100000000111001|1010|00|1 0x6608601cd1
2f 1100110|00001000|01011111111101100|0111|00|1 0x66085ff639
30 0010111|01111010|01000010000110100|1100|00|1 0x177a421a61
31 0011110|01110001|01001100111010001|0111|00|1 0x1e714ce8b9
32 0010111|01100000|00111011001010001|1011|00|1 0x17603b28d9
33 0011001|01001100|01001010011110110|1110|00|1 0x194c4a7b71
34 0011000|01010001|00110111110001100|0101|00|1 0x185137c629
35 1100110|01000010|00100100000010001|0100|00|1 0x66422408a1
36 0011101|00011101|01001001001111110|0011|00|1 0x1d1d493f19
37 0011100|00011101|01000000000111101|1100|00|1 0x1c1d401ee1
38 0011000|00010010|00110111000100100|1011|00|1 0x1812371259
39 0010111|00010010|01000011110001011|1010|00|1 0x171243c5d1
3a 1100110|01000111|00100011011011110|0100|00|1 0x6647236f21
3b 1100010|00110111|00101010001001001|1101|00|1 0x62372a24e9
3c 1101000|00101101|00101011001000000|0010|00|1 0x682d2b2011
3d 1101000|00000010|00101110010110001|1100|00|1 0x68022e58e1
