BX = 000 Event : 0
00 1101001|011111101100|11100101110011|000|00|1 0x697ece5cc1
01 0000001|010011100010|10001001100110|110|00|1 0x014e2899b1
02 0001100|011111100011|11101010001010|111|00|1 0x0c7e3ea2b9
03 1111110|010011100100|10000000011011|011|00|1 0x7e4e4806d9
04 1100011|011111101110|11101100100101|111|00|1 0x637eeec979
05 0100101|010000001101|11011010000110|011|00|1 0x2540dda199
06 0001101|011111110011|11000000011110|111|00|1 0x0d7f3c07b9
07 0001010|011111110011|10011010001100|010|00|1 0x0a7f39a311
08 0001100|010000100110|10000001101001|000|00|1 0x0c42681a41
09 0110110|011010111001|11010101111100|111|00|1 0x366b9d5f39
0a 0001001|011011000011|10101111100001|001|00|1 0x096c3af849
0b 1111000|011011001000|10110001110001|111|00|1 0x786c8b1c79
0c 1101001|011011001101|10010110001011|001|00|1 0x696cd962c9
0d 1100111|011011001101|10110010001001|001|00|1 0x676cdb2249
0e 0101101|011010111001|10100000100110|110|00|1 0x2d6b9a09b1
0f 0001100|011011000101|01111101001101|110|00|1 0x0c6c57d371
10 1111110|010000101001|10000000001110|000|00|1 0x7e42980381
11 1111011|010000101001|10001111110001|000|00|1 0x7b4298fc41
12 0101011|010000011011|10011110010111|001|00|1 0x2b41b9e5c9
13 1101010|010111000111|10011100010001|001|00|1 0x6a5c79c449
14 1101010|010111000111|10011101101111|111|00|1 0x6a5c79dbf9
15 0010011|010000100011|11010101100100|011|00|1 0x13423d5919
16 1110100|010000101100|10001111111001|101|00|1 0x7442c8fe69
17 1110101|010011010100|11100010001001|001|00|1 0x754d4e2249
18 1100011|010011011010|11011010011100|001|00|1 0x634dada709
19 1101100|001110010101|11010110010111|001|00|1 0x6c395d65c9
1a 0000010|001110000110|11100011101010|010|00|1 0x02386e3a91
1b 0011101|001110001100|10111000111000|010|00|1 0x1d38cb8e11
1c 0011000|001110010000|11000100000001|110|00|1 0x18390c4071
1d 0101111|001011110100|10111000111110|000|00|1 0x2f2f4b8f81
1e 1101101|001100011001|10011111100001|000|00|1 0x6d3199f841
1f 0101110|001011110100|10100101000010|010|00|1 0x2e2f4a5091
20 0000100|001100010000|10000000000001|110|00|1 0x0431080071
21 0000001|001100010000|11000101010010|010|00|1 0x01310c5491
22 1111011|001100010101|01111111011010|010|00|1 0x7b3157f691
23 0101010|001011110110|10111001100110|101|00|1 0x2a2f6b99a9
24 1110111|001100010101|10111111001011|101|00|1 0x77315bf2e9
25 1110011|001010001011|11011111000110|001|00|1 0x7328bdf189
26 0110010|001001111110|11001001111010|001|00|1 0x3227ec9e89
27 1110111|001010100010|11011011100100|111|00|1 0x772a2db939
28 0001000|001010010100|10111011001101|110|00|1 0x08294bb371
29 0000100|001010011010|11011010110011|010|00|1 0x0429adacd1
2a 1110101|001010011110|10100110111010|011|00|1 0x7529ea6e99
2b 0000011|001000100000|11010101000001|000|00|1 0x03220d5041
2c 0001010|001000011010|11011010101010|011|00|1 0x0a21adaa99
2d 0001110|001000101110|11010110001101|000|00|1 0x0e22ed6341
2e 0011000|001000100111|11001000010010|111|00|1 0x18227c84b9
2f 1111010|001000111000|11001011011010|001|00|1 0x7a238cb689
30 0001000|001000101111|10111001101001|010|00|1 0x0822fb9a51
31 1101111|001000111101|10110000010011|010|00|1 0x6f23db04d1
32 1110111|000111011100|11100000000011|011|00|1 0x771dce00d9
33 0010011|000111100011|10000101010111|111|00|1 0x131e3855f9
34 0101111|000111000100|10011000010100|110|00|1 0x2f1c498531
35 0000111|000101110110|11011100111001|111|00|1 0x07176dce79
36 0000110|000110011001|11010100101111|001|00|1 0x06199d4bc9
37 0001000|000110011001|01111101110011|010|00|1 0x081997dcd1
38 1111101|000110011100|10100110010010|110|00|1 0x7d19ca64b1
39 0100011|000100101101|10010111111011|111|00|1 0x2312d97ef9
3a 0100111|000100101011|10001011100000|101|00|1 0x2712b8b829
3b 0100101|000100101101|10001010101111|011|00|1 0x2512d8abd9
3c 010101100110|1011011|01111000000011|000|10|1 0x2b35b780c5
3d 010101010101|1011011|10011001001001|000|10|1 0x2aadb99245
3e 010101010100|1011011|10001101011001|000|10|1 0x2aa5b8d645
3f 010100011100|1011011|10001100110000|000|10|1 0x28e5b8cc05
40 010011101111|0100100|11000101110100|111|10|1 0x277a4c5d3d
41 010011101111|0010010|10000110100001|000|10|1 0x2779286845
42 010011101111|0010010|10000110111111|110|10|1 0x2779286ff5
43 011010111100|1101110|10101000000010|001|01|1 0x35e6ea808b
44 011011011011|1101110|10011011000010|101|01|1 0x36dee9b0ab
45 011001111110|0100100|11001001010111|000|01|1 0x33f24c95c3
46 011001111000|0100100|11001001011100|011|01|1 0x33c24c971b
47 010110101010|1101110|11001000000001|001|01|1 0x2d56ec804b
48 010101101011|1101110|11011110001010|011|01|1 0x2b5eede29b
49 010111011000|1011100|10101001001010|000|01|1 0x2ec5ca9283
4a 010101100101|1011100|10001100100011|000|01|1 0x2b2dc8c8c3
4b 010110011001|1011100|10001110010000|010|01|1 0x2ccdc8e413
4c 010101111010|1011100|10110011011100|110|01|1 0x2bd5cb3733
