BX = 000 Event : 0
00 1101101|010000010110|11000100100111|110|00|1 0x6d416c49f1
01 0010110|001111101011|10001100010011|000|00|1 0x163eb8c4c1
02 0101000|001110000111|10100010101111|010|00|1 0x28387a2bd1
03 0100011|011111001100|10010101101000|011|00|1 0x237cc95a19
04 1101111|001110100101|10001001000000|000|00|1 0x6f3a589001
05 0010111|001101111111|10010101011011|110|00|1 0x1737f956f1
06 1110111|011100110100|11000110001011|000|00|1 0x77734c62c1
07 1111110|001100101110|11010001000011|101|00|1 0x7e32ed10e9
08 1101101|001101000010|11000101010111|011|00|1 0x6d342c55d9
09 0001010|001101000000|10011001111000|111|00|1 0x0a34099e39
0a 0011111|001100101010|10011110011011|010|00|1 0x1f32a9e6d1
0b 1111100|001100110010|01110110010110|001|00|1 0x7c33276589
0c 0010001|011010010000|10100110000101|011|00|1 0x11690a6159
0d 0011101|011001111000|10001110011010|010|00|1 0x1d6788e691
0e 0001011|001011000001|01110011111110|110|00|1 0x0b2c173fb1
0f 0011111|001010101101|10010000001011|011|00|1 0x1f2ad902d9
10 0000111|010111101010|01110100110111|011|00|1 0x075ea74dd9
11 1111101|010111101111|01111111111000|101|00|1 0x7d5ef7fe29
12 1111011|010111110001|01111111111000|101|00|1 0x7b5f17fe29
13 0010000|001001111110|10110110110100|010|00|1 0x1027eb6d11
14 1101110|010101101011|11000101000100|001|00|1 0x6e56bc5109
15 011101001011|1101110|10100011100000|111|01|1 0x3a5eea383b
16 0101110|010101011000|10100000011001|111|00|1 0x2e558a0679
17 1111010|010101110111|10010110101010|010|00|1 0x7a57796a91
18 1110010|010101101001|10010111000000|010|00|1 0x7256997011
19 1100111|010011101011|11001000011101|110|00|1 0x674ebc8771
1a 0101001|010011010111|10110001101100|011|00|1 0x294d7b1b19
1b 1111110|010011011110|01110110100111|101|00|1 0x7e4de769e9
1c 011001011111|1101110|11010000100100|110|01|1 0x32feed0933
1d 011000111100|1011011|10111101100001|001|01|1 0x31e5bbd84b
1e 1101110|010010001010|11000011100011|000|00|1 0x6e48ac38c1
1f 0011011|010001011001|11001011001111|010|00|1 0x1b459cb3d1
