BX = 000 Event : 0
00 1001110|000010111001|00111101111000|000|00|1 0x4e0b93de01
01 1010010|000011001101|10000100110010|000|00|1 0x520cd84c81
02 1010010|000010111100|10000001011111|111|00|1 0x520bc817f9
03 1001100|000011000011|01100011101100|111|00|1 0x4c0c363b39
04 1010000|000100000010|00101100001101|001|00|1 0x501022c349
05 1001100|000010110111|01011001100110|010|00|1 0x4c0b759991
06 1001110|000010111100|00111101001101|011|00|1 0x4e0bc3d359
07 1001100|000011010000|01000110111111|101|00|1 0x4c0d046fe9
08 010111111000|0010001|00101101110110|000|10|1 0x2fc112dd85
09 010110110000|0010001|01010011000111|110|10|1 0x2d811531f5
0a 010110011110|0010001|01010111100010|010|10|1 0x2cf1157895
0b 1010101|000010000001|00111110000111|000|00|1 0x550813e1c1
0c 1010100|000010101001|01011111110101|000|00|1 0x540a95fd41
0d 1010011|000001110100|01011000001101|111|00|1 0x5307458379
0e 1010011|000010011100|01001110000111|111|00|1 0x5309c4e1f9
0f 1010100|000010011100|01011111111111|011|00|1 0x5409c5ffd9
10 1010011|000010110011|01011001001101|011|00|1 0x530b359359
11 1010101|000010111010|00111110101010|011|00|1 0x550ba3ea99
12 1001100|000001101011|01001000011110|111|00|1 0x4c06b487b9
13 1010010|000000100111|10000110010100|010|00|1 0x5202786511
14 1001110|000001010110|01110001011110|101|00|1 0x4e056717a9
15 1010101|000000010000|00111111000110|001|00|1 0x550103f189
16 1011000|111111101101|00110000010100|101|00|1 0x58fed30529
17 1010010|111110011110|10000000110101|001|00|1 0x52f9e80d49
18 1001100|111110100001|01011100111000|111|00|1 0x4cfa15ce39
19 1001100|111110101011|01011101001110|111|00|1 0x4cfab5d3b9
1a 1010000|111110111101|01111111010010|111|00|1 0x50fbd7f4b9
1b 1010000|111110111111|01111111000100|010|00|1 0x50fbf7f111
1c 1001100|111110010111|01011101000000|011|00|1 0x4cf975d019
1d 1001100|111111001110|01001100110110|011|00|1 0x4cfce4cd99
1e 1010100|111111010011|10001000111011|011|00|1 0x54fd388ed9
1f 1001100|111111010011|01010001111101|101|00|1 0x4cfd351f69
20 1010101|111101111100|01101101101001|000|00|1 0x55f7c6da41
21 1010011|111101100011|01011001100110|111|00|1 0x53f63599b9
22 1010011|111101100101|01010111110000|111|00|1 0x53f6557c39
23 1010101|111101101100|01101111111001|001|00|1 0x55f6c6fe49
24 1010101|111110001000|01101100110100|111|00|1 0x55f886cd39
25 1010110|111101100011|01110010010111|110|00|1 0x56f63725f1
26 1010110|111101000101|00110101101111|101|00|1 0x56f4535be9
27 1010100|111101100011|01001001101010|101|00|1 0x54f6349aa9
28 1010100|111110000000|01011011110100|011|00|1 0x54f805bd19
29 1010100|111110000011|01011011110100|011|00|1 0x54f835bd19
2a 1010010|111101001011|00100110111001|000|00|1 0x52f4b26e41
2b 1001100|111100111001|01101001110100|111|00|1 0x4cf3969d39
2c 1001110|111100000101|01101010011000|010|00|1 0x4ef056a611
2d 1001111|111100011101|01110011101010|010|00|1 0x4ff1d73a91
2e 1010010|111100000111|00100010100000|101|00|1 0x52f0722829
2f 010110001100|0100100|00101011101001|110|10|1 0x2c6242ba75
30 1001111|111101001000|00110101011100|101|00|1 0x4ff4835729
31 011000001100|0100011|01011101111010|111|11|1 0x306235debf
32 010111100111|0100011|10000000011011|001|11|1 0x2f3a3806cf
33 011000000111|0010001|00110110111000|000|11|1 0x3039136e07
34 011000000101|0010001|01011101110011|111|11|1 0x302915dcff
35 010111111011|0010001|00110000000010|010|11|1 0x2fd9130097
36 010011110101|1101110|01000110100111|001|10|1 0x27aee469cd
37 010011110111|1101110|01011110101000|001|10|1 0x27bee5ea0d
38 010100111110|1011100|00101010111101|111|10|1 0x29f5c2af7d
39 010101101011|1011100|00101010110010|110|10|1 0x2b5dc2acb5
3a 010011111011|0100100|01000000100001|001|10|1 0x27da44084d
3b 010001111010|0100100|01100011010001|001|10|1 0x23d246344d
3c 010011100001|0100100|01000111011100|110|10|1 0x270a447735
3d 010011000100|0010001|00101010011010|001|10|1 0x262112a68d
3e 010011001010|0010001|00101000010101|010|10|1 0x2651128555
3f 010001110001|0010001|00101110010000|110|10|1 0x238912e435
40 011001100111|0010001|01000011101001|001|01|1 0x3339143a4b
41 011000010111|0010001|01001111110010|101|01|1 0x30b914fcab
42 011001000011|0100011|00100111111101|101|01|1 0x321a327f6b
43 010101011001|1101110|01100110011011|011|01|1 0x2acee666db
44 010101010010|1011100|01001110101001|010|01|1 0x2a95c4ea53
45 010100001011|0100011|01101111010110|001|01|1 0x285a36f58b
46 010101111000|0100011|01001101101011|010|01|1 0x2bc234dad3
47 010101010000|0100011|01101000001010|010|01|1 0x2a82368293
48 010100001011|0100011|01101111110111|110|01|1 0x285a36fdf3
49 010101111000|0100011|01010001011100|101|01|1 0x2bc235172b
4a 010010111101|1101110|00101101001110|111|01|1 0x25eee2d3bb
4b 010010000010|1101110|00111100000101|101|01|1 0x2416e3c16b
4c 010001001101|0010001|01000000001110|000|01|1 0x2269140383
4d 010000010010|0010001|01001010010101|111|01|1 0x209114a57b
4e 010001000010|0010001|01110010010100|010|01|1 0x2211172513
4f 010001010010|0100011|01000000001000|000|01|1 0x2292340203
50 001111111000|0100011|00100000001001|110|01|1 0x1fc2320273
51 001101111110|1101110|01111001001011|000|01|1 0x1bf6e792c3
52 001101110100|1101110|01011001111001|000|01|1 0x1ba6e59e43
53 001101000010|1101110|01101101100000|000|01|1 0x1a16e6d803
54 001101000101|1101110|10010110110101|000|01|1 0x1a2ee96d43
55 001101100101|1101110|01101011101011|111|01|1 0x1b2ee6bafb
56 001110010010|1101110|01110000101011|110|01|1 0x1c96e70af3
57 001110001110|1101110|10000010110100|110|01|1 0x1c76e82d33
58 001110010011|1101110|10011001111001|110|01|1 0x1c9ee99e73
59 001101111110|1101110|01101011011001|010|01|1 0x1bf6e6b653
5a 001101011011|1101110|01100111100010|110|01|1 0x1adee678b3
5b 001101010111|1101110|01001010010010|010|01|1 0x1abee4a493
5c 001111001001|1011100|01000111001110|001|01|1 0x1e4dc4738b
5d 001110100110|1011100|00100100100100|111|01|1 0x1d35c2493b
5e 001101010111|1011100|00110111001000|001|01|1 0x1abdc3720b
5f 001110010011|1011100|01001001111001|010|01|1 0x1c9dc49e53
60 001100111111|1011100|01010001111010|010|01|1 0x19fdc51e93
