BX = 000 Event : 0
00 0101000|011111011010|01000111111101|000|00|1 0x287da47f41
01 0010101|011111011111|00111110010001|000|00|1 0x157df3e441
02 1111101|011111100110|01101000001111|000|00|1 0x7d7e6683c1
03 1101111|011111101010|00111010110001|000|00|1 0x6f7ea3ac41
04 0100001|011111011100|00110001111011|001|00|1 0x217dc31ec9
05 0010111|011111011111|01110000010000|111|00|1 0x177df70439
06 1101111|011111101010|01101110000100|001|00|1 0x6f7ea6e109
07 1101011|011111101100|01111100000011|111|00|1 0x6b7ec7c0f9
08 0011001|011111011111|01110000101011|010|00|1 0x197df70ad1
09 1111001|011111101000|01101110110010|110|00|1 0x797e86ecb1
0a 1100000|011111101111|01100011100110|010|00|1 0x607ef63991
0b 0100011|001101110100|00111100011011|101|00|1 0x233743c6e9
0c 1110110|001011111111|01000111010001|010|00|1 0x762ff47451
0d 0010011|001011101111|01101010011001|011|00|1 0x132ef6a659
0e 0011110|011111101111|00011101000101|110|00|1 0x1e7ef1d171
0f 0000011|011111110110|00100011011011|110|00|1 0x037f6236f1
10 0100010|011010101101|00101010101000|001|00|1 0x226ad2aa09
11 0000000|011010110110|01101010011101|001|00|1 0x006b66a749
12 1111000|011010111000|01000101110110|111|00|1 0x786b845db9
13 1100111|011010111100|01000101001111|111|00|1 0x676bc453f9
14 0000110|011010110101|01111010100100|010|00|1 0x066b57a911
15 0010001|001011110001|01110110001111|011|00|1 0x112f1763d9
16 1101100|001010010010|00100010100011|000|00|1 0x6c292228c1
17 1110111|001010000111|01011100010001|011|00|1 0x772875c459
18 1110011|001010100010|00100011100101|000|00|1 0x732a223941
19 0011101|001000001101|01100111010100|111|00|1 0x1d20d67539
1a 1110000|001000101000|00101110111011|101|00|1 0x702282eee9
1b 0011101|001000100111|00101001110110|101|00|1 0x1d22729da9
1c 0001010|010110101101|01111000000001|001|00|1 0x0a5ad78049
1d 0000110|010110101111|00101001010110|111|00|1 0x065af295b9
1e 0010111|010110101010|00111011000110|110|00|1 0x175aa3b1b1
1f 0010101|010110101010|00111110111110|011|00|1 0x155aa3ef99
20 1101001|010110110110|01000010111101|011|00|1 0x695b642f59
21 0100011|000110110000|00111100111100|110|00|1 0x231b03cf31
22 0100100|000110110011|01111101001100|010|00|1 0x241b37d311
23 0010000|000111000011|00111000111100|010|00|1 0x101c338f11
24 0011000|000111011110|00100110000000|110|00|1 0x181de26031
25 1111000|000110000101|00101101000001|000|00|1 0x781852d041
26 1111111|000101111010|01010010111110|111|00|1 0x7f17a52fb9
27 1011100|010011011011|01000111111101|001|00|1 0x5c4db47f49
28 0011000|010011001011|01000000100000|110|00|1 0x184cb40831
29 1100101|010011011000|00111111101010|010|00|1 0x654d83fa91
2a 0000001|010011010001|01000111001110|101|00|1 0x014d1473a9
2b 1011100|010011011011|01010001110011|101|00|1 0x5c4db51ce9
2c 1011100|010011011011|01001011010001|101|00|1 0x5c4db4b469
2d 0100000|010000001110|00110111110110|001|00|1 0x2040e37d89
2e 0011001|010000010000|01101110010001|001|00|1 0x194106e449
2f 0000110|010000010110|00101000110111|111|00|1 0x0641628df9
30 0001001|010000010101|00101110000001|010|00|1 0x094152e051
31 1111110|010000010111|01001100011101|110|00|1 0x7e4174c771
32 1111110|010000010111|01001011011101|101|00|1 0x7e4174b769
33 1111000|000110000101|01111101110010|111|00|1 0x781857dcb9
34 0010000|010000100101|00101001000010|101|00|1 0x10425290a9
35 1110101|000110001001|01111101111111|001|00|1 0x751897dfc9
36 0010101|000101101010|01111001010000|110|00|1 0x1516a79431
37 0000010|000101111010|00111000101001|010|00|1 0x0217a38a51
38 1111010|000110000010|00101111110011|110|00|1 0x7a1822fcf1
39 0100001|000101111101|00011100001100|000|00|1 0x2117d1c301
3a 0110101|000101101010|00011010000111|101|00|1 0x3516a1a1e9
3b 0001001|000100100111|01110100001111|111|00|1 0x09127743f9
3c 1110111|000100111011|01111101000000|010|00|1 0x7713b7d011
3d 0000101|000100101011|01110111110111|101|00|1 0x0512b77de9
3e 0000001|000100101011|01010010111011|101|00|1 0x0112b52ee9
3f 010111111010|0100100|01110010110000|000|10|1 0x2fd2472c05
40 010110111101|0100100|01111000100100|000|10|1 0x2dea478905
41 010110101101|0100100|01100111001100|000|10|1 0x2d6a467305
42 010111101011|0100100|01101101100000|001|10|1 0x2f5a46d80d
43 010111110110|0100100|10000000110011|110|10|1 0x2fb2480cf5
44 010110101010|0100100|01110110110001|110|10|1 0x2d52476c75
45 011000000001|0010010|01010101100100|001|10|1 0x300925590d
46 010111011100|0010010|01001001111101|111|10|1 0x2ee1249f7d
47 010111000100|0010010|01010010100110|110|10|1 0x2e212529b5
48 010110100000|0010010|01011010110101|110|10|1 0x2d0125ad75
49 010100011101|1101110|01010111010111|000|10|1 0x28eee575c5
4a 010100100010|1101110|01000110100001|110|10|1 0x2916e46875
4b 010100000100|1101110|01011000001001|110|10|1 0x2826e58275
4c 010100011000|1011011|00100100110011|110|10|1 0x28c5b24cf5
4d 010011110111|1011011|00101001011100|010|10|1 0x27bdb29715
4e 011010011011|1011100|01011110011110|011|01|1 0x34ddc5e79b
4f 011011000000|1101110|00110001011110|000|01|1 0x3606e31783
50 011010110011|1101110|00111110110000|000|01|1 0x359ee3ec03
51 011010001010|1101110|00111110100110|101|01|1 0x3456e3e9ab
52 011001100100|0100100|10000010101101|111|01|1 0x3322482b7b
53 011001001111|0100100|10000100010100|001|01|1 0x327a48450b
54 011010000110|0010001|01011011001101|110|01|1 0x343115b373
55 011001011001|0010001|01011100111111|110|01|1 0x32c915cff3
56 011010001111|0010001|01000011100110|011|01|1 0x347914399b
57 011010000001|0010001|00111110101100|011|01|1 0x340913eb1b
58 011001110010|0010001|00111110111001|101|01|1 0x339113ee6b
59 011001110010|0010001|01011100011011|011|01|1 0x339115c6db
5a 010110011110|1011100|00101111001011|000|01|1 0x2cf5c2f2c3
5b 010110001101|1011100|01011100111111|011|01|1 0x2c6dc5cfdb
5c 010110101000|1101110|00101111010001|110|01|1 0x2d46e2f473
