BX = 000 Event : 1
0x00 0000100|0000001|01000011010101100|11111001|1101001000|000000001  0x020143567CE9001
0x01 0000100|0000010|01000100001000010|00001011|1101000010|000001000  0x0202442105E8408
0x02 0000100|0000100|01010001100001100|00010101|1110101001|000010010  0x020451860AF5212
0x03 0000100|0000111|01001001001011100|00000011|1100111110|111111100  0x0207492E01E7DFC
0x04 0000100|0001001|01111110101010010|01100111|0011110000|001001101  0x02097EA9339E04D
0x05 0000100|0001010|01111110001011010|01101101|0011101100|001010010  0x020A7E2D369D852
BX = 001 Event : 2
0x00 0000100|0000000|01000010111001000|00111110|1101011010|000101000  0x020042E41F6B428
0x01 0000100|0000001|01000011110101010|01010100|1101100010|000111110  0x020143D52A6C43E
0x02 0000100|0000100|01011101011001100|00010100|1111000100|000010000  0x02045D660A78810
0x03 0000100|0000101|01100011000101100|10010110|1111110010|110101011  0x020563164B7E5AB
0x04 0000100|0000110|01101111001010000|11001000|0001000001|111010011  0x02066F2864083D3
0x05 0000100|0000111|01000000101010000|10010001|1010011111|110110011  0x020740A848D3FB3
0x06 0000100|0001000|01100001000111010|10110111|1110011001|111010101  0x0208611D5BF33D5
0x07 0000100|0001001|01011101010100010|10110111|1101111011|111010101  0x02095D515BEF7D5
0x08 0000100|0001010|01101110001011100|10110010|0000011110|111001111  0x020A6E2E5903DCF
0x09 0000100|0001011|01101010001110010|10110010|1111111110|111001111  0x020B6A39597FDCF
BX = 010 Event : 3
0x00 0000100|0000001|01100011000100010|11011000|1111111001|111011101  0x020163116C7F3DD
0x01 0000100|0000010|01011010110000100|00011000|1110111000|000011011  0x02025AC20C7701B
0x02 0000100|0000011|01100001000111110|10101101|0000000010|111000000  0x0203611F56805C0
0x03 0000100|0000101|01011101100110100|00100000|1110010100|000011111  0x02055D9A107281F
0x04 0000100|0000110|01111001100010010|11111100|0001101101|111111000  0x020679897E0DBF8
0x05 0000100|0000111|01011101110100010|00001101|1110010110|000001000  0x02075DD106F2C08
BX = 011 Event : 4
0x00 0000100|0000001|01001001100010010|11010011|1110001101|111100011  0x0201498969F1BE3
0x01 0000100|0000010|01001110111100000|11100011|1110110111|111110010  0x02024EF071F6FF2
0x02 0000100|0000011|01000111011001110|11100011|1101111101|111110011  0x0203476771EFBF3
0x03 0000100|0000100|01010110101111110|11110001|1111110011|000000000  0x020456BF78FE600
0x04 0000100|0001010|01001111110101100|10100101|1110111000|110111100  0x020A4FD652F71BC
0x05 0000100|0001011|01011010011101110|11110010|0000010000|000000001  0x020B5A777902001
0x06 0000100|0001111|01011101010100000|00000010|1111101001|000000111  0x020F5D50017D207
0x07 0000100|0010001|01010111011101010|11101010|1101100010|111101101  0x02115775756C5ED
0x08 0000100|0010010|01111001001101000|00011110|0001101010|000001110  0x021279340F0D40E
0x09 0000100|0010011|01101000110110110|00110101|1111101011|000100100  0x021368DB1AFD624
BX = 100 Event : 5
0x00 0000100|0000101|01001100001000100|11101011|1101010010|111110010  0x02054C2275EA5F2
0x01 0000100|0000110|01000101110111000|01101000|1100100111|001010001  0x020645DC3464E51
0x02 0000100|0000111|01011001011100010|11111110|1110111000|000001001  0x020759717F77009
0x03 0000100|0001000|01011001011100010|11111001|1110111000|000000011  0x020859717CF7003
0x04 0000100|0001001|01011001110111000|11100100|1110111100|111101011  0x020959DC72779EB
0x05 0000100|0001010|01111011010001010|00001101|0001101111|000000110  0x020A7B45068DE06
BX = 101 Event : 6
0x00 0000100|0000000|01000001111001000|10100100|1011111110|110111110  0x020041E4525FDBE
0x01 0000100|0000001|01000001110111110|10100100|1011111110|110111110  0x020141DF525FDBE
0x02 0000100|0000010|01111010001010000|01001100|0011000001|000111010  0x02027A28261823A
0x03 0000100|0000011|01110000000011110|01000101|0001011110|000110001  0x0203700F228BC31
0x04 0000100|0000100|01101101110010010|00110001|0001001000|000011001  0x02046DC91889019
BX = 110 Event : 7
0x00 0000100|0000100|01010010111000000|10100111|1110101100|110111001  0x020452E053F59B9
0x01 0000100|0000101|01010000011011000|10100000|1110110000|110110100  0x0205506C50761B4
0x02 0000100|0000110|01011101010110000|10110000|0000010111|111000101  0x02065D585802FC5
0x03 0000100|0000111|01110001011010010|10110011|0010110110|111001000  0x020771695996DC8
0x04 0000100|0001000|01110001100000110|10110101|0010110111|111001001  0x020871835A96FC9
0x05 0000100|0001100|01111100110010100|00000111|0011000011|000000010  0x020C7CCA0398602
0x06 0000100|0001101|01000001000100000|11111101|1010101101|000000000  0x020D41107ED5A00
BX = 111 Event : 8
0x00 0000100|0000010|01101101000000010|01110000|0001011011|001001101  0x02026D01380B64D
0x01 0000100|0000100|01010001101100100|11101111|1100111101|111110010  0x020451B277E7BF2
0x02 0000100|0000111|01111100001010110|11111100|0001110110|111111011  0x02077C2B7E0EDFB
BX = 000 Event : 9
0x00 0000100|0000010|01010010010011010|00010011|1111001011|000010110  0x0202524D09F9616
0x01 0000100|0000011|01010111010110000|00010011|1111110010|000010110  0x0203575809FE416
0x02 0000100|0000101|01000001000111110|01001100|1011110010|000111101  0x0205411F265E43D
0x03 0000100|0000110|01010101011111000|00000010|1101110110|000000111  0x0206557C016EC07
0x04 0000100|0000111|01010011101110000|00000010|1101101000|000000111  0x020753B8016D007
0x05 0000100|0001000|01010100011101100|11101101|1101101100|111110000  0x0208547676ED9F0
0x06 0000100|0001001|01011111110000100|00100110|1111001010|000100001  0x02095FC21379421
0x07 0000100|0001010|01011111110000100|00100101|1111001010|000100000  0x020A5FC212F9420
0x08 0000100|0001100|01101101100011110|00001010|0000110001|000001100  0x020C6D8F050620C
0x09 0000100|0001101|01110000011100100|11101111|0001001100|111101100  0x020D707277899EC
0x0a 0000100|0001110|01110000011100100|11101110|0001001100|111101011  0x020E707277099EB
0x0b 0000100|0010010|01111101111001000|01100001|0011010111|001001110  0x02127DE4309AE4E
0x0c 0000100|0010100|01001000101011110|11110100|1100000000|111110111  0x021448AF7A601F7
0x0d 0000100|0010101|01000110111001100|11110100|1011110010|111110111  0x021546E67A5E5F7
0x0e 0000100|0010110|01100001110100100|00001111|1111000010|000010010  0x021661D207F8412
BX = 001 Event : 10
BX = 010 Event : 11
0x00 0000100|0000001|01010010000001000|10101111|1110100110|111001001  0x0201520457F4DC9
0x01 0000100|0000011|01010011100000110|11010000|1101101100|111010100  0x02035383686D9D4
0x02 0000100|0000100|01011100000000110|11011111|1110101110|111100010  0x02045C036FF5DE2
0x03 0000100|0000101|01011011000011110|10010101|1110110101|110110100  0x02055B0F4AF6BB4
0x04 0000100|0000110|01111001001001000|11010000|0010010000|111010100  0x0206792468121D4
0x05 0000100|0000111|01011110001101100|01011101|1110000101|000111101  0x02075E362EF0A3D
0x06 0000100|0001000|01010101010000010|01011100|1100110011|000111010  0x020855412E6663A
BX = 011 Event : 12
0x00 0000100|0000000|01011111011000100|00111111|0000000101|000101110  0x02005F621F80A2E
0x01 0000100|0000001|01100111010000000|00111101|0001001111|000101100  0x020167401E89E2C
0x02 0000100|0000010|01100010111101100|00110101|0000100111|000100010  0x020262F61A84E22
0x03 0000100|0000011|01101010000100000|00110001|0001101001|000011101  0x02036A10188D21D
0x04 0000100|0000110|01001011001101000|10011000|1101111111|110110000  0x02064B344C6FFB0
0x05 0000100|0000111|01001011001100010|10010100|1101111111|110101101  0x02074B314A6FFAD
0x06 0000100|0001000|01110110010011000|11000010|0011000010|111010000  0x0208764C61185D0
0x07 0000100|0001001|01010100011000100|11010000|1110000010|111100001  0x0209546268705E1
0x08 0000100|0001010|01010100110101000|00100100|1110010011|000011010  0x020A54D4127261A
0x09 0000100|0001011|01010101000010110|00001010|1110010101|111111100  0x020B550B0572BFC
0x0a 0000100|0001100|01111100110010010|10101110|0011001001|111001000  0x020C7CC957193C8
0x0b 0000100|0001101|01010100101000010|11010000|1110000100|111100000  0x020D54A168709E0
0x0c 0000100|0001110|01111111000011110|11101111|0010110110|111110010  0x020E7F0F7796DF2
0x0d 0000100|0010001|01001100011100010|01100011|1100010101|001001011  0x02114C7131E2A4B
0x0e 0000100|0010010|01100110010000100|00100011|1110110011|000010000  0x0212664211F6610
0x0f 0000100|0010011|01100000100101100|00101110|1110000101|000011011  0x021360961770A1B
BX = 100 Event : 13
0x00 0000100|0000001|01111101010011110|01001110|0011111010|000110100  0x02017D4F271F434
0x01 0000100|0000011|01010100000100000|11101010|1101101010|111110110  0x02035410756D5F6
0x02 0000100|0001010|01000101011000000|11101011|1011100011|111111000  0x020A456075DC7F8
0x03 0000100|0001011|01000111110010110|11010101|1011111001|111011101  0x020B47CB6ADF3DD
0x04 0000100|0001100|01011011100001100|00001010|1110010010|000010001  0x020C5B860572411
0x05 0000100|0001101|01111000010011010|10101111|0010000001|111001111  0x020D784D57903CF
BX = 101 Event : 14
0x00 0000100|0001001|01000000011001010|10001110|1100110100|110101011  0x0209406547669AB
0x01 0000100|0001010|01001110110001010|10111011|1110100111|111011000  0x020A4EC55DF4FD8
0x02 0000100|0001101|01010100110011110|00110000|1111011000|000011011  0x020D54CF187B01B
0x03 0000100|0001110|01100100111111100|10101000|0001010101|111001011  0x020E64FE540ABCB
0x04 0000100|0001111|01010010011100010|10011100|1110011010|110111100  0x020F52714E735BC
0x05 0000100|0010001|01010010110110010|10010100|1110011110|110110001  0x021152D94A73DB1
0x06 0000100|0010011|01100010100010010|10100101|0000011100|111000011  0x0213628952839C3
0x07 0000100|0010101|01100001000101000|10110000|0000010000|111001110  0x0215611458021CE
0x08 0000100|0010111|01101000001101010|10010000|0001110101|110101101  0x02176835480EBAD
0x09 0000100|0011000|01010001011011110|10101101|1110111101|111001010  0x0218516F56F7BCA
0x0a 0000100|0011001|01010101100000100|10100111|1111011110|111000100  0x0219558253FBDC4
0x0b 0000100|0011010|01010000011010000|10111010|1110110101|111010111  0x021A50685D76BD7
0x0c 0000100|0011011|01010011111000110|10001011|1110101001|110100111  0x021B53E345F53A7
0x0d 0000100|0011101|01100100110011110|10011101|0000110010|110111000  0x021D64CF4E865B8
0x0e 0000100|0011111|01100011000001000|10101001|0000100100|111000101  0x021F630454849C5
0x0f 0000100|0100010|01001100001000110|10111011|1101100111|111010010  0x02224C235DECFD2
0x10 0000100|0101000|01000111011110010|00100111|1100011100|000100011  0x0228477913E3823
0x11 0000100|0101001|01000111101001100|00101010|1100011110|000100110  0x022947A61563C26
0x12 0000100|0101010|01000111111110110|10010100|1100111101|110110100  0x022A47FB4A67BB4
0x13 0000100|0101011|01001100111111110|10011100|1101100100|110111011  0x022B4CFF4E6C9BB
0x14 0000100|0101101|01011011000011110|10101101|1111010010|111001100  0x022D5B0F56FA5CC
0x15 0000100|0101110|01011010011001100|10110110|1111001101|111010110  0x022E5A665B79BD6
0x16 0000100|0110000|01000001010011010|10000010|1011111100|110011110  0x0230414D415F99E
0x17 0000100|0110001|01000111100010000|10001100|1100101101|110101000  0x023147884665BA8
0x18 0000100|0110010|01010110110100010|10011110|1110101001|110111010  0x023256D14F753BA
0x19 0000100|0110011|01010110100010000|10101010|1110100110|111000110  0x023356885574DC6
0x1a 0000100|0110100|01000010011101100|10010100|1011100000|110101011  0x023442764A5C1AB
0x1b 0000100|0110101|01010001110100000|10100100|1101101101|110110101  0x023551D0526DBB5
0x1c 0000100|0110110|01101010000001100|10100101|0000101001|110110110  0x02366A0652853B6
0x1d 0000100|0110111|01101010100010010|10101000|0000101101|110111001  0x02376A895405BB9
0x1e 0000100|0111000|01001101111110100|11010000|1101010000|111100000  0x02384DFA686A1E0
0x1f 0000100|0111001|01101100110100110|11100001|0000111111|111110001  0x02396CD37087FF1
0x20 0000100|0111010|01101110101100110|11011001|0001010001|111100110  0x023A6EB36C8A3E6
0x21 0000100|0111011|01001000011101000|10111010|1100001111|111010001  0x023B48745D61FD1
0x22 0000100|0111100|01001000011010010|10111010|1100001111|111010010  0x023C48695D61FD2
0x23 0000100|0111101|01100011010010000|11000001|1111101000|111011000  0x023D634860FD1D8
0x24 0000100|0111110|01100100000101110|11000100|1111101110|111011011  0x023E6417627DDDB
0x25 0000100|0111111|01010010000110000|10110010|1101101011|111001000  0x023F5218596D7C8
0x26 0000100|1000000|01001111010010100|10110101|1101010100|111001010  0x02404F4A5AEA9CA
0x27 0000100|1000001|01101110000011010|10111010|0001010000|111010000  0x02416E0D5D0A1D0
0x28 0000100|1000010|01101110100101110|10111110|0001010101|111010011  0x02426E975F0ABD3
0x29 0000100|1000100|01010000011000010|10111110|1100110011|111000111  0x024450615F667C7
0x2a 0000100|1000101|01000110101101010|00000000|1011101001|000001000  0x024546B5005D208
0x2b 0000100|1000110|01000111011001000|00000001|1011101110|000001001  0x0246476400DDC09
0x2c 0000100|1000111|01011101100100000|11111001|1110011010|000000001  0x02475D907CF3401
0x2d 0000100|1001001|01110010001000000|10101000|0000011111|111000101  0x024972205403FC5
0x2e 0000100|1001010|01110000011101010|10111011|0000010010|111011000  0x024A70755D825D8
0x2f 0000100|1001011|01111101101010100|10100111|0010010001|111000100  0x024B7DAA53923C4
BX = 110 Event : 15
0x00 0000100|0000001|01000100111110000|00111101|1100010111|000110001  0x020144F81EE2E31
0x01 0000100|0000010|01100001001010010|11010111|1111100101|111100010  0x020261296BFCBE2
0x02 0000100|0000011|01010100110101100|11111101|1110000101|000001000  0x020354D67EF0A08
0x03 0000100|0000100|01101111111110000|11001010|0001010110|111010101  0x02046FF8650ADD5
0x04 0000100|0000101|01011111011001010|11010000|1111010101|111011011  0x02055F65687ABDB
0x05 0000100|0000110|01010001000101010|11110010|1101101001|111110010  0x02065115796D3F2
0x06 0000100|0000111|01001001100011110|10001111|1100000111|110110011  0x0207498F47E0FB3
0x07 0000100|0001000|01010000111010010|10010010|1101000000|110110110  0x020850E949681B6
0x08 0000100|0001001|01001101010110000|10110000|1100011100|111001000  0x02094D5858639C8
0x09 0000100|0001010|01010011000000100|10100111|1101010100|110111100  0x020A530253EA9BC
BX = 111 Event : 16
BX = 000 Event : 17
0x00 0000100|0000000|01010001110001000|01010101|1111001011|000111110  0x020051C42AF963E
0x01 0000100|0000001|01010100001100000|01010101|1111011111|000111110  0x020154302AFBE3E
0x02 0000100|0001000|01000110001011100|11101111|1100100000|111110100  0x0208462E77E41F4
0x03 0000100|0001001|01001011000011000|11010101|1100110110|111011101  0x02094B0C6AE6DDD
0x04 0000100|0001010|01011111010110100|10101100|1111110111|111000110  0x020A5F5A567EFC6
0x05 0000100|0001011|01001100101100010|10101010|1101000100|111000100  0x020B4CB155689C4
0x06 0000100|0001100|01100011101011000|00000000|1110111110|000000000  0x020C63AC0077C00
BX = 001 Event : 18
0x00 0000100|0000001|01001011001001010|11010111|1101110110|111011100  0x02014B256BEEDDC
0x01 0000100|0000010|01001011000111110|11011001|1101110110|111011110  0x02024B1F6CEEDDE
0x02 0000100|0000101|01000001000010110|11010000|1100010100|111010100  0x0205410B68629D4
0x03 0000100|0000110|01000001100001010|11010011|1100011000|111010111  0x0206418569E31D7
0x04 0000100|0000111|01001110101100110|00100011|1110011000|000010000  0x02074EB311F3010
0x05 0000100|0001111|01011100001010100|00110111|1111010010|000101110  0x020F5C2A1BFA42E
0x06 0000100|0010000|01000111100001110|00100110|1100010011|000011010  0x02104787136261A
0x07 0000100|0010001|01011000000000110|00110011|1110010010|000100111  0x0211580319F2427
0x08 0000100|0010010|01001111011101100|00110110|1101010000|000101010  0x02124F761B6A02A
0x09 0000100|0010011|01001111100110100|00011101|1101011101|000010000  0x02134F9A0EEBA10
0x0a 0000100|0010100|01011110111110000|00101010|1111010100|000011101  0x02145EF8157A81D
0x0b 0000100|0010101|01010110110000000|00101110|1110010100|000100000  0x021556C01772820
0x0c 0000100|0010110|01010011101010010|00011100|1110000011|000001111  0x021653A90E7060F
0x0d 0000100|0010111|01100010110001010|00101001|1111111000|000011011  0x021762C514FF01B
0x0e 0000100|0011000|01011010100011100|00101100|1110111000|000011111  0x02185A8E167701F
0x0f 0000100|0011001|01111010101111110|11100001|0010101011|111100110  0x02197ABF70957E6
0x10 0000100|0011101|01000111101011010|00101011|1011111010|000011110  0x021D47AD15DF41E
0x11 0000100|0011110|01101011111100010|00101010|0000010010|000011101  0x021E6BF1150241D
0x12 0000100|0011111|01101001101110100|10001000|1111011110|110101001  0x021F69BA447BDA9
BX = 010 Event : 19
0x00 0000100|0000000|01001001111111010|00100011|1110000011|000100001  0x020049FD11F0621
0x01 0000100|0000111|01011001100101000|11011000|1110111011|111011101  0x020759946C777DD
0x02 0000100|0001001|01000010101111110|11001111|1011100110|111010011  0x020942BF67DCDD3
0x03 0000100|0001010|01101011000110100|00000010|0000011101|000000100  0x020A6B1A0103A04
0x04 0000100|0001110|01001111001001000|11101101|1100010110|111101011  0x020E4F2476E2DEB
BX = 011 Event : 20
0x00 0000100|0000001|01010001110110000|11000100|1110111001|111001110  0x020151D862773CE
0x01 0000100|0000010|01110001100100110|11100010|0011000100|111100001  0x0202719371189E1
0x02 0000100|0000011|01100010100101010|01011000|0000110110|000111110  0x020362952C06C3E
0x03 0000100|0000100|01000101000010000|10110110|1100001100|111000110  0x020445085B619C6
0x04 0000100|0000111|01011010101001100|10110001|1111010101|110111111  0x02075AA658FABBF
0x05 0000100|0001000|01001000111011010|01101111|1100111010|001000111  0x020848ED37E7447
0x06 0000100|0001010|01000111110100000|11000110|1100100110|111011000  0x020A47D06364DD8
0x07 0000100|0001011|01010111100111010|10101100|1110011011|110111100  0x020B579D56737BC
0x08 0000100|0001100|01001101010110100|10101001|1100111100|110111001  0x020C4D5A54E79B9
0x09 0000100|0001101|01010100010000000|10100001|1110001010|110110011  0x020D544050F15B3
0x0a 0000100|0001110|01011111110010000|10111001|1111100111|111001010  0x020E5FC85CFCFCA
0x0b 0000100|0001111|01101001101110010|10101111|1111110111|111001001  0x020F69B957FEFC9
BX = 100 Event : 21
0x00 0000100|0000000|01000110100011010|11110010|1101101111|111110111  0x0200468D796DFF7
0x01 0000100|0000001|01001011101011110|11110001|1110010111|111110101  0x02014BAF78F2FF5
0x02 0000100|0000011|01010000111010100|00110100|1110110000|000101111  0x020350EA1A7602F
0x03 0000100|0000100|01011001010000010|00100101|0000000010|000011011  0x02045941128041B
0x04 0000100|0001000|01110011100111010|00100000|0001111100|000011001  0x0208739D100F819
0x05 0000100|0001001|01111010110010000|00011001|0010111111|000010010  0x02097AC80C97E12
0x06 0000100|0001010|01111001110010110|00010001|0010110110|000001000  0x020A79CB0896C08
0x07 0000100|0001011|01111000011101100|00010000|0010101010|000000111  0x020B78760815407
0x08 0000100|0001111|01001001101010000|00011100|1011110010|000010101  0x020F49A80E5E415
0x09 0000100|0010000|01010011101101100|00000011|1100111111|111111101  0x021053B601E7FFD
BX = 101 Event : 22
0x00 0000100|0000101|01110000000001000|11000010|0001100010|111001011  0x02057004610C5CB
BX = 110 Event : 23
0x00 0000100|0000001|01011101001111100|11101111|1111111110|111110111  0x02015D3E77FFDF7
0x01 0000100|0000010|01101011010010000|01011001|0010010011|000111010  0x02026B482C9263A
0x02 0000100|0000100|01000100111100010|01000111|1100000101|000110011  0x020444F123E0A33
0x03 0000100|0001000|01111010011100100|00011011|0010100011|000011000  0x02087A720D94618
0x04 0000100|0001001|01111101000011000|00011100|0010110111|000011001  0x02097D0C0E16E19
0x05 0000100|0001010|01111101101000000|11111100|0011000000|111110100  0x020A7DA07E181F4
0x06 0000100|0001111|01111000000101110|10100111|0001011110|110111001  0x020F7817538BDB9
0x07 0000100|0010000|01100010101011110|00010101|1110100110|000000101  0x021062AF0AF4C05
0x08 0000100|0010001|01100010001110000|00010110|1110100010|000000110  0x021162380B74406
0x09 0000100|0010010|01110000100101000|01000111|0000010010|000110110  0x021270942382436
BX = 111 Event : 24
0x00 0000100|0000001|01000000001001010|01101011|1100110110|001001011  0x0201402535E6C4B
0x01 0000100|0000010|01000000001110000|01101011|1100110111|001001011  0x0202403835E6E4B
0x02 0000100|0000011|01000110101110100|11111111|1101000110|000000010  0x020346BA7FE8C02
0x03 0000100|0000100|01011101011100110|01111011|0000011101|001011011  0x02045D733D83A5B
BX = 000 Event : 25
0x00 0000100|0000011|01110000100010000|11111000|0010100101|000000101  0x020370887C14A05
0x01 0000100|0000100|01110000100010000|11110101|0010100101|000000010  0x020470887A94A02
0x02 0000100|0000101|01110000100010000|11110101|0010100101|000000010  0x020570887A94A02
0x03 0000100|0000110|01101010010001010|11011110|0001101010|111100111  0x02066A456F0D5E7
0x04 0000100|0001001|01111001011011010|01100010|0010011111|000111110  0x0209796D3113E3E
BX = 001 Event : 26
0x00 0000100|0000100|01000111000001100|10111010|1101010110|111011001  0x020447065D6ADD9
0x01 0000100|0000101|01010000000000010|11011001|1110100000|111100100  0x020550016CF41E4
0x02 0000100|0000110|01011010100111010|00100011|1111101100|000100010  0x02065A9D11FD822
0x03 0000100|0000111|01011111101100110|00100101|0000010100|000100100  0x02075FB31282824
0x04 0000100|0001000|01101011011111010|00010100|0010001010|000010000  0x02086B7D0A11410
0x05 0000100|0001001|01110000011010110|00010110|0010110000|000010010  0x0209706B0B16012
0x06 0000100|0001111|01001011001000000|01000001|1101010001|000101011  0x020F4B2020EA22B
0x07 0000100|0010000|01000010011110000|01001011|1100001111|000110100  0x0210427825E1E34
0x08 0000100|0010010|01001011010000110|01000001|1101010011|000101011  0x02124B4320EA62B
0x09 0000100|0010011|01000000111000000|01001100|1011111111|000110110  0x021340E0265FE36
0x0a 0000100|0011110|01010010001011110|10110010|1101001011|111001100  0x021E522F59697CC
0x0b 0000100|0011111|01111001011110110|00100111|0001100011|000011111  0x021F797B138C61F
BX = 010 Event : 27
0x00 0000100|0000000|01111000000010110|11100001|0011110001|111101111  0x0200780B709E3EF
0x01 0000100|0000010|01111100101101110|11001000|0100011100|111010010  0x02027CB764239D2
0x02 0000100|0000011|01011000011001010|11000100|1111111111|111001100  0x02035865627FFCC
0x03 0000100|0000100|01011000100010100|11000110|0000000000|111001110  0x0204588A63001CE
0x04 0000100|0001011|01000001111110100|01111000|1011000110|001010111  0x020B41FA3C58C57
0x05 0000100|0001100|01110110000001110|11001101|0000111011|111011011  0x020C760766877DB
BX = 011 Event : 28
0x00 0000100|0000100|01010011101101110|11011111|1111001110|111100001  0x020453B76FF9DE1
0x01 0000100|0000101|01111111010000100|11000011|0100000101|111010011  0x02057F4261A0BD3
0x02 0000100|0000110|01111111010000100|10111110|0100000101|111001110  0x02067F425F20BCE
0x03 0000100|0001001|01001111010011010|10111000|1100011101|111010001  0x02094F4D5C63BD1
BX = 100 Event : 29
0x00 0000100|0000001|01100010110101110|01011000|0000101100|000111011  0x020162D72C0583B
0x01 0000100|0000011|01100010111010000|10101111|0000000100|111000011  0x020362E857809C3
0x02 0000100|0000111|01000001010110100|10110100|1010110101|111001010  0x0207415A5A56BCA
0x03 0000100|0001000|01000001110101110|10110101|1010111001|111001011  0x020841D75AD73CB
0x04 0000100|0001001|01001100001011100|10110011|1100011010|111001000  0x02094C2E59E35C8
0x05 0000100|0001010|01001010000011100|10110100|1100001001|111001001  0x020A4A0E5A613C9
BX = 101 Event : 30
0x00 0000100|0000001|01111101011011110|00000111|0010100101|000001011  0x02017D6F0394A0B
BX = 110 Event : 31
0x00 0000100|0000001|01011000101001110|00100000|1110110111|000100001  0x020158A71076E21
BX = 111 Event : 32
0x00 0000100|0000000|01111011000000010|11011011|0011011100|111101001  0x02007B016D9B9E9
BX = 000 Event : 33
0x00 0000100|0001100|01000001100000110|00110001|1100110110|000100100  0x020C418318E6C24
0x01 0000100|0010000|01101110000010010|11101111|0010100101|111101111  0x02106E097794BEF
0x02 0000100|0010001|01101110000010010|11101110|0010100101|111101111  0x02116E097714BEF
0x03 0000100|0010010|01010001101011010|01001100|1110101000|000111111  0x021251AD267503F
0x04 0000100|0010011|01011000010001000|01001010|1111100101|000111100  0x02135844257CA3C
0x05 0000100|0010100|01110100001011110|11010101|0001111011|111011101  0x0214742F6A8F7DD
BX = 001 Event : 34
0x00 0000100|0000001|01011101010011110|11011100|0000000100|111101001  0x02015D4F6E009E9
0x01 0000100|0000110|01100101110010000|10111010|1110111000|111001001  0x020665C85D771C9
0x02 0000100|0000111|01100100100010110|11010010|1110101111|111100000  0x0207648B6975FE0
0x03 0000100|0001000|01100101010101100|11010011|1110110101|111100010  0x0208655669F6BE2
0x04 0000100|0001001|01100111000110100|10110110|1111000101|111000100  0x0209671A5B78BC4
0x05 0000100|0001010|01100101110010000|11001110|1110111010|111011100  0x020A65C867775DC
0x06 0000100|0001011|01100110100101010|11010000|1111000001|111011101  0x020B669568783DD
0x07 0000100|0001100|01111000011001100|10111100|0001101010|111000111  0x020C78665E0D5C7
0x08 0000100|0001101|01111001001110010|10111110|0001110001|111001001  0x020D79395F0E3C9
BX = 010 Event : 35
0x00 0000100|0000001|01100100111101000|00010101|0001000001|000001110  0x020164F40A8820E
0x01 0000100|0000010|01101110000100000|00011100|0010000111|000010101  0x02026E100E10E15
0x02 0000100|0000011|01100010011101100|00111101|0000101101|000110101  0x020362761E85A35
0x03 0000100|0000100|01101110011000100|00010000|0010011101|000000000  0x02046E620813A00
0x04 0000100|0000101|01110000111111000|00010111|0010110001|000000111  0x020570FC0B96207
0x05 0000100|0000110|01110010000000010|00011000|0010100110|000010001  0x020672010C14C11
0x06 0000100|0000111|01000011000110000|00000111|1100001011|000000001  0x0207431803E1601
0x07 0000100|0001000|01001000011001010|00010011|1100110011|000001011  0x0208486509E660B
0x08 0000100|0001001|01010001011010000|00011010|1101111000|000010010  0x020951680D6F012
0x09 0000100|0001010|01001001001011110|01000000|1100111001|000110111  0x020A492F2067237
0x0a 0000100|0001011|01000110111110100|00000101|1100101110|111111110  0x020B46FA02E5DFE
0x0b 0000100|0001100|01001100001100110|00010001|1101010111|000001001  0x020C4C3308EAE09
0x0c 0000100|0001101|01010101011111010|00011000|1110011111|000010000  0x020D557D0C73E10
0x0d 0000100|0001110|01001101000000010|01000000|1101011101|000110111  0x020E4D01206BA37
0x0e 0000100|0010000|01001101111100010|11011100|1101000101|111100111  0x02104DF16E68BE7
0x0f 0000100|0010001|01010101010110010|00010110|1110010111|000001111  0x021155590B72E0F
0x10 0000100|0010010|01011000001010100|00101110|1110101101|000100110  0x0212582A1775A26
0x11 0000100|0010011|01011001100011000|00010101|1110111111|000001101  0x0213598C0AF7E0D
0x12 0000100|0010100|01011100101110000|00101101|1111010111|000100101  0x02145CB816FAE25
0x13 0000100|0010101|01111001111011110|01001100|0010111111|000111010  0x021579EF2617E3A
0x14 0000100|0010110|01100001101111110|01000101|1111010001|000110001  0x021661BF22FA231
0x15 0000100|0011001|01100001111101000|11110011|1111001001|111110001  0x021961F479F93F1
0x16 0000100|0011010|01010011111101000|11101000|1101000110|111100101  0x021A53F47468DE5
0x17 0000100|0011100|01000001101001100|00001110|1011000000|000001001  0x021C41A60758009
0x18 0000100|0011101|01000000111011110|00001010|1010111010|000000100  0x021D40EF0557404
0x19 0000100|0011110|01000111100010010|10111010|1011001000|111000101  0x021E47895D591C5
BX = 011 Event : 36
0x00 0000100|0000000|01001001101000010|01011100|1110001011|001000011  0x020049A12E71643
0x01 0000100|0000001|01001110010000010|01011010|1110110000|001000001  0x02014E412D76041
BX = 100 Event : 37
0x00 0000100|0000000|01001010100111000|11010010|1110001001|111011101  0x02004A9C69713DD
0x01 0000100|0000001|01000101011101010|00011110|1101101100|000010000  0x020145750F6D810
0x02 0000100|0000100|01000110010001110|10101101|1101101001|111000111  0x0204464756ED3C7
0x03 0000100|0000101|01001011000011110|10110001|1110001110|111001011  0x02054B0F58F1DCB
0x04 0000100|0000110|01001001111001000|10110110|1110000101|111010000  0x020649E45B70BD0
0x05 0000100|0000111|01011010101000010|00001101|0000010000|111111111  0x02075AA106821FF
0x06 0000100|0001000|01111100010001110|00100111|0100010011|000011000  0x02087C4713A2618
0x07 0000100|0001001|01011011110001010|01011010|1111101001|001000011  0x02095BC52D7D243
0x08 0000100|0001101|01000011111100100|01000001|1100000010|000100100  0x020D43F220E0424
0x09 0000100|0010010|01101101000000010|01110000|0001011011|001001101  0x02126D01380B64D
BX = 101 Event : 38
0x00 0000100|0000011|01111010111001010|11000110|0011111101|111001111  0x02037AE5631FBCF
0x01 0000100|0001011|01110010101100100|11100011|0010001001|111100110  0x020B72B271913E6
0x02 0000100|0001100|01110101110101000|10110001|0010010000|111000110  0x020C75D458921C6
0x03 0000100|0001101|01110101100111010|10110001|0010001110|111000110  0x020D759D5891DC6
0x04 0000100|0001110|01110101101110000|10110001|0010001111|111000110  0x020E75B85891FC6
0x05 0000100|0001111|01110101100011110|10110001|0010001110|111000110  0x020F758F5891DC6
0x06 0000100|0010000|01010100100110000|11010000|1110001001|111100101  0x0210549868713E5
0x07 0000100|0010001|01010101100001000|11010010|1110010000|111100110  0x0211558469721E6
0x08 0000100|0010100|01001100000000000|00110111|1100100010|000101001  0x02144C001BE4429
0x09 0000100|0010101|01000001000111100|01000110|1011010000|000110111  0x0215411E235A037
0x0a 0000100|0010110|01010100110100010|10101001|1101011010|111000000  0x021654D154EB5C0
0x0b 0000100|0010111|01011001100011000|10111100|1110000000|111010011  0x0217598C5E701D3
0x0c 0000100|0011000|01100000011000110|10111001|1110110111|111010000  0x021860635CF6FD0
BX = 110 Event : 39
0x00 0000100|0000000|01000011100101110|11111110|1101011000|000000100  0x020043977F6B004
0x01 0000100|0000010|01110101101100110|11101111|0010010111|111111101  0x020275B37792FFD
0x02 0000100|0000011|01100011000101100|10010110|1111110010|110101011  0x020363164B7E5AB
0x03 0000100|0000101|01000100000011100|10100010|1010110110|111001001  0x0205440E5156DC9
BX = 111 Event : 40
0x00 0000100|0000001|01011010001001000|01010101|0000001000|000111100  0x02015A242A8103C
0x01 0000100|0000101|01101111011010100|11100101|0001110100|111110011  0x02056F6A728E9F3
0x02 0000100|0000110|01110001100010000|11100111|0010000100|111110110  0x0206718873909F6
0x03 0000100|0000111|01100100010111100|11011100|0000001100|111101001  0x0207645E6E019E9
0x04 0000100|0001000|01100110011110100|11011111|0000011101|111101100  0x0208667A6F83BEC
0x05 0000100|0001001|01100100111001100|11011001|0000010001|111100101  0x020964E66C823E5
0x06 0000100|0001010|01100110001111110|11011000|0000011110|111100100  0x020A663F6C03DE4
0x07 0000100|0001011|01101000011011010|11011011|0000101111|111100111  0x020B686D6D85FE7
0x08 0000100|0001101|01100010000001000|11101010|1110100011|111110110  0x020D620475747F6
BX = 000 Event : 41
0x00 0000100|0000010|01111100001001100|10101001|0100100010|111001010  0x02027C2654A45CA
0x01 0000100|0000100|01001001110011000|00100110|1100010111|000010011  0x020449CC1362E13
0x02 0000100|0000101|01001001110011000|00100111|1100010111|000010100  0x020549CC13E2E14
0x03 0000100|0000110|01001010011101110|00101010|1100011100|000010111  0x02064A771563817
0x04 0000100|0000111|01000111000000110|00011110|1011111101|000001010  0x020747030F5FA0A
0x05 0000100|0001011|01010101101011010|11111101|1101010010|000000100  0x020B55AD7EEA404
0x06 0000100|0001100|01010111011101010|11101010|1101100010|111101101  0x020C5775756C5ED
BX = 001 Event : 42
0x00 0000100|0000011|01110001010100100|10011001|0010001101|110101110  0x020371524C91BAE
0x01 0000100|0000100|01110001011110100|10011010|0010001110|110110000  0x0204717A4D11DB0
0x02 0000100|0000101|01011000111101100|00111001|1110111100|000011101  0x020558F61CF781D
BX = 010 Event : 43
0x00 0000100|0000110|01000010000111000|10010111|1100111001|110101110  0x0206421C4BE73AE
0x01 0000100|0000111|01000000111010010|10011101|1100110000|110110100  0x020740E94EE61B4
0x02 0000100|0001000|01110110001010000|01010011|0011101011|000110010  0x02087628299D632
0x03 0000100|0001001|01111001011101100|01110010|0011010001|001010001  0x02097976391A251
0x04 0000100|0001100|01000000001000100|01001011|1011010011|000111000  0x020C402225DA638
0x05 0000100|0001101|01011001110011010|11011001|1111000001|111100111  0x020D59CD6CF83E7
0x06 0000100|0001110|01011001101111010|01110111|1110100100|001001010  0x020E59BD3BF484A
0x07 0000100|0001111|01011001100000010|10001011|1110101001|110110101  0x020F598145F53B5
0x08 0000100|0010000|01101110000011110|10010010|0001100010|110101101  0x02106E0F490C5AD
0x09 0000100|0010001|01101101100001000|10010010|0001011110|110101101  0x02116D84490BDAD
0x0a 0000100|0010011|01001001100110000|00100110|1100001100|000011000  0x021349981361818
0x0b 0000100|0010100|01000110100110010|01100101|1011000010|001010000  0x0214469932D8450
0x0c 0000100|0010101|01111101100010010|11101110|0010001001|111111100  0x02157D8977113FC
0x0d 0000100|0010110|01001001110111000|01000110|1011011100|000110001  0x021649DC235B831
BX = 011 Event : 44
0x00 0000100|0000000|01100111011101010|11011011|0001000100|111011100  0x020067756D889DC
0x01 0000100|0000010|01001001010100100|11011001|1011011111|111101011  0x020249526CDBFEB
0x02 0000100|0000011|01010110100100000|11011001|1101001001|111101011  0x020356906CE93EB
0x03 0000100|0000100|01110001111011000|11011010|0000101000|111101100  0x020471EC6D051EC
BX = 100 Event : 45
0x00 0000100|0000001|01001000010110100|01110101|1110000011|001011011  0x0201485A3AF065B
0x01 0000100|0000011|01010111100010010|01011011|1110110101|001001010  0x020357892DF6A4A
0x02 0000100|0000100|01010110100100110|00000111|1101011100|000001011  0x0204569303EB80B
0x03 0000100|0000101|01011011011010100|10001111|1110001101|110111011  0x02055B6A47F1BBB
0x04 0000100|0000110|01011011010111000|10001110|1110001100|110111010  0x02065B5C47719BA
BX = 101 Event : 46
0x00 0000100|0000001|01000011011100010|01010000|1100110001|000110010  0x020143712866232
0x01 0000100|0000010|01001001100011100|10101110|1110000010|111001000  0x0202498E57705C8
0x02 0000100|0000111|01001000110100100|10011000|1101111011|110101101  0x020748D24C6F7AD
0x03 0000100|0001000|01000110010110000|10111000|1101100111|111001101  0x020846585C6CFCD
0x04 0000100|0001010|01000101000110100|10110011|1101011011|111000110  0x020A451A59EB7C6
0x05 0000100|0001100|01000010010110000|00011011|1100101000|000001110  0x020C42580DE500E
0x06 0000100|0001101|01000101101101000|00010010|1101000010|000000101  0x020D45B40968405
0x07 0000100|0001110|01010000101111100|00110011|1110010111|000100101  0x020E50BE19F2E25
0x08 0000100|0001111|01000011011001100|01010000|1100110000|000110011  0x020F43662866033
0x09 0000100|0010000|01010001000110000|01111100|1110011110|001100000  0x021051183E73C60
0x0a 0000100|0010011|01100110100000110|10111110|0001110001|111011001  0x021366835F0E3D9
0x0b 0000100|0010100|01010010000010100|10101010|1110100101|111000000  0x0214520A5574BC0
0x0c 0000100|0010101|01010010111101000|10101101|1110101100|111000011  0x021552F456F59C3
0x0d 0000100|0010110|01100000110000100|10100111|0000111000|110111100  0x021660C253871BC
0x0e 0000100|0010111|01100000110001100|10100001|0000111000|110110101  0x021760C650871B5
0x0f 0000100|0011000|01101010011101100|01001110|0001101010|000110001  0x02186A76270D431
0x10 0000100|0011010|01001011110000100|11010111|1101000010|111011010  0x021A4BC26BE85DA
0x11 0000100|0011011|01001100100010010|11010101|1101001001|111011000  0x021B4C896AE93D8
0x12 0000100|0011101|01010010010110110|01001110|1101110111|000110001  0x021D525B276EE31
0x13 0000100|0011110|01010001111010110|01000110|1101110011|000100111  0x021E51EB236E627
0x14 0000100|0100001|01100111110111110|00100111|1111010000|000010101  0x022167DF13FA015
0x15 0000100|0100010|01101000101110110|00101111|1111010111|000011101  0x022268BB17FAE1D
0x16 0000100|0100011|01011100100011000|01011110|1101110000|001000101  0x02235C8C2F6E045
0x17 0000100|0100100|01110101100011100|10111011|0000110111|111001101  0x0224758E5D86FCD
BX = 110 Event : 47
0x00 0000100|0000110|01010111001001010|01100011|1110111111|001001000  0x0206572531F7E48
0x01 0000100|0000111|01010111000010100|01011100|1110111110|001000000  0x0207570A2E77C40
0x02 0000100|0001011|01111100001111000|11011011|0011111001|111101000  0x020B7C3C6D9F3E8
0x03 0000100|0001100|01101010111110010|11000000|0001011010|111001000  0x020C6AF9600B5C8
0x04 0000100|0001101|01110100011000010|11101110|0010100010|111110100  0x020D746177145F4
0x05 0000100|0001110|01101110011101110|11000000|0001111010|111001000  0x020E6E77600F5C8
0x06 0000100|0001111|01110111101100000|11101110|0011000001|111110100  0x020F77B077183F4
0x07 0000100|0010000|01101101011011110|00000101|0001111001|000000101  0x02106D6F028F205
0x08 0000100|0010010|01110001100010110|00101111|0001100111|000100101  0x0212718B178CE25
0x09 0000100|0010011|01111011111100100|00110000|0010111000|000100110  0x02137BF21817026
0x0a 0000100|0010100|01111100000101000|00100101|0011001001|000011001  0x02147C141299219
0x0b 0000100|0010110|01101111111101000|01000001|0001101011|000110101  0x02166FF4208D635
0x0c 0000100|0011000|01101001110000100|11001010|0000110111|111100011  0x021869C26506FE3
0x0d 0000100|0011001|01111100010000010|11101111|0010011111|111110100  0x02197C417793FF4
0x0e 0000100|0011010|01110000110110100|11111100|0001000111|000000000  0x021A70DA7E08E00
0x0f 0000100|0011011|01010101011011000|00101101|1101100000|000100011  0x021B556C16EC023
0x10 0000100|0011100|01011111110011110|00101110|1110110001|000100100  0x021C5FCF1776224
0x11 0000100|0011101|01000001110111000|00010100|1010011111|000000101  0x021D41DC0A53E05
BX = 111 Event : 48
0x00 0000100|0000000|01000100101100010|10100100|1101100100|110111101  0x020044B1526C9BD
0x01 0000100|0000010|01111110110010100|01110111|0011110111|001001110  0x02027ECA3B9EE4E
0x02 0000100|0000011|01111110101111010|01110100|0011110111|001001010  0x02037EBD3A1EE4A
0x03 0000100|0000110|01001110011000010|01000101|1101001000|000111000  0x02064E6122E9038
0x04 0000100|0000111|01000100100101010|00111010|1011101110|000101010  0x020744951D5DC2A
0x05 0000100|0001000|01110101101001100|10111011|0001101010|111000111  0x020875A65D8D5C7
BX = 000 Event : 49
0x00 0000100|0000000|01110000011011010|00101010|0010011011|000010101  0x0200706D1513615
0x01 0000100|0000011|01110110101110110|00011011|0001011001|000010100  0x020376BB0D8B214
BX = 001 Event : 50
0x00 0000100|0000000|01110111010100100|11000010|0011011011|111010010  0x02007752611B7D2
0x01 0000100|0000011|01001110111101100|10011001|1110010111|110111111  0x02034EF64CF2FBF
0x02 0000100|0000100|01001101100111000|10100001|1101110110|110111010  0x02044D9C50EEDBA
0x03 0000100|0000101|01001110111000110|10100001|1110000000|110111001  0x02054EE350F01B9
0x04 0000100|0001011|01101110101110010|11000110|0000111100|111010111  0x020B6EB963079D7
0x05 0000100|0001100|01010111000101100|01000001|1101110111|000101110  0x020C571620EEE2E
0x06 0000100|0001101|01100110100100000|01001011|1111110011|000111000  0x020D669025FE638
0x07 0000100|0001110|01010111100100000|01000001|1101111011|000101110  0x020E579020EF62E
0x08 0000100|0001111|01000101001101000|10111111|1010111100|111001111  0x020F45345FD79CF
BX = 010 Event : 51
0x00 0000100|0000000|01000100110111000|10011100|1101010101|110111001  0x020044DC4E6ABB9
0x01 0000100|0000001|01000101000000000|10100000|1101010110|110111101  0x02014500506ADBD
0x02 0000100|0000010|01000001011100100|10011000|1100111010|110110110  0x020241724C675B6
0x03 0000100|0000110|01011010010100000|00001100|1110101111|000001010  0x02065A500675E0A
0x04 0000100|0000111|01011101010111010|00011000|1111000111|000010111  0x02075D5D0C78E17
0x05 0000100|0001000|01111001111011100|00011110|0010100110|000011100  0x020879EE0F14C1C
0x06 0000100|0001001|01100001000100010|00011110|1111100100|000011100  0x020961110F7C81C
BX = 011 Event : 52
0x00 0000100|0000000|01110110010001110|00010101|0011100111|000001100  0x020076470A9CE0C
0x01 0000100|0000010|01000100000100100|00000110|1100001110|111111010  0x020244120361DFA
0x02 0000100|0000011|01010011010000110|00111010|1110000010|000011111  0x020353431D7041F
0x03 0000100|0000101|01101010100010110|00111110|0000110111|000110101  0x02056A8B1F06E35
0x04 0000100|0000110|01101010111001000|00100100|0000111010|000011000  0x02066AE41207418
0x05 0000100|0000111|01011110011101010|01101111|1111011110|001010100  0x02075E7537FBC54
0x06 0000100|0001000|01001110001011110|10110100|1100110100|111001010  0x02084E2F5A669CA
0x07 0000100|0001001|01000110100010010|11010010|1011110110|111101001  0x02094689695EDE9
0x08 0000100|0001010|01001110000001100|10110100|1100110010|111001010  0x020A4E065A665CA
0x09 0000100|0001011|01111001111100000|00110000|0001100001|000100010  0x020B79F0180C222
0x0a 0000100|0001100|01110101001001100|00110111|0000111100|000101001  0x020C75261B87829
0x0b 0000100|0001101|01110100100001100|01000000|0000110111|000110010  0x020D74862006E32
BX = 100 Event : 53
0x00 0000100|0000010|01000010101001110|11011010|1100110110|111100010  0x020242A76D66DE2
0x01 0000100|0000100|01110000101110000|11010010|0001011000|111011001  0x020470B8690B1D9
0x02 0000100|0000101|01011010000110000|11101110|1110101001|111110100  0x02055A1877753F4
0x03 0000100|0001010|01100110011000010|11100100|1111010000|111101000  0x020A6661727A1E8
0x04 0000100|0001011|01100101110111110|11100011|1111001011|111100111  0x020B65DF71F97E7
0x05 0000100|0001100|01100101000111110|11011101|1111000100|111110010  0x020C651F6EF89F2
0x06 0000100|0001101|01110000100111100|11010001|0000110000|111100101  0x020D709E68861E5
BX = 101 Event : 54
0x00 0000100|0000010|01010001110101100|10010101|1111001100|110101111  0x020251D64AF99AF
0x01 0000100|0000011|01000101100011100|11000000|1101100111|111011011  0x0203458E606CFDB
0x02 0000100|0000111|01000010011001000|00000101|1011010001|000000001  0x0207426402DA201
0x03 0000100|0001001|01100010001000110|11010010|1110010100|111100111  0x0209622369729E7
BX = 110 Event : 55
0x00 0000100|0000001|01110000111100110|01000000|0010110100|000100111  0x020170F32016827
0x01 0000100|0000010|01110000111010010|01100000|0010110011|001000111  0x020270E93016647
0x02 0000100|0000011|01110101100101000|00111111|0011100010|000100111  0x020375941F9C427
0x03 0000100|0000100|01110101101101000|01100000|0011100011|001000111  0x020475B4301C647
0x04 0000100|0000110|01111111110110010|00011001|0011000101|000001111  0x02067FD90C98A0F
0x05 0000100|0001011|01010110011000000|01111110|1101101000|001010110  0x020B56603F6D056
0x06 0000100|0001100|01111111101010100|01110010|0010110100|001001010  0x020C7FAA391684A
BX = 111 Event : 56
0x00 0000100|0000110|01101010010010110|00001100|0001011111|000000110  0x02066A4B060BE06
0x01 0000100|0001010|01101011110110000|11110110|0001011110|111111100  0x020A6BD87B0BDFC
0x02 0000100|0001100|01111110111100110|10110011|0100101001|111001100  0x020C7EF359A53CC
0x03 0000100|0010001|01011010011001110|11101100|1110111011|111110001  0x02115A6776777F1
0x04 0000100|0010010|01011110100000000|00001001|1111011011|000001101  0x02125E8004FB60D
0x05 0000100|0010100|01000110010100010|11111011|1011111000|111111100  0x021446517DDF1FC
0x06 0000100|0010101|01001011111101010|11101101|1011101010|111101010  0x02154BF576DD5EA
0x07 0000100|0010110|01001001100111100|11111101|1011011000|111111001  0x0216499E7EDB1F9
0x08 0000100|0010111|01011000101101000|00011000|1101001100|000010100  0x021758B40C69814
0x09 0000100|0011000|01001111111110000|11101010|1100001111|111100111  0x02184FF87561FE7
0x0a 0000100|0011001|01001101111010000|11111010|1011111111|111110110  0x02194DE87D5FFF6
0x0b 0000100|0011010|01011100100111010|00010101|1101110000|000010000  0x021A5C9D0AEE010
BX = 000 Event : 57
0x00 0000100|0000010|01001010110110110|11001010|1110000001|111001111  0x02024ADB65703CF
0x01 0000100|0000011|01010001100010010|01101101|1110011110|001000010  0x0203518936F3C42
0x02 0000100|0000101|01010000011110010|01110100|1101101000|001001011  0x020550793A6D04B
0x03 0000100|0001100|01110111001101100|10110001|0010000110|111000110  0x020C77365890DC6
0x04 0000100|0001101|01000010000010100|11001000|1010111010|111100010  0x020D420A64575E2
BX = 001 Event : 58
0x00 0000100|0000000|01010001100111010|00101011|1110011011|000100111  0x0200519D15F3627
0x01 0000100|0000001|01001101101111000|00010100|1101110111|000001100  0x02014DBC0A6EE0C
0x02 0000100|0000010|01111011100000000|00011110|0011011111|000011010  0x02027B800F1BE1A
0x03 0000100|0000011|01110010110100010|00011111|0010011101|000011100  0x020372D10F93A1C
0x04 0000100|0000100|01111001000101100|00000110|0011001001|111111110  0x0204791603193FE
0x05 0000100|0000101|01110000000110100|00001000|0010000011|000000000  0x0205701A0410600
0x06 0000100|0000110|01110101101010010|00110001|0010101110|000101000  0x020675A91895C28
0x07 0000100|0001000|01000100110101110|00101110|1100100100|000101011  0x020844D7176482B
0x08 0000100|0001010|01101110110101000|00100001|0001101001|000011101  0x020A6ED4108D21D
0x09 0000100|0001011|01100110001010110|00100010|0000100110|000011111  0x020B662B1104C1F
0x0a 0000100|0001100|01001111101001100|00000001|1101010001|111110110  0x020C4FA600EA3F6
0x0b 0000100|0001101|01010011010110110|00100001|1101101110|000010110  0x020D535B10EDC16
0x0c 0000100|0001110|01101101001100110|00010000|0001100000|000000001  0x020E6D33080C001
0x0d 0000100|0001111|01101100001101010|00001111|0001010110|000000000  0x020F6C35078AC00
0x0e 0000100|0010011|01001000000101100|00001001|1011100001|000000111  0x0213481604DC207
0x0f 0000100|0010100|01001101000101110|00001110|1100001000|000001100  0x02144D17076100C
0x10 0000100|0010101|01000000111101000|10100110|1010011100|111001011  0x021540F453539CB
0x11 0000100|0010110|01001000000101100|10100100|1011100000|111001000  0x02164816525C1C8
0x12 0000100|0010111|01011001011110010|11010110|1101110101|111011110  0x021759796B6EBDE
0x13 0000100|0011000|01110000011100100|00011001|0000101100|000001111  0x021870720C8580F
0x14 0000100|0011001|01110000101100010|00011001|0000101110|000001111  0x021970B10C85C0F
0x15 0000100|0011010|01110111110000010|00110111|0001100101|000101101  0x021A77C11B8CA2D
0x16 0000100|0011011|01100111000110100|00110101|1111001000|000101010  0x021B671A1AF902A
BX = 010 Event : 59
0x00 0000100|0000000|01010011001101110|11110011|1111011001|111101110  0x0200533779FB3EE
0x01 0000100|0000001|01010010010100110|00010001|1111010010|000001011  0x0201525308FA40B
0x02 0000100|0000011|01000001101001100|10000111|1101000000|110101101  0x020341A643E81AD
0x03 0000100|0000100|01111001111011010|11110110|0100000011|111110000  0x020479ED7B207F0
0x04 0000100|0000101|01110100011101000|00011110|0011011010|000010111  0x020574740F1B417
0x05 0000100|0000110|01000101011101100|00100111|1100011111|000100001  0x0206457613E3E21
BX = 011 Event : 60
0x00 0000100|0000010|01011001100011000|10111000|1111010010|111000011  0x0202598C5C7A5C3
0x01 0000100|0000011|01101000011101000|00101111|0001010101|000100011  0x02036874178AA23
0x02 0000100|0000100|01000111001011100|00110010|1101010001|000100101  0x0204472E196A225
0x03 0000100|0000101|01000110010111100|00110011|1101001011|000100110  0x0205465E19E9626
0x04 0000100|0000110|01000110010111100|00110100|1101001011|000100111  0x0206465E1A69627
0x05 0000100|0000111|01001101010111010|01000000|1110000001|000110011  0x02074D5D2070233
0x06 0000100|0001000|01100111110010100|00101110|0001001111|000100001  0x020867CA1709E21
0x07 0000100|0001001|01001101101000110|00111111|1110000100|000110001  0x02094DA31FF0831
0x08 0000100|0001010|01110001100111100|00011111|0010101011|000001111  0x020A719E0F9560F
0x09 0000100|0001011|01010001011011110|00100001|1110110010|000010010  0x020B516F10F6412
0x0a 0000100|0001100|01010000101010000|00100010|1110101100|000010010  0x020C50A81175812
0x0b 0000100|0001101|01010000101010000|00100011|1110101100|000010011  0x020D50A811F5813
0x0c 0000100|0001110|01010111011000010|00101111|1111100000|000011111  0x020E576117FC01F
0x0d 0000100|0001111|01110000101101110|01011101|0010100100|001001011  0x020F70B72E9484B
0x0e 0000100|0010000|01110010010101010|11101010|0010010011|111110100  0x0210725575127F4
0x0f 0000100|0010001|01101111001011100|11100111|0001110110|111110000  0x02116F2E738EDF0
0x10 0000100|0010010|01110010101100110|00010010|0010100101|000000101  0x021272B30914A05
0x11 0000100|0010011|01110001100110110|00010010|0010011011|000000110  0x0213719B0913606
0x12 0000100|0010110|01110011101010110|10111110|0001110010|111011011  0x021673AB5F0E5DB
0x13 0000100|0011000|01000010110011000|00100011|1011011000|000010101  0x021842CC11DB015
0x14 0000100|0011001|01110010100110000|00100111|0001001001|000011001  0x021972981389219
0x15 0000100|0011010|01011000000011000|01111011|1101100010|001001101  0x021A580C3DEC44D
0x16 0000100|0011011|01010111101101010|01111010|1101011111|001001100  0x021B57B53D6BE4C
0x17 0000100|0011101|01111110000111000|10100110|0010010000|111001000  0x021D7E1C53121C8
BX = 100 Event : 61
0x00 0000100|0000001|01111001101010000|01111100|0011100111|001011010  0x020179A83E1CE5A
0x01 0000100|0000010|01000010110000110|11010001|1010111111|111101000  0x020242C368D7FE8
0x02 0000100|0000100|01000111011010100|11000111|1011101101|111011011  0x0204476A63DDBDB
0x03 0000100|0000101|01000111100111110|11001000|1011101110|111011011  0x0205479F645DDDB
0x04 0000100|0000110|01111110101110110|11110111|0010011010|111111110  0x02067EBB7B935FE
0x05 0000100|0000111|01101101101001000|00001010|0000010101|000010000  0x02076DA40502A10
0x06 0000100|0001000|01111011101001100|00101010|0010001010|000011111  0x02087BA6151141F
0x07 0000100|0001001|01111011101001100|00100110|0010001010|000011010  0x02097BA6131141A
0x08 0000100|0001011|01111010100110010|00100110|0010000000|000011010  0x020B7A99131001A
BX = 101 Event : 62
0x00 0000100|0000011|01011110101100000|11110011|1110111001|111110110  0x02035EB079F73F6
0x01 0000100|0000100|01011110001001110|11110000|1110110011|111110011  0x02045E2778767F3
0x02 0000100|0000101|01011110100100110|11110000|1110110111|111110011  0x02055E937876FF3
0x03 0000100|0000111|01110000000010100|11110010|0000111111|111110101  0x0207700A7907FF5
0x04 0000100|0001000|01110010100111100|11111111|0001010011|000000010  0x0208729E7F8A602
0x05 0000100|0001001|01101111100000000|11101111|0000111010|111110010  0x02096F8077875F2
0x06 0000100|0001010|01110010000101100|11111100|0001001110|111111110  0x020A72167E09DFE
0x07 0000100|0001011|01110000100110100|11101111|0001000101|111110010  0x020B709A7788BF2
0x08 0000100|0001100|01110011010010010|11111101|0001011010|111111111  0x020C73497E8B5FF
0x09 0000100|0001101|01011010111101100|00001001|1110010110|000010000  0x020D5AF604F2C10
0x0a 0000100|0001110|01010011100000010|11110001|1101010000|111110100  0x020E538178EA1F4
0x0b 0000100|0010000|01100100111110100|11110000|1111011000|111110011  0x021064FA787B1F3
0x0c 0000100|0010001|01100111100100110|11111101|1111101100|000000000  0x021167937EFD800
0x0d 0000100|0010010|01110001100000000|00001010|0000111011|000000011  0x021271800507603
BX = 110 Event : 63
0x00 0000100|0000000|01100100001100000|00100100|0000111110|000011101  0x020064301207C1D
0x01 0000100|0000001|01101111101100100|00001111|0010101010|000000011  0x02016FB20795403
0x02 0000100|0000010|01101010000001010|00010000|0001111110|000000101  0x02026A05080FC05
0x03 0000100|0000011|01010111111010110|00110011|1110011010|000011111  0x020357EB19F341F
0x04 0000100|0000100|01111010111000000|01101100|0011001110|001001011  0x02047AE03619C4B
0x05 0000100|0000101|01111100011000010|01111001|0011011010|001011000  0x02057C613C9B458
0x06 0000100|0000111|01111011111101110|01111011|0011010111|001011010  0x02077BF73D9AE5A
0x07 0000100|0001000|01111000000100100|01101000|0010110011|001000111  0x020878123416647
0x08 0000100|0001001|01111001010111010|01111000|0010111110|001010110  0x0209795D3C17C56
0x09 0000100|0001011|01111000110110000|01111001|0010111010|001011000  0x020B78D83C97458
0x0a 0000100|0001100|01110110110010110|01011011|0010100111|000110110  0x020C76CB2D94E36
0x0b 0000100|0001101|01110111101110000|01100110|0010101110|001000001  0x020D77B83315C41
0x0c 0000100|0001111|01110111010000010|01100111|0010101011|001000010  0x020F77413395642
0x0d 0000100|0010001|01110111110010010|10011010|0010110110|110111101  0x021177C94D16DBD
0x0e 0000100|0010111|01000001010011110|00000100|1010110011|000001101  0x0217414F025660D
0x0f 0000100|0011000|01011111010010100|11011101|1110111001|111100001  0x02185F4A6EF73E1
0x10 0000100|0011001|01100101010011000|11100110|1111101000|111101001  0x0219654C737D1E9
0x11 0000100|0011010|01000101100001110|11100000|1011011010|111100011  0x021A4587705B5E3
0x12 0000100|0011011|01001111100101110|01101001|1100101001|001000111  0x021B4F9734E5247
0x13 0000100|0011100|01000010100000010|01110010|1011000010|001010000  0x021C42813958450
0x14 0000100|0011101|01111110010111110|11111111|0010001101|000001000  0x021D7E5F7F91A08
0x15 0000100|0100000|01010000010110100|01001100|1100001110|000101110  0x0220505A2661C2E
0x16 0000100|0100001|01100010010101000|01000111|1111000010|000101000  0x0221625423F8428
0x17 0000100|0100011|01101000100100010|01111011|1111110010|001011010  0x022368913DFE45A
BX = 111 Event : 64
0x00 0000100|0000110|01101001000001010|00011011|0001010110|000011011  0x020669050D8AC1B
0x01 0000100|0000111|01110111101100000|11101110|0011000001|111110100  0x020777B077183F4
0x02 0000100|0001001|01001001000001100|11000000|1011001000|111011100  0x0209490660591DC
0x03 0000100|0001010|01010001001100110|10100010|1100010110|110110110  0x020A51335162DB6
BX = 000 Event : 65
0x00 0000100|0000000|01011111011100110|00100001|1111000011|000001110  0x02005F7310F860E
0x01 0000100|0000010|01000110100010110|01101100|1011010110|001010110  0x0202468B365AC56
0x02 0000100|0000011|01000110100110100|01100101|1011010111|001001111  0x0203469A32DAE4F
0x03 0000100|0000100|01000100000110100|01010101|1011000000|000111010  0x0204441A2AD803A
0x04 0000100|0000101|01000100110001010|01010100|1011000101|000111001  0x020544C52A58A39
0x05 0000100|0000110|01000100001000110|01010101|1011000000|000111011  0x020644232AD803B
0x06 0000100|0000111|01000100111011000|01010100|1011000110|000111001  0x020744EC2A58C39
BX = 001 Event : 66
0x00 0000100|0000011|01010010100100100|11011010|1110110100|111011101  0x020352926D769DD
0x01 0000100|0000100|01010011011010010|00100110|1111000100|000100000  0x020453691378820
0x02 0000100|0000101|01010001101110010|00100110|1110110111|000100000  0x020551B91376E20
0x03 0000100|0001000|01110111001101100|10110001|0010000110|111000110  0x020877365890DC6
BX = 010 Event : 67
0x00 0000100|0000010|01001000011011110|01001101|1100110101|000111111  0x0202486F26E6A3F
0x01 0000100|0000011|01101101100011110|00001010|0000110001|000001100  0x02036D8F050620C
0x02 0000100|0000101|01110000011100100|11101111|0001001100|111101011  0x0205707277899EB
0x03 0000100|0000111|01111010111110100|01011011|0010111111|001001010  0x02077AFA2D97E4A
0x04 0000100|0001001|01110011011000010|00010001|0000100011|000000101  0x020973610884605
BX = 011 Event : 68
0x00 0000100|0000001|01110000010000110|11101010|0010100110|111110100  0x020170437514DF4
0x01 0000100|0000010|01001000101001000|11101010|1100110000|111110011  0x020248A475661F3
0x02 0000100|0000011|01101011110110100|11111100|0001000011|000000101  0x02036BDA7E08605
0x03 0000100|0000100|01010000111100010|10100100|1101100100|110111001  0x020450F1526C9B9
0x04 0000100|0000110|01011111100100110|10110101|1110111011|111000011  0x02065F935AF77C3
0x05 0000100|0000111|01001111100000110|10001101|1100011110|110111011  0x02074F8346E3DBB
0x06 0000100|0001000|01001010010001000|10001001|1011101010|110110110  0x02084A4444DD5B6
0x07 0000100|0001001|01110110110101110|11011110|0001110000|111101011  0x020976D76F0E1EB
0x08 0000100|0001010|01101110110011010|11100000|0000110010|111101101  0x020A6ECD70065ED
0x09 0000100|0001011|01110001100010010|11000111|0000111111|111010000  0x020B71896387FD0
0x0a 0000100|0001100|01101001001100100|11001001|1111111101|111010001  0x020C693264FFBD1
0x0b 0000100|0001101|01100010111011010|11101110|1111001100|111110110  0x020D62ED77799F6
0x0c 0000100|0001111|01101111110000110|00111010|0000010010|000101001  0x020F6FC31D02429
0x0d 0000100|0010000|01101111110000110|00111001|0000010010|000101000  0x02106FC31C82428
BX = 100 Event : 69
0x00 0000100|0000010|01001110000010110|10101101|1110100100|111001111  0x02024E0B56F49CF
0x01 0000100|0000011|01010001000110000|10110010|1110111101|111010100  0x020351185977BD4
0x02 0000100|0000100|01000011001000110|10011100|1100110011|110111001  0x020443234E667B9
0x03 0000100|0000101|01000011000111110|10011011|1100110011|110111000  0x0205431F4DE67B8
0x04 0000100|0001010|01000011010111000|10011011|1100110101|110111001  0x020A435C4DE6BB9
0x05 0000100|0001100|01110111010111110|00101111|0011001011|000101000  0x020C775F1799628
0x06 0000100|0001110|01010011010101100|11010000|1101101011|111010100  0x020E5356686D7D4
0x07 0000100|0001111|01011100000000110|11011111|1110101110|111100010  0x020F5C036FF5DE2
0x08 0000100|0010000|01111001001001000|11010000|0010010000|111010100  0x0210792468121D4
BX = 101 Event : 70
BX = 110 Event : 71
0x00 0000100|0000010|01000100001000010|00001011|1101000010|000001000  0x0202442105E8408
0x01 0000100|0000100|01001011011111110|00011011|1101110001|000011001  0x02044B7F0DEE219
0x02 0000100|0000101|01010001100001100|00010101|1110101001|000010010  0x020551860AF5212
0x03 0000100|0001000|01001001001011100|00000011|1100111110|111111100  0x0208492E01E7DFC
BX = 111 Event : 72
0x00 0000100|0000011|01101111001101110|00100101|0010010011|000011101  0x02036F37129261D
0x01 0000100|0000110|01100000011111110|10100101|1111011010|110111101  0x0206607F52FB5BD
0x02 0000100|0001001|01001010011100100|11101010|1100001001|111110110  0x02094A7275613F6
0x03 0000100|0001010|01001010011001010|11101011|1100001000|111110111  0x020A4A6575E11F7
0x04 0000100|0001011|01000010100000010|01110010|1011000010|001010000  0x020B42813958450
0x05 0000100|0001101|01101000001000010|01101001|1111011110|001001110  0x020D682134FBC4E
0x06 0000100|0001110|01101000100100010|01111011|1111110010|001011010  0x020E68913DFE45A
BX = 000 Event : 73
0x00 0000100|0000000|01000100111101000|10101011|1101000011|110111010  0x020044F455E87BA
0x01 0000100|0000100|01011010011100100|00101001|1101111011|000100111  0x02045A7214EF627
BX = 001 Event : 74
0x00 0000100|0000000|01000011110001100|00010111|1101001010|000001111  0x020043C60BE940F
0x01 0000100|0000001|01000101011111100|00111011|1101100100|000101011  0x0201457E1DEC82B
0x02 0000100|0000010|01000011110101100|01000101|1101011000|000110101  0x020243D622EB035
0x03 0000100|0000011|01111011010100010|00011001|0100000100|000001010  0x02037B510CA080A
0x04 0000100|0000100|01010001001100100|11000011|1110110011|111010110  0x0204513261F67D6
0x05 0000100|0000110|01000111110101010|00111001|1100100101|000101111  0x020647D51CE4A2F
0x06 0000100|0001001|01111111100111100|00010100|0011100001|000010010  0x02097F9E0A1C212
0x07 0000100|0001110|01000111100110000|00010010|1011101101|000001010  0x020E4798095DA0A
0x08 0000100|0001111|01000100000110100|01010101|1011000000|000111010  0x020F441A2AD803A
0x09 0000100|0010000|01000100110001010|01010100|1011000101|000111001  0x021044C52A58A39
0x0a 0000100|0010010|01000101110001100|01110000|1011001100|001010101  0x021245C63859855
0x0b 0000100|0010011|01001001001000100|01110111|1011100110|001011100  0x021349223BDCC5C
0x0c 0000100|0010100|01000110111101010|01101111|1011010101|001010100  0x021446F537DAA54
0x0d 0000100|0010101|01000100001000110|01010101|1011000000|000111011  0x021544232AD803B
0x0e 0000100|0010110|01000100111011000|01010100|1011000110|000111001  0x021644EC2A58C39
0x0f 0000100|0010111|01000110001111010|01111000|1011010001|001011110  0x0217463D3C5A25E
0x10 0000100|0011000|01000111100010010|01110101|1011011011|001011011  0x021847893ADB65B
0x11 0000100|0011001|01000100101011000|01010100|1011000101|000111001  0x021944AC2A58A39
0x12 0000100|0011010|01000101010010110|01010011|1011001010|000111000  0x021A454B29D9438
0x13 0000100|0011011|01000110101111000|01110111|1011010101|001011100  0x021B46BC3BDAA5C
0x14 0000100|0011100|01000111111001000|01110100|1011011111|001011010  0x021C47E43A5BE5A
0x15 0000100|0011101|01001100010100100|01001011|1100001100|000101110  0x021D4C5225E182E
0x16 0000100|0011110|01001010110010110|01001100|1100000000|000110000  0x021E4ACB2660030
0x17 0000100|0011111|01000101011001000|01010111|1011010101|000111011  0x021F45642BDAA3B
0x18 0000100|0100000|01001101110100100|01101011|1100011000|001001110  0x02204DD235E304E
0x19 0000100|0100001|01010010001011010|01110011|1100111011|001010111  0x0221522D39E7657
0x1a 0000100|0100010|01001101001101110|01101011|1100010011|001001111  0x02224D3735E264F
0x1b 0000100|0100100|01101100001111110|00001101|0000001101|000010001  0x02246C3F0681A11
0x1c 0000100|0100110|01100111110011100|00101001|1111101101|000011010  0x022667CE14FDA1A
BX = 010 Event : 75
0x00 0000100|0000000|01011010010101110|11011011|1111100100|111011011  0x02005A576DFC9DB
0x01 0000100|0000001|01000101111000110|00011101|1101000101|000011100  0x020145E30EE8A1C
0x02 0000100|0000010|01011000010111110|01001001|1111100001|000101011  0x0202585F24FC22B
0x03 0000100|0000011|01011101001100100|01100001|0000000111|001000010  0x02035D323080E42
0x04 0000100|0000111|01111001110110110|10010110|0011100001|110110100  0x020779DB4B1C3B4
0x05 0000100|0001000|01111001111011010|10010111|0011100001|110110101  0x020879ED4B9C3B5
0x06 0000100|0001001|01010000100001000|11101001|1110000001|111110000  0x0209508474F03F0
0x07 0000100|0001010|01001011101010100|00000001|1101011011|000000111  0x020A4BAA00EB607
0x08 0000100|0001011|01110111111111100|11001100|0010110011|111010100  0x020B77FE66167D4
BX = 011 Event : 76
0x00 0000100|0000001|01010100010101000|10111100|1111011111|111001010  0x020154545E7BFCA
0x01 0000100|0000010|01010110011000100|10111011|1111110010|111001000  0x020256625DFE5C8
0x02 0000100|0000011|01011001010101100|11110010|1111111100|111110001  0x02035956797F9F1
0x03 0000100|0000100|01101011011101000|11111111|0010001010|111111110  0x02046B747F915FE
0x04 0000100|0000101|01100010011001100|00111111|0000101100|000101111  0x020562661F8582F
0x05 0000100|0000110|01010010000010000|11001011|1110111011|111100000  0x0206520865F77E0
BX = 100 Event : 77
0x00 0000100|0000001|01010000010010100|10100100|1110101111|110111001  0x0201504A5275FB9
0x01 0000100|0000010|01010000011011000|10100000|1110110000|110110100  0x0202506C50761B4
BX = 101 Event : 78
0x00 0000100|0000011|01111110001001100|11011100|0010110001|111100100  0x02037E266E163E4
0x01 0000100|0000101|01011100101001010|00110000|1110100010|000010111  0x02055CA51874417
0x02 0000100|0000110|01011100011000010|00110010|1110100000|000011001  0x02065C611974019
0x03 0000100|0000111|01100000111010010|01010110|1111000100|000111101  0x020760E92B7883D
0x04 0000100|0001000|01011011100000110|01001111|1110010000|000110100  0x02085B8327F2034
0x05 0000100|0001001|01100010011110000|11010010|1110101100|111011000  0x0209627869759D8
0x06 0000100|0001010|01011011101010000|11100111|1101110111|111101100  0x020A5BA873EEFEC
0x07 0000100|0001011|01110111100010010|00001000|0001001011|000000011  0x020B77890409603
0x08 0000100|0001100|01111000001100000|00001100|0001010000|000000111  0x020C7830060A007
0x09 0000100|0001101|01101001111100010|00010010|1111100001|000001101  0x020D69F1097C20D
0x0a 0000100|0001110|01100000010100010|10010100|1110110001|110111011  0x020E60514A763BB
BX = 110 Event : 79
0x00 0000100|0000000|01000010100100110|01111001|1100100111|001011100  0x020042933CE4E5C
0x01 0000100|0000001|01000100001111000|01111011|1100110100|001011111  0x0201443C3DE685F
0x02 0000100|0000100|01101110010001000|00100100|1111111001|000011100  0x02046E44127F21C
0x03 0000100|0000110|01111001101101010|10101110|0001101101|111000011  0x020679B5570DBC3
BX = 111 Event : 80
0x00 0000100|0000001|01011101011010110|01101011|0000100110|000111111  0x02015D6B3584C3F
0x01 0000100|0000111|01011100110100010|00001011|1110010111|000010000  0x02075CD105F2E10
0x02 0000100|0001000|01100001100000110|10111101|1110101000|111001101  0x020861835EF51CD
0x03 0000100|0001001|01100001100000110|10111100|1110101000|111001100  0x020961835E751CC
0x04 0000100|0001010|01100111000100100|10111001|1111011100|111001001  0x020A67125CFB9C9
0x05 0000100|0001011|01011111001011000|00001000|1110000000|000000100  0x020B5F2C0470004
BX = 000 Event : 81
0x00 0000100|0000001|01101001010110100|00111001|0001100100|000101100  0x0201695A1C8C82C
BX = 001 Event : 82
0x00 0000100|0000010|01010000101110110|00010111|1101111001|000010100  0x020250BB0BEF214
0x01 0000100|0000011|01001110000100100|00000001|1101100000|111111010  0x02034E1200EC1FA
0x02 0000100|0000100|01010100010101010|10100111|1110000001|111001001  0x0204545553F03C9
0x03 0000100|0000110|01010110010110110|01000110|1101010010|000100111  0x0206565B236A427
0x04 0000100|0001000|01001001011010110|10101110|1011011101|111000111  0x0208496B575BBC7
BX = 010 Event : 83
0x00 0000100|0000000|01000011111001010|01011011|1100111011|000111111  0x020043E52DE763F
0x01 0000100|0000001|01000100000101100|01011110|1100111101|001000010  0x020144162F67A42
0x02 0000100|0000010|01000100011010100|01011110|1101000000|001000010  0x0202446A2F68042
0x03 0000100|0000100|01101111100100100|01000111|0010110010|000110101  0x02046F922396435
0x04 0000100|0000101|01101111101100100|01000111|0010110011|000110101  0x02056FB22396635
0x05 0000100|0000110|01001001100000100|00111010|1101101001|000011110  0x020649821D6D21E
0x06 0000100|0000111|01100011110111010|01000111|0000111111|000101011  0x020763DD2387E2B
0x07 0000100|0001000|01100100010000100|11111111|1111101001|111110101  0x020864427FFD3F5
0x08 0000100|0001010|01001011111010010|10011001|1100110110|110110001  0x020A4BE94CE6DB1
0x09 0000100|0001011|01111011101110000|00011000|0010100000|000001101  0x020B7BB80C1400D
0x0a 0000100|0001110|01010100011001100|00100110|1101010011|000100010  0x020E5466136A622
BX = 011 Event : 84
0x00 0000100|0000000|01000110110101100|00001010|1101110011|000001001  0x020046D6056E609
0x01 0000100|0000110|01101111110001010|00010101|0010001100|000010011  0x02066FC50A91813
0x02 0000100|0001001|01100001111101010|00011010|1110100111|000011101  0x020961F50D74E1D
BX = 100 Event : 85
0x00 0000100|0000000|01100000001000010|11011011|0000001011|111011111  0x020060216D817DF
0x01 0000100|0000001|01101101101011000|01110000|0010001101|001000100  0x02016DAC3811A44
0x02 0000100|0000011|01101000001001110|11101111|0001001001|111110011  0x0203682777893F3
0x03 0000100|0000100|01111011111001100|11110111|0011100001|111111011  0x02047BE67B9C3FB
0x04 0000100|0000101|01110101001111010|00100010|0010110100|000001110  0x0205753D111680E
0x05 0000100|0000110|01001010110000010|11011100|1101000001|111100001  0x02064AC16E683E1
0x06 0000100|0000111|01010100110111010|11011010|1110100000|111011110  0x020754DD6D741DE
0x07 0000100|0001000|01010100110111010|11011001|1110100000|111011101  0x020854DD6CF41DD
0x08 0000100|0001001|01111101011010100|11101111|0011010010|111110100  0x02097D6A779A5F4
0x09 0000100|0001010|01010110111010010|11110001|1110101000|111110110  0x020A56E978F51F6
0x0a 0000100|0001011|01101010101001010|11111001|0001000001|111111101  0x020B6AA57C883FD
0x0b 0000100|0001100|01110111110110010|11101110|0010011111|111110011  0x020C77D97713FF3
0x0c 0000100|0001101|01010001011010100|11110000|1101110101|111110101  0x020D516A786EBF5
0x0d 0000100|0001110|01100101001010010|11111000|0000001110|111111100  0x020E65297C01DFC
0x0e 0000100|0010000|01011100001010110|11101110|1111011001|111110010  0x02105C2B777B3F2
0x0f 0000100|0010001|01101111111010000|11110110|0001110010|111111010  0x02116FE87B0E5FA
0x10 0000100|0010011|01011100001010110|11101101|1111011001|111110001  0x02135C2B76FB3F1
0x11 0000100|0010100|01101111111010000|11110101|0001110010|111111001  0x02146FE87A8E5F9
0x12 0000100|0010101|01011101001101110|01000110|1111010100|000111000  0x02155D37237A838
0x13 0000100|0010110|01101111000100110|00101101|0001111011|000011011  0x02166F13168F61B
BX = 101 Event : 86
BX = 110 Event : 87
BX = 111 Event : 88
0x00 0000100|0000000|01010110011011010|11001010|1110111101|111011011  0x0200566D6577BDB
0x01 0000100|0000001|01010111010110100|11010010|1111000100|111100010  0x0201575A69789E2
0x02 0000100|0000010|01110110110000110|11011100|0011101011|111110000  0x020276C36E1D7F0
0x03 0000100|0000011|01110101101010010|11100100|0011100010|111110111  0x020375A9721C5F7
0x04 0000100|0000100|01001100011100110|11000110|1101100000|111010101  0x02044C73636C1D5
0x05 0000100|0000101|01001101111101010|11001101|1101101100|111011100  0x02054DF566ED9DC
0x06 0000100|0000110|01011111100010000|11001011|1111110100|111011010  0x02065F8865FE9DA
0x07 0000100|0000111|01110010101111000|01001010|0010000000|000101111  0x020772BC251002F
BX = 000 Event : 89
0x00 0000100|0000101|01111010101011000|10001010|0011011000|110110010  0x02057AAC451B1B2
0x01 0000100|0001000|01010000110001010|11010111|1100101100|111100111  0x020850C56BE59E7
0x02 0000100|0001001|01111101001010000|11100110|0010011001|111101110  0x02097D2873133EE
BX = 001 Event : 90
BX = 010 Event : 91
0x00 0000100|0000111|01100010000011010|11001111|1110100100|111011010  0x0207620D67F49DA
0x01 0000100|0001000|01101110011110110|11110101|1111111001|111110011  0x02086E7B7AFF3F3
BX = 011 Event : 92
0x00 0000100|0000010|01010111010100100|11110001|1111011011|111110100  0x0202575278FB7F4
0x01 0000100|0000011|01011101100000000|11110110|0000001011|111111000  0x02035D807B017F8
0x02 0000100|0000100|01010110100110000|11110001|1111010100|111110011  0x0204569878FA9F3
0x03 0000100|0000101|01011101000000010|11110101|0000000110|111111000  0x02055D017A80DF8
0x04 0000100|0000110|01110110010011110|00000000|0011001011|000000010  0x0206764F0019602
0x05 0000100|0000111|01110110101111010|00000000|0011001111|000000010  0x020776BD0019E02
0x06 0000100|0001010|01110101001011110|10110100|0001111100|111000101  0x020A752F5A0F9C5
0x07 0000100|0001111|01101110011001000|10110111|0000001100|111000010  0x020F6E645B819C2
BX = 100 Event : 93
0x00 0000100|0000100|01000011101110110|10001001|1101000011|110101110  0x020443BB44E87AE
0x01 0000100|0000101|01000011011100100|10001010|1101000000|110101110  0x0205437245681AE
0x02 0000100|0000111|01111101110111100|11101000|0100010111|111100111  0x02077DDE7422FE7
0x03 0000100|0001000|01110001011011010|11110001|0010110111|111110000  0x0208716D7896FF0
0x04 0000100|0010000|01001001101111100|00001001|1101000001|000001101  0x021049BE04E820D
0x05 0000100|0011000|01011001100101000|11011000|1110111011|111011101  0x021859946C777DD
0x06 0000100|0011010|01101011000110100|00000010|0000011101|000000100  0x021A6B1A0103A04
0x07 0000100|0100000|01001111001001000|11101101|1100010110|111101011  0x02204F2476E2DEB
0x08 0000100|0100001|01110101111110110|10011010|0001101100|110111111  0x022175FB4D0D9BF
BX = 101 Event : 94
0x00 0000100|0000010|01100100010111000|00110111|0001000010|000110000  0x0202645C1B88430
0x01 0000100|0000011|01110010100111000|00100011|0011000111|000011001  0x0203729C1198E19
0x02 0000100|0000101|01110101110111000|11011111|0010010000|111100111  0x020575DC6F921E7
BX = 110 Event : 95
0x00 0000100|0000001|01011001010000010|00100101|0000000010|000011011  0x02015941128041B
0x01 0000100|0000101|01110011100111010|00100000|0001111100|000011001  0x0205739D100F819
0x02 0000100|0000110|01111000011101100|00010000|0010101010|000000111  0x020678760815407
0x03 0000100|0001100|01001001101010000|00011100|1011110010|000010101  0x020C49A80E5E415
0x04 0000100|0001101|01010011101101100|00000011|1100111111|111111101  0x020D53B601E7FFD
BX = 111 Event : 96
0x00 0000100|0000110|01101110110111110|10001110|0000011011|110101110  0x02066EDF47037AE
0x01 0000100|0000111|01111001001010000|10010000|0001111111|110110001  0x02077928480FFB1
BX = 000 Event : 97
0x00 0000100|0000000|01000110111011110|01100010|1101110111|000111101  0x020046EF316EE3D
0x01 0000100|0001110|01000111110010110|11010101|1011111001|111011101  0x020E47CB6ADF3DD
0x02 0000100|0010000|01101000100100110|00011011|1111010001|000011010  0x021068930DFA21A
0x03 0000100|0010001|01110010110110000|00100001|0000100010|000011111  0x021172D8108441F
0x04 0000100|0010010|01011111001000000|11010111|1101111001|111101101  0x02125F206BEF3ED
0x05 0000100|0010011|01101000101011100|10110100|1111010010|111000100  0x021368AE5A7A5C4
BX = 001 Event : 98
0x00 0000100|0000001|01010111001110000|11011110|1110110101|111101011  0x020157386F76BEB
0x01 0000100|0000011|01011100011101000|11110101|1101101001|111101111  0x02035C747AED3EF
BX = 010 Event : 99
0x00 0000100|0000011|01010110001010000|11001110|1101101101|111011011  0x02035628676DBDB
0x01 0000100|0000100|01011010010100010|11111110|1110001101|000001010  0x02045A517F71A0A
0x02 0000100|0000111|01100101101101100|11111010|1111100101|000000110  0x020765B67D7CA06
0x03 0000100|0001000|01010010001111010|11011010|1100101110|111100000  0x0208523D6D65DE0
0x04 0000100|0001001|01011011101010000|11100111|1101110111|111101100  0x02095BA873EEFEC
0x05 0000100|0001010|01100100101111110|11110110|1110111110|111111011  0x020A64BF7B77DFB
0x06 0000100|0001011|01100100111011110|11110111|1110111111|111111100  0x020B64EF7BF7FFC
BX = 011 Event : 100
0x00 0000100|0000000|01000100100110010|00011110|1101100101|000010000  0x020044990F6CA10
0x01 0000100|0000001|01000001111011100|01000100|1101010001|000110101  0x020141EE226A235
0x02 0000100|0001011|01111011011010000|11101111|0100001010|111101101  0x020B7B6877A15ED
0x03 0000100|0001100|01101111100010000|01001111|0010110010|000111111  0x020C6F88279643F
0x04 0000100|0001101|01101111100111110|01010010|0010110010|001000010  0x020D6F9F2916442
0x05 0000100|0001110|01101111100100100|01000111|0010110010|000110101  0x020E6F922396435
0x06 0000100|0011001|01001011001001010|10100111|1100111010|110111010  0x02194B2553E75BA
0x07 0000100|0100010|01111011101110000|00011000|0010100000|000001101  0x02227BB80C1400D
0x08 0000100|0100100|01100001000110110|00001110|1110101000|000000001  0x0224611B0775001
