BX = 000 Event : 1
00 100|0011110|001010111010|11000000011000
01 011|0001111|000101011000|01011011001111
02 010|0100001|000101101001|00011101011110
03 101|0011100|000001100000|10011101011111
04 010|0001111|001011111001|10000000000110
05 101|0011101|001100101110|10110010000001
06 010|0100001|000100000000|00011111100011
07 001|0011100|000001001110|10100101100000
08 110|0010011|000000010100|00100101101010
09 110|0010000|001011010010|10101000111101
0a 110|0011110|001010011011|00111001001110
0b 110|0001111|001101111010|10100011110001
0c 110|0011101|000011011100|01010010000110
0d 001|0011100|001010101110|01011110011001
0e 001|0100001|000011001010|11101000110001
0f 001|0001111|001011011100|10011001001001
10 001|0011101|001000101100|01001010011101
11 111|0010000|000000001001|10110001101011
12 111|0010000|000111000101|10110001010100
13 111|0011100|000101110011|01011100011011
14 000|0010011|000100110001|11011001001000
15 111|0010000|000000010110|10101100001001
16 000|0011100|001111110010|01010110101111
17 111|1110111|001101010010|11101100100111
18 111|0011110|000001010011|00111001010101
19 000|0010011|000000000111|00101001110111
1a 000|0001111|001110001100|10010101010111
1b 000|0001111|000010001000|01100011100111
1c 000|0011100|000000111010|10101001011100
1d 000|1101010|000101011011|00010111001100
1e 000|0100001|001011011110|11100110110101
1f 000|1110110|001100101110|00001000000100
BX = 001 Event : 2
00 101|0011100|001100110101|10000111111111
01 010|0010001|001011110001|01000011010100
02 010|0010100|001000111101|00011100101010
03 010|0011101|001111011101|01010000111100
04 101|0011100|001001001011|10011001111001
05 010|0001111|001111111000|01101101001011
06 001|0010011|000100111100|00100111010010
07 110|1101010|001011111001|00010001101010
08 001|0011111|000100010101|00101100000101
09 001|0010000|001001000100|01000110101111
0a 001|1101000|001110001111|00000100010101
0b 111|0100001|001010100001|11100101100100
0c 111|1101010|000111100011|00010010111001
0d 111|0001111|001010000000|01101001001010
0e 111|0011110|000011110001|01000011011001
0f 111|0010001|000111000111|01000010101111
10 111|0011100|000000101000|01110100111011
11 111|0001111|000000101000|01110011001101
12 111|0010001|000010111011|00111100000010
13 111|0010000|000100101010|01001111111011
14 111|0010100|000111010001|00011001101000
15 111|0010010|000010101100|00110011000111
BX = 010 Event : 3
00 011|0010000|001011111011|01001101011100
01 011|0010010|001001010110|00110101110100
02 011|0011110|000100010101|01000011110110
03 100|0001111|001001010100|10001110100000
04 101|0001111|001010000101|10000000010101
05 010|1101001|001011111110|11111000010001
06 110|0010001|000010001000|00111110001001
07 001|0010001|001100010010|11001000001000
08 001|1101010|000110110011|11101101110011
09 001|1101001|001110110000|11110001011111
0a 001|0010101|000111001111|11101010101111
0b 111|0010001|000100010010|01000010011000
0c 111|0011100|001011011001|10001111101010
0d 111|0011100|000000110010|01111111101000
BX = 011 Event : 4
00 011|0010001|001100010000|10111101110011
01 011|0011100|001101000000|10100101000010
02 011|0010001|001110010010|11000010011000
03 010|0010001|001011011010|11001000000001
04 010|0011100|001101100110|01111110100101
05 010|0100010|000110101110|00010101101100
06 101|0010010|001001110011|11001100000000
07 010|0001111|001110100001|10001000000000
08 001|0011110|001001000001|11000001001011
09 001|1110111|000000110100|11101011101001
0a 111|0010010|001001101000|00101110111001
0b 000|0100001|000101111011|00011010100111
0c 000|0100000|001111000011|11011000101101
0d 111|0011100|000001101010|10010001100001
0e 111|0010011|001001001111|11011010000011
0f 000|0011110|001011001100|11000111010011
10 000|0100001|000000110111|11101000011011
11 111|0010010|001011111110|00110011000111
12 000|0011101|001111110100|10110111010110
13 111|0010101|001001011001|00010000110010
14 111|1110110|000101110011|11110011111111
15 000|0100001|000001000001|11100100010011
BX = 100 Event : 5
00 011|0010010|001011101110|11010001101000
01 011|0001111|001100011010|01101110001000
02 011|0010000|000000001100|01010011111011
03 011|0011100|001010110101|10001011010111
04 011|0010000|000100111100|01010110010010
05 011|1101010|001011111110|11101010111110
06 101|0011100|000011011111|10000111010011
07 101|0011101|001000110100|10111001100011
08 010|0010101|000101011011|11101001111011
09 010|0011100|000000101010|10011100011100
0a 010|0001111|000100100100|10000001111111
0b 110|0011110|001100101110|01000000011000
0c 110|0011100|001011010100|10001011001000
0d 001|0010001|000101011000|01000000110110
0e 110|0011110|001101111011|00111001000110
0f 000|0010010|001011010010|11010000100101
10 111|0011100|000000101101|10011001010011
11 000|0011100|001010110000|10011110111000
12 111|0011101|001000011101|10101111111100
13 111|0011110|001011001010|11001001001001
14 111|0001111|000101001000|10001101110011
15 111|0001111|001011011010|10001010000001
16 000|0011100|000001011011|10010101101101
17 111|0011101|001011010100|01000101001000
18 000|0001111|001001111000|10001110101000
19 000|0010000|001110101011|10110100100000
BX = 101 Event : 6
00 010|0001111|001110000000|10010010000011
01 010|0010101|000100011000|00001111111110
02 101|0011100|001001001011|10011111100101
03 001|0010001|001001000111|00111100101000
04 110|0010000|001110100100|10101000101110
05 110|0010000|000010011111|01010110000011
06 001|1110111|001010010110|11101111011001
07 110|1110110|001101110000|00010000001100
08 110|0001111|001110101001|01100110011101
09 111|0001111|001001001100|01100010111010
0a 000|0011100|001010101110|01101011110111
0b 111|0011110|001001001000|00111100100100
0c 000|0011100|001111011111|01110111001001
0d 000|0011100|001111000110|01111000001100
0e 111|1101001|000100011101|00001110100101
0f 111|0100001|000001101010|00011001100101
10 111|1110101|001011011101|11111110010001
BX = 110 Event : 7
00 011|0100010|001111110010|00010110100110
01 011|0011101|001101100001|01010101010110
02 100|1110111|001011011100|00010011110100
03 010|0010011|000111001010|00100111110000
04 010|0011101|001101000101|01001111011011
05 101|0011101|001101000111|10111000101000
06 010|0011101|001000011010|01001101001110
07 010|0010010|000111101110|00110011101101
08 101|0100001|001001000011|11100100101001
09 101|0001111|001111111000|01111010110001
0a 110|0011110|000011001000|00111001111010
0b 000|0011101|001100111000|01010101100101
0c 111|0010000|000111100110|01010111011101
0d 111|0001111|000101001110|10001001110010
0e 000|0010100|001001001001|11100101011000
0f 000|0011100|000100001000|10011011111110
10 111|0011100|000011010100|01100010000111
11 111|0010101|001101111000|00001111101000
12 000|0001111|000110111010|10100011100010
13 111|0001111|001110100001|01011011000000
14 000|0010100|001110110000|11100010101100
BX = 111 Event : 8
00 100|0011110|001101010111|11001000000111
01 100|0010000|000010100111|10101011010100
02 011|0010001|001110100001|11000001010101
03 101|0010001|001101101000|10111010101111
04 101|0100010|001101101001|11101101110011
05 010|1110110|001100101011|11110001010101
06 010|0010101|001101101000|11101101111111
07 001|0001111|001110110110|01110010100000
08 110|0011110|001111111100|10111101111100
09 000|0010000|000101001000|10111001100100
0a 000|1101000|000111101110|11111001001000
0b 111|0100001|001101000000|11100010101100
0c 111|0010100|001110010010|11100011000011
0d 111|0010001|000100100111|11001000101110
0e 111|0011100|001111011111|10100011100001
0f 111|0011101|001111011101|01010100100010
10 000|0011101|001101110110|10110000100001
BX = 000 Event : 9
00 010|1101000|000101010011|11111100101110
01 010|0010101|001011100111|11101100000001
02 101|0011101|001010100011|10101100110011
03 001|0100000|000101111011|00100101011010
04 001|0011110|000111111110|01000001101010
05 001|0010011|001001010001|00101000011101
06 001|0010001|000111110101|01000010101111
07 001|1110101|001011001010|00000111010110
08 000|1101001|000000001100|11111000000001
09 000|1110111|000001101010|00010001001010
0a 000|1101001|000000011011|11110100011100
0b 000|0010011|000100011101|11011100111110
0c 111|0010000|000100101100|01010110100001
BX = 001 Event : 10
00 011|0001111|000010001000|01011010011010
01 011|0010001|000000001100|00111110111110
02 010|0001111|001110101110|01011111000001
03 010|1101000|000100011111|00000011110110
04 101|1101001|000010010111|00001000011010
05 101|1101000|000100011010|00000110000100
06 101|0010000|001011110001|10101110011000
07 001|0100001|000100001101|11011111111100
08 110|0011111|000011110011|00110001101110
09 001|0011111|000101111011|11010000111111
0a 111|0001111|000111100011|01111110001100
0b 111|0010001|000010110100|01000100001001
0c 000|0010001|000111000101|10111111110011
0d 000|0011101|000101111000|01010110100000
0e 000|0011100|001101001111|01011001011010
0f 000|0010001|000111011001|11000100101111
10 111|0010001|000011000001|00111001000110
11 000|0011101|001000101100|10110010110101
12 111|1110101|001011010010|11111010000011
13 111|0011111|001101011001|00101101111011
14 000|0011110|000100010010|11000010011101
15 111|0100001|000011010100|00011011110000
16 111|0100001|000101110101|00011001100101
17 111|1110101|001010110011|11111001111100
BX = 010 Event : 11
00 011|0011100|000110101001|01100110010010
01 011|0011100|000110000111|01100111110011
02 100|1101000|000110111101|00000110010100
03 011|0010000|001110000111|01010100110111
04 011|0011110|000100010000|00111110001100
05 011|1101010|001001000100|11101001110111
06 010|1101000|001110110011|11111101011101
07 010|1101000|001110010100|11111101011101
08 010|0011100|000101101011|01101010011110
09 010|1101001|000101001000|11110011100101
0a 101|1101001|000000000100|11110100100100
0b 010|0100001|000001110010|00011111000101
0c 001|0010000|000110101101|01010110111111
0d 001|0011100|000000101010|01110010011000
0e 110|0011101|000110101011|01010110100111
0f 110|0011101|000101110011|01010101010110
10 001|0001111|000110110011|01011010011010
11 110|0011100|000001001001|01100111110011
12 000|0010000|000100110001|01001101110011
13 111|0001111|000111011001|10010111111101
14 000|0011100|000011101100|10001010010100
15 000|0010001|001110001100|11000000000010
16 111|1101000|000100111001|00000000100000
17 000|0011100|000110100100|10001110100000
18 000|0010001|000100010000|00111110111110
19 111|0010101|000100110110|00010110001001
BX = 011 Event : 12
00 100|0001111|001110011001|10011001010000
01 011|0010001|001101111010|01000010100111
02 011|0011100|001111100010|10100100011101
03 011|0100000|001000001101|00100100001001
04 100|0011110|000001100000|10111111000110
05 010|0001111|001100010010|10010100101010
06 010|0001111|001101110000|10011001011000
07 010|0001111|001011101100|01100100111010
08 101|0001111|001100010101|01011111011111
09 110|0011100|001000010101|10001111101010
0a 110|1101000|001001001100|00000000001001
0b 001|0010000|000101010011|10100111011011
0c 110|0011111|001101010111|11001111100111
0d 111|0011100|000000101111|01100010110011
0e 111|0001111|001011110001|01110110110111
0f 111|1101000|001011100001|00000010001111
10 000|0011100|001101100110|10011000010001
11 000|0100010|000001011011|11101010001001
12 000|1101010|001000111111|00010000110011
13 111|0010000|000000000100|01001111100100
BX = 100 Event : 13
00 011|0010101|000000010110|00010001100111
01 011|0011100|001000111011|01101001110001
02 011|0011101|001111011000|01001111010100
03 100|0010000|000101011011|10101010100111
04 100|0010001|001101101000|11000000100111
05 011|0011110|001101101110|11000101100100
06 011|0011100|000001000110|01110111001001
07 011|0010001|000010000000|00111000111111
08 010|0011111|001101110000|11001101101001
09 010|0010000|000100100010|10110110010001
0a 101|0011111|001100110011|11001110010110
0b 101|0011111|001011000010|11001101101001
0c 010|0010000|001110001111|01001101000110
0d 110|0001111|000011000011|10001111110011
0e 001|0010011|001011100001|11011110010001
0f 001|0001111|001100010010|01110100101111
10 110|0011110|000011000101|00111001010101
11 001|0010011|001110000101|00100111111111
12 110|0100000|001000101001|11010101101101
13 110|0010100|000101010000|00011001110000
14 001|0011101|001000010111|10110001110010
15 001|0011101|001011011110|10110010010000
16 001|0010010|001011100100|11001110100101
17 001|0100010|000100010000|11101010110101
18 000|0010101|000100010010|11101011111001
19 111|0010010|000101000011|00101110010100
1a 111|0010001|001110000101|01000001100100
1b 000|0001111|001101110101|10010001011101
1c 000|0011110|000001011011|11001000011101
1d 111|0011100|001111100101|10000111001011
1e 111|0010101|000110110101|11101110010110
1f 000|0011111|001011010111|11001110000111
20 111|0010010|000101010011|00110011001111
21 000|0011111|001010100001|11001111010001
22 000|0001111|000111100110|10010000000011
23 000|0011111|001111010101|11001101100010
BX = 101 Event : 14
00 011|0011100|000100010010|01100110110111
01 011|0001111|000100010000|01111101000001
02 011|0010101|000100110100|00010010000100
03 011|0011100|000011011010|10000101001101
04 011|1110111|001000100010|11101110000100
05 011|0011100|000000111100|01110011100010
06 010|0100010|001000101111|11101001100100
07 101|0010101|001100010101|00010101010101
08 101|0010100|000101011000|11100111110101
09 001|0011100|000001101000|01011101101100
0a 001|0100010|000110010100|11101011000100
0b 001|1101001|000000100110|11110011111101
0c 000|0100001|000110000000|00011111010100
0d 000|0010001|001001100110|10111111001101
0e 000|0011101|000110000000|10101110111001
0f 000|0010010|000010110100|11001010010111
10 111|1101001|000100100010|00010000100011
11 111|0001111|000101001000|10000011110000
12 000|0010000|000000001001|10110011011100
13 111|0001111|001001010110|01110001111010
14 111|0100001|001101110110|00011100011100
15 000|0001111|000000100110|10011001000001
BX = 110 Event : 15
00 011|0011101|001101110110|01000110101111
01 011|0001111|001011110110|01110101100100
02 100|0010000|000100100010|10101010111101
03 100|0001111|000110110101|10001110001010
04 001|0100000|000110100100|00100111010111
05 110|1110101|001100101011|11111101000110
06 110|0011101|000011110001|10110110000100
07 111|0010000|001110001111|01000110000010
08 000|0001111|000100011101|10010111010111
BX = 111 Event : 16
00 011|0010000|001100001000|01000111111010
01 011|0001111|001001101011|01111100110010
02 100|0010100|000000011001|11100110000101
03 011|1110101|000001000110|11111100000111
04 011|0001111|000100101010|01011110001100
05 011|0001111|000000000010|01110111000111
06 011|0011110|000000101010|01000001010100
07 011|1101000|000100111001|11111111110011
08 011|0011101|001000111011|01010101110011
09 011|0001111|000000001001|10001100001001
0a 011|1101010|000000100110|11101001010111
0b 011|0010011|000101011011|00100001110011
0c 011|0001111|000101011011|01011001010110
0d 100|0011100|000011110001|10100011110000
0e 010|0010100|000000100110|11100011010010
0f 010|0001111|000111011001|01101100100110
10 010|0011100|001101101110|10010100111001
11 010|0010000|001101100110|10110100100000
12 010|0001111|001011101001|01111111001001
13 101|0100001|000000110111|11100010111011
14 101|0001111|000111001111|01011111000001
15 110|0001111|001110101001|10001101010101
16 001|0011100|001010110000|01110101110111
17 001|0100010|000001110111|00010010111100
18 001|1110110|001101001100|11110011001001
19 110|0011101|001101100110|10110100011101
1a 000|0011100|001011000000|01100111111010
1b 000|0011100|000001110101|10000010101001
1c 000|0001111|000001110011|10000011101001
1d 111|0010000|001101110000|10101111001101
1e 111|0010101|000001110110|00010010100010
1f 111|0011110|000001101101|01000010010110
20 000|0010000|000001111011|10101100010000
21 111|0001111|000100100100|01100111010001
22 000|1101001|000111011110|00001001010010
BX = 000 Event : 17
00 011|1101001|000110110011|11110101011011
01 011|0010011|001100000011|11011001111100
02 011|0001111|000000100000|10010000111000
03 010|1110101|001011100100|00000101011010
04 101|0100010|000110001010|11101101001111
05 010|0010000|001011011100|10111010101000
06 010|0001111|000111101001|01101110000000
07 110|0011100|000011100100|10100110001100
08 110|0011100|001010100001|10000111100010
09 110|0011101|000000111100|10111010001000
0a 000|0010100|000010001000|00010111011011
0b 000|1110110|000110110001|11110101010101
0c 111|0001111|000000000111|10010110010011
0d 000|0010100|001110000101|00011101100110
0e 000|0001111|001101110101|01101100011110
0f 111|0100000|001111011111|00100001101110
10 111|0100010|001010110011|00010101011101
11 111|0100010|001010010110|00010100011011
12 000|0100000|000101110000|11011010101010
13 000|1110110|001101000101|00001000101011
14 000|1110110|000100000101|00001010000001
BX = 001 Event : 18
00 011|0011100|000110100100|01011111110010
01 100|0011100|000001000110|10100110001100
02 010|0011101|001010101110|01000101110100
03 010|0010010|000100011101|00101100000101
04 010|0001111|000110101000|01111110001100
05 001|0010000|001110000010|10101100110110
06 110|0100010|000101110101|11101110001001
07 000|0010000|000111010111|10101101101011
08 000|0001111|000100011000|10010011111100
09 000|0011100|001000100100|10010101001111
0a 111|0011101|001111011101|01010000000000
0b 000|0011100|000110101001|01111101011010
0c 111|0010000|001111111101|01001001000101
0d 000|0011100|000001001100|10100100101100
BX = 010 Event : 19
00 100|0011100|001011011001|10100101101110
01 101|0011100|001111100010|10011000100111
02 101|1110110|001101100100|00001000111011
03 010|1110111|001111101100|00010010001000
04 001|0011110|001011001100|01000001111001
05 110|1101000|000101011101|11111111010100
06 110|0001111|000001110011|01101011111000
07 001|0010010|000000101000|00110000000100
08 111|0010010|000000100011|00101111100110
09 111|0100010|001111100010|00010001110011
0a 111|0011110|001111001011|01000010101100
0b 111|0011100|001010100011|10100111001111
0c 111|0011110|001000100100|00111000001011
0d 000|0011111|000000101101|00101110111101
0e 000|0010100|001110100001|11100010101100
0f 111|0001111|000101001110|01100111110000
BX = 011 Event : 20
00 011|0011100|001101011100|01111011010100
01 011|0011100|001101110011|10011111101100
02 011|0001111|001100000011|01111010111001
03 100|0001111|001010001010|10001011001101
04 100|1101010|000110110101|00010101101110
05 011|0010001|000010101001|01000001100100
06 101|0010101|000110111111|00001111111110
07 001|0011101|001111110111|01010101110011
08 110|0100001|000011110110|00100000011101
09 110|0011101|001000100111|01010000101101
0a 110|0010100|001011010010|00011011011000
0b 001|0011100|001101100100|01111011100011
0c 001|0100010|001011010010|00010100110001
0d 000|0001111|000000010110|10000000100100
0e 000|0010100|001100001101|00011011110110
0f 111|0011101|001010010110|10101101101111
10 111|1101000|000010001101|00000100011110
11 111|0010000|001010001010|10101100100111
12 111|0011100|001000010111|10001110100111
13 111|0011100|001011011100|01101101000010
14 111|0001111|001011011010|01101011101001
15 111|0001111|001011100001|10000101101001
16 000|0001111|001011111011|10011100001101
17 111|0010001|000001110110|01000100111110
18 000|0011110|000101101001|11000001011010
19 000|0011110|001001000001|11000011101110
1a 111|0001111|001001111000|01110000111101
1b 000|0010000|001101101011|10101100010000
1c 111|0011101|000101110011|01001101000111
1d 111|1110101|000011101001|11111100000111
BX = 100 Event : 21
00 011|0010101|001001010100|00010110011111
01 100|0100001|001010111010|11100110001001
02 100|0010100|000111000101|11100001010011
03 001|1110101|001011000101|00000110000000
04 000|0100001|001111110010|00011101110100
05 111|0010011|000010101001|00101001110111
06 000|0001111|000111100110|01110011101011
07 111|0100001|001000001011|00011010101110
08 111|0010001|001110101011|01000011110011
09 000|0010000|001001110101|10101000101110
0a 000|0100001|001011010100|11100110100110
BX = 101 Event : 22
00 011|0011100|001111000011|01011001111111
01 100|0001111|000111010111|10001110011001
02 101|0001111|001001100110|10100000101100
03 010|0011111|001010101011|00101101100100
04 010|0011100|001101011001|01111111101111
05 010|0010101|001001101011|11101010100111
06 001|0010001|001101110000|10111110101111
07 001|0011100|000000111010|10100101010001
08 110|1101000|001001110000|11111111011100
09 001|0010101|000100111110|00010000011100
0a 111|1101001|001001010001|11110010001110
0b 111|0011100|001101011001|01011000111100
0c 111|0010011|001110101011|11011001101101
0d 111|0011100|001101110110|01101110110001
0e 111|0010001|001101101011|10111101010101
0f 111|0001111|001110010010|01101011101001
10 000|0011100|001000000101|01111110001110
11 111|0011110|001101101001|01000000000010
12 000|1110111|000011101110|00010010111110
13 000|0011111|000011011100|11001111110101
BX = 110 Event : 23
00 011|0001111|001001001100|10100000011101
01 011|0100001|001011100001|00011101100110
02 011|0010100|001011011111|00011101101110
03 100|0010000|001011110110|10101101000101
04 011|0010000|001001000010|01010110001010
05 100|0011100|001010101000|10100100011101
06 011|1110111|001101100001|11101100010000
07 101|0011111|001101000010|11010001011101
08 101|0010000|000100101010|10110111011100
09 010|0011100|000110110001|01100110011010
0a 010|0011111|001111001000|00110010100010
0b 010|0100010|001101001111|11101110011000
0c 010|0011110|001111000110|00110111000001
0d 110|0001111|001001001111|01110110110111
0e 110|0011100|001000000000|01110010101110
0f 110|0001111|001001101011|10100000001110
10 001|0011111|000000111100|11001101101001
11 110|0100010|001000010101|00010101000000
12 111|1110110|001011001010|11110111010001
13 000|0010000|000000010001|01001011110011
14 000|0011111|001111010011|00110010101001
15 000|0001111|000110110011|01100111001010
16 000|0001111|000110101101|01100111001010
17 000|0010100|000111010001|00011110110001
18 111|0011110|000011111000|01000001101010
19 000|0011110|001111011101|11000001001011
1a 111|0011101|000011001000|01001111100011
1b 111|0100010|001101111001|11101100001101
1c 111|0010101|001001101101|11101101010011
1d 111|0100010|001101011001|11101011100001
1e 000|0010100|001110110100|11101000101001
1f 000|0001111|000011000011|01100101001001
20 111|0011110|001000100010|00111110111000
21 111|0100001|000110100100|00011101010000
22 111|0001111|000100101111|01101100011110
23 111|0010010|000111101001|00110001001000
BX = 111 Event : 24
00 011|0010101|001001010100|00010110011111
01 100|1101000|000001110011|00000101010101
02 010|1110101|000001110010|00000100111010
03 010|0001111|001100010101|10011111000011
04 010|1110111|000000110010|00010010010111
05 001|1110101|001011000101|00000110000000
06 000|0100001|001111110010|00011101110100
07 000|0010101|000000100000|00010000010101
08 111|0100001|001000001011|00011010101110
09 000|0001111|001110100001|10011000000101
BX = 000 Event : 25
00 011|0001111|001001010110|01101000101100
01 011|0010100|001000111101|00011010101100
02 011|0001111|001001100110|10100000110100
03 011|0100000|001000110110|00101001110001
04 011|1110101|001111011101|11111100111110
05 100|0001111|000000001100|10010001110100
06 011|0011100|001111000011|01011001111111
07 100|0001111|000111010111|10001110011001
08 010|1101000|001010001100|11111010111111
09 010|0011111|001010101011|00101101100100
0a 010|0011100|001101011001|01111111101111
0b 010|1101001|000111010111|11110110011011
0c 010|1101000|000111010111|11111100010110
0d 001|0011100|000000111010|10100101010001
0e 001|0001111|000110110011|01110000111101
0f 110|0010001|000100110100|10111101010101
10 001|0011101|000011010010|10101110110001
11 110|0100001|001000100111|00011010010001
12 001|0011100|001000000101|01111110001110
13 110|1101001|000101010011|00001101000110
14 000|0010000|001100010101|10110110011001
15 000|0100001|001001000110|00011010101110
16 111|1101000|000101000001|00000110001100
17 111|0010001|000101001011|11000110011111
18 111|0011100|001101011001|01011000111100
19 111|0010001|001110101110|00111110101111
1a 111|0011100|001101110110|01101110110001
1b 111|0010001|001101101011|10111101010101
1c 000|0011100|001000100010|01111110010110
1d 111|1110110|001111000110|11110010011011
1e 111|0011100|001010100110|01110101101000
1f 111|0011110|001101101001|01000000000010
20 000|0010011|001011100111|11011100101000
21 111|0010010|000000011110|00110100110000
22 111|1101000|001001110000|11111111001100
23 111|1101000|000111110011|11111101010101
24 000|0011111|000011011100|11001111110101
BX = 001 Event : 26
00 011|0011101|001011000111|10111001001101
01 011|0010101|000101010011|00010000111010
02 011|0011100|001111101111|10100000101111
03 011|0010001|000010110110|11000001011100
04 011|0010011|000110101101|11011101100100
05 010|0010001|000010100010|11000111101010
06 010|0011101|000011010010|10101110100011
07 010|1110101|000011001010|11111010001011
08 101|0010000|000111101011|10111000101000
09 010|1101001|000010010111|11111000100001
0a 010|0011101|000001101010|10110101110110
0b 010|0100010|001101000000|00010110110101
0c 010|0011101|001010110101|10111001010100
0d 101|0011111|001100111101|00101011010001
0e 101|0001111|000100010101|01110111111100
0f 110|1101010|000111010111|11101010100110
10 110|0100001|001101000000|00011000011100
11 110|0010101|000111110000|11101011000101
12 110|0001111|000010100100|10011011101111
13 001|0010101|001100100010|00010110010000
14 000|0010011|001100100010|11010111110101
15 111|0011100|000001001110|01011010101011
16 000|1101000|001011101110|11111111000100
17 111|0010001|000000101000|11000001101011
18 111|0011100|000011101110|01110001010101
19 111|0010101|000110101011|11101100011111
1a 111|0010000|001110100001|01001100000010
1b 111|1110101|001101000010|11111000111101
1c 000|0001111|000010101111|10100010000111
1d 000|0010011|000010001010|11011000111001
1e 111|0011110|000011000101|00111111101100
1f 000|0010011|001110100100|11011100011001
20 111|1110101|000001011011|11111101010101
21 000|1101000|001100000011|00000110001100
BX = 010 Event : 27
00 011|0010010|001110110000|11010100100100
01 100|0010100|001011111001|11100001010011
02 011|1110101|001101011100|11111110100011
03 011|0100000|001010011011|11011001101111
04 100|0010100|001100000000|11100000000001
05 011|0011100|000001100011|10001010111001
06 100|0010000|000010110100|10101010000001
07 010|0010000|000010000101|01001111000110
08 010|0011111|001101100100|11001101000100
09 010|0010101|001011010111|11101001011101
0a 101|0100010|001011010111|11101001010110
0b 101|1110110|000100001101|00001001010010
0c 101|1101001|000100001101|00001000111010
0d 101|1101001|001100001011|11110001011111
0e 110|0010000|001001100110|01001111111011
0f 111|0010000|000111001010|01001010100000
10 000|0100010|000110011111|11101101001111
11 000|0011100|001000111110|01101001001100
12 000|0010000|000010110110|01010001011101
13 111|1110101|001000011101|00000100100011
14 111|0011110|000110100001|11000101001110
15 000|0001111|000111100011|10100111001100
16 111|0011110|000001000100|00111010111101
17 000|0010100|001100010111|11100010101100
18 000|0010100|000101001110|11100011110111
19 000|0010000|000110101011|01001001011100
1a 111|1101001|001101110101|11110001100111
1b 111|0010100|001110000000|00011000001000
BX = 011 Event : 28
00 100|0100001|000001010110|11101000101010
01 100|0011100|000001100101|10010010011101
02 011|0100000|001111111100|00100001100111
03 101|0100010|000001110010|11101010011000
04 110|0010001|000010001010|01000001101011
05 001|0010011|000010010010|11011100110000
06 110|0011100|001010101110|01101111011110
07 111|1101000|000100111100|00000110001100
08 111|0010011|000111101011|00100111010010
09 111|0010001|000010000011|00111101100100
0a 000|0011110|000100001101|11001001001001
0b 111|0011110|000110101011|01000001011011
0c 000|1101010|001001000010|00010110111100
0d 000|0010100|000010000101|11100001011010
0e 000|0010000|000101000110|10110001100100
0f 111|0011101|000011110001|01001100010011
BX = 100 Event : 29
00 100|0010000|001001100110|10110011100100
01 100|1101000|000101001011|00000110111100
02 100|0010010|001110001010|11001010100110
03 011|1101010|001101110000|11101001011111
04 010|1101000|000111100110|00000010010111
05 010|0011101|000110101001|01000110101111
06 010|0011100|001101001010|10000000100011
07 010|1101001|000110111000|00001001110001
08 101|0010010|000000100011|11001101001011
09 010|1110110|000110100100|00001100101011
0a 010|1101001|000110111000|00001110001101
0b 010|1101010|000010101111|00010000101011
0c 110|0100000|001010101110|00100100001001
0d 001|1101010|001100010000|00010110010101
0e 001|0011101|000001010110|01000101001000
0f 110|0011111|001101000010|00101111110001
10 000|0011111|001101101001|11010011001011
11 111|0010000|000100101100|10110001110011
12 111|1110101|001100111010|00000101001010
13 000|0100000|001010101000|00100100100110
14 111|1101000|001010000000|00000000000001
15 000|0010010|000010001101|11001110001111
16 111|0011100|000111111011|10000000001101
17 111|0010000|000100110110|01001000111110
18 111|1110110|000101101001|11110001110100
19 111|0001111|000110111111|01100101011001
BX = 101 Event : 30
00 011|1101001|001011011010|11110110010011
01 100|0100010|001000101111|11101001100100
02 011|0011100|000100010010|01100110110111
03 011|0001111|000100010000|01111101000001
04 100|0010100|000000101000|11100101100111
05 011|0011100|000011011010|10000101001101
06 011|1110111|000001010110|00010001001010
07 100|0010000|000110101101|10101001001100
08 011|0011100|000000111100|01110011100010
09 101|0010101|001100010101|00010101010101
0a 101|0010100|000101011000|11100111110101
0b 010|0010000|001010001100|10111001000110
0c 001|0011100|000001101000|01011101101100
0d 001|0011101|000110000000|10101110111001
0e 001|0100010|000110010100|11101011000100
0f 001|1101001|000000100110|11110011111101
10 000|1101001|000100011111|00001000110010
11 111|0001111|000101001000|10000011110000
12 000|0100010|001011011110|11101001011101
13 000|0010000|000000001001|10110011011100
14 111|0001111|001001010110|01110001111010
15 111|0100001|001101110110|00011100011100
16 000|0001111|000000100110|10011001000001
BX = 110 Event : 31
00 011|0011100|000001101101|10000100101000
01 011|1110111|000110000101|00010011010101
02 011|0011110|001000101111|01000000100000
03 011|0011110|001000101111|00111100011101
04 011|0011110|001111101010|11000101110011
05 101|1101001|000110101101|00001111111100
06 010|0001111|001001001100|01111100100011
07 101|0011101|001001000001|01001001110000
08 101|1101001|001001011001|00001000110010
09 110|0011100|001000100111|10101001010101
0a 110|0011100|001011010010|01101100111010
0b 110|0001111|001011010010|01101100001111
0c 110|0011100|001001001000|10000010011010
0d 110|0011101|000011101110|01001010000110
0e 000|0011101|001000100010|10111000101111
0f 111|0011100|001000111011|10100101000010
10 111|0010010|000101010011|11010000010110
11 000|0001111|001110000010|10100011010010
12 111|0010011|000111100110|00100001001110
BX = 111 Event : 32
00 100|0001111|000111011110|10010110101010
01 100|0001111|001001101011|10100100000000
02 010|0010010|000010011100|11001100100110
03 010|1101001|000111011110|11110111100010
04 101|0011101|001111011111|01001010101011
05 001|0001111|000111100011|10010100001011
06 110|1110110|001011001100|00001111000110
07 110|0010100|001111111101|00011000001111
08 000|0010100|000010001010|00011001111111
09 000|0010011|001101101011|11010101001001
0a 000|0011100|001010111101|10100000100000
0b 111|0010001|000111000101|11000000110110
0c 111|0011110|000111111110|00110111110101
0d 111|0011101|001100111000|10111010010111
0e 111|0100010|000011101110|11101011101000
0f 000|0010011|001110001010|11010101010001
10 000|0001111|001011110011|10100000001110
11 000|0011100|000011101001|10010011010001
BX = 000 Event : 33
00 011|0010010|001110011001|00110000010011
01 100|0001111|001110100110|10011001000001
02 011|0100000|001000001000|11010110100001
03 100|0011110|001111011010|11000000000001
04 010|0011101|000011110110|10101110111001
05 010|0010100|000100100010|11100100010101
06 101|0011100|000110010111|10000000011100
07 010|0011100|000101111000|10000000110010
08 101|1110110|001010010110|11110001001101
09 110|0011101|001101011110|01010110100000
0a 110|0010000|000111101001|01010010110000
0b 111|0010100|000100011101|11100011111111
0c 000|0011101|000110011001|01010011011111
0d 111|0011100|000100000101|10010001010010
0e 000|0011100|000101101001|01101111101101
0f 000|0010000|000111101001|01010100101000
10 000|0011110|001101110000|00111101011111
11 111|0010001|001110001111|11000011101011
12 111|0011110|001101010100|11000000011111
13 111|0010000|001011111011|01001110110111
14 000|0011100|000101110000|10011000000010
15 111|0010000|001100100010|01010101101100
BX = 001 Event : 34
00 011|0010101|001010001010|00010001001001
01 011|1101001|001110100110|11110000100000
02 011|0001111|000010111110|01011110011011
03 010|0100001|001010100001|11100010010110
04 101|0010001|000110110101|10111011110011
05 101|0010101|000001110110|11101110101100
06 010|1101001|001110100001|11110101100011
07 101|0011111|000011111011|00101011100000
08 010|0011101|001000010111|10111011101000
09 010|0010001|000111001010|10111100000010
0a 010|0011100|001100101110|10000111000100
0b 101|0010001|000111010100|11001000011111
0c 001|0011100|001010101110|01110010000001
0d 001|1101000|001110110110|00000000011000
0e 001|0001111|001001001100|01111101010000
0f 111|0100001|001101110000|11100101010101
10 111|0001111|000010011010|01100000111001
11 111|1110111|000001110111|11101101000110
12 000|0011100|000110101011|10100111011110
13 111|1101010|000001110110|11101011110101
14 000|0010001|000110101011|11000110010000
15 000|0100001|001100111101|11100011011000
16 000|0011100|000011010010|01111110000111
17 111|0011111|000011110110|00110001010000
18 111|0100000|001011000000|00100101111110
19 111|0010001|000111000010|01000000100000
1a 111|0001111|000100110001|01100111000010
1b 000|0001111|001100100010|10011001010000
BX = 010 Event : 35
00 010|0010011|000100011000|00101000101100
01 010|0011100|000011100100|01101011101000
02 101|0011101|001001000011|10101100110011
03 110|0011110|001010100001|01000001001100
04 110|0100000|001111001000|00100100110101
05 110|0010001|001001010001|11000100001001
06 001|0010001|000010010101|00111100101000
07 001|0011100|001001000110|01100101001111
08 111|0010010|000101011000|00101110000101
09 111|0010010|000110111010|00101110000101
0a 000|1110110|000011100110|11110111010001
0b 000|0011101|000001001110|01010000101101
0c 111|0100000|000000111100|00101000010010
0d 000|0011100|000000110111|10010110011010
0e 111|1101000|001011011100|11111100110101
0f 000|0011111|001000111011|11010011011010
BX = 011 Event : 36
00 011|0011100|000101110101|01011100001100
01 011|0011100|000001101010|01011000111100
02 101|0010010|001101110000|11010000001110
03 010|0011110|001010110011|00111000000100
04 010|0011110|000011010010|10111110110000
05 001|0001111|001100011010|01110000010000
06 001|0011110|000011011010|11000110000010
07 001|0011101|000100001000|10110000000011
08 001|1101001|001110011100|11110010001110
09 000|0011100|000101110000|10100000000011
0a 111|0011100|000000111010|10010100000101
0b 000|0011110|001010100001|00111000001011
0c 111|1110111|001010100001|11101110101011
0d 000|0100000|000100000000|00100011101011
0e 111|0011100|000110001111|01110011010011
0f 111|1101010|000111010111|00010101110101
10 111|1110111|000000111111|00010100100010
11 000|0011100|000001001001|10010001111111
12 000|0011110|000100000011|11001000011101
13 111|0010101|001110000010|11101101111000
14 111|0011100|001101000101|01110000110111
15 111|1101010|001110000111|11101001001111
BX = 100 Event : 37
00 011|0010001|001011110011|01000000011000
01 101|0001111|001011110001|10011010100011
02 101|0010010|001100001011|00101101011111
03 101|0011111|001101001010|00101100010011
04 101|0010000|000111101001|10101110010000
05 101|0011110|000011100100|01000010010110
06 001|1101010|000000101000|00010110010101
07 110|0010001|001110000010|00110111101100
08 001|1110110|001100111010|11110001011101
09 001|1110110|001000010101|00001000110011
0a 000|1101001|001001011011|11111000001001
0b 000|0011100|001000001011|10100010000001
0c 111|0011110|000011110011|01000010001111
0d 000|1101001|001001100001|11110101101011
0e 000|0010011|000100011111|11010111100110
0f 111|0011100|000001011011|01101100010101
BX = 101 Event : 38
00 011|1110110|001100111000|00001010110111
01 011|0011101|001011000111|10111001001101
02 101|0010000|000111101011|10111000101000
03 010|0011101|000001101010|10110101110110
04 010|0011101|001010110101|10111001010100
05 010|0011100|001111101111|10100000101111
06 101|0001111|000100010101|01110111111100
07 000|0010011|001100100010|11010111110101
08 111|0011100|000001001110|01011010101011
09 111|0010001|000000101000|11000001101011
0a 000|0001111|001100011101|01111011000000
0b 111|0010000|001110100001|01001100000010
0c 111|1110101|001101000010|11111000111101
0d 111|0011110|000011000101|00111111101100
0e 000|0010011|001110100100|11011100011001
BX = 110 Event : 39
00 011|0011100|001100110000|01111111011001
01 011|1110110|000100000000|00001111110101
02 011|0011100|001010010100|01011111100011
03 011|0100000|001101000101|00100011101011
04 011|0011101|001011100100|01010100101001
05 011|1110111|001101001010|11101011110001
06 010|0100000|000110011100|00101001001100
07 110|0011100|000011001101|10001000010110
08 001|1110101|001111101111|00000010010111
09 001|0010000|000010001010|01001001100100
0a 000|0011101|001010011011|01001100110001
0b 111|0100001|001100110011|11100100001100
0c 000|0010001|001011100001|00111101101011
0d 000|0100001|000001010110|11100011110110
0e 111|0011111|001011010111|11010001000110
0f 000|0100001|001101010010|11101000110001
10 111|0001111|000000000111|10011011010001
11 000|0001111|001001101101|10001111001110
BX = 111 Event : 40
00 011|0011100|000011000101|01111111110111
01 011|0001111|000000000100|01111101000001
02 011|0001111|001001001001|01101001010010
03 011|0011100|000110011001|10100000101000
04 011|0011110|001100111010|00111001100100
05 011|0001111|000111010111|01110011000110
06 011|0010000|000011000011|10101010010000
07 011|0001111|000100010000|10010001010110
08 010|0011100|000011010111|10010010110011
09 010|0001111|000100100010|01110111111100
0a 010|0001111|001100000101|01011101010111
0b 010|0010010|001100001101|11001001101010
0c 010|0010010|001110100100|00110100101001
0d 010|0010010|000111001111|00101100011100
0e 010|0001111|001001100001|01101001001010
0f 010|1110110|000001101010|11111000001111
10 101|0001111|000000000111|01100001001001
11 101|0001111|000100111100|01110111101101
12 110|0001111|001101111101|01011011010110
13 110|0010001|000100011010|00111101110011
14 001|1110101|001000100100|00000001111000
15 001|1110110|001010101110|11101111101001
16 110|0011101|001111000011|01001110000010
17 111|0010010|001100001000|00101110101010
18 111|0011101|001000011010|10101001101011
19 111|0001111|000000000100|01011010110001
1a 111|1101000|000000011011|00000001100000
1b 111|0011100|001001000011|01110011011010
1c 000|0011110|000001010001|11000011011000
1d 111|0010000|000100001101|01010111000111
1e 111|0010011|000100100010|11010101011000
1f 000|0100001|001000001000|11100101110010
20 000|0001111|001001100110|01100000100011
21 000|1101000|000100111001|00000100000110
22 000|1101000|000100110100|00000100000110
23 000|0011101|001000101111|10110010000001
BX = 000 Event : 41
00 011|0011100|001011001010|01101000110110
01 100|1101000|001001011011|00000101110100
02 011|0010001|000100011101|00111110100000
03 011|0011110|000110010100|00111111000111
04 101|0010010|000010000101|11010100001101
05 101|0100010|001111101010|11101101001111
06 101|0100001|000011001111|11101000001101
07 101|1101001|000010100111|11101111110001
08 110|1110111|001101110110|00010001110000
09 110|0011100|001100101011|10100000000011
0a 110|0100010|001101100001|11101101100101
0b 110|1101010|001101111101|00010000110011
0c 110|0011100|000001001100|01100111000110
0d 000|0011101|000100001000|10111010100101
0e 000|0001111|000000100110|10000111001011
0f 111|1110111|001100111010|11101011001010
10 111|0010000|001110000111|01010011010101
11 111|1110110|001011100100|00001011010110
12 111|1110110|000001110101|11110111111000
13 111|0010101|001101101000|00010011100101
14 000|1101001|000111011110|00001100011111
15 000|0011100|001011011001|10010011101111
16 000|0011100|001010010100|10010101011110
BX = 001 Event : 42
00 011|0001111|001001110011|10000111011011
01 011|0001111|001001101011|10001010000001
02 101|1101010|000000001001|00010010100001
03 101|0010010|000010110100|00101110100011
04 110|0011100|001100110101|10011111110100
05 000|0001111|001001100110|10000010101100
06 000|0010100|001011110110|00011011011000
07 111|0010011|000000000010|00101000000111
08 111|0010000|001110001010|01001010001001
BX = 010 Event : 43
00 100|0011101|000101100011|10110101000010
01 011|1101001|001101111010|11110001100111
02 011|0011110|001111100101|00111010011111
03 011|0011100|000011110110|01110011010011
04 011|0010001|000101001000|00111100101000
05 010|0011101|001101101110|01010010000110
06 010|1101001|001100000101|11110000101000
07 010|0100010|001111011101|11101001001110
08 010|0010101|001001001001|11101010000010
09 010|0011111|000011101001|00110000000111
0a 010|0011100|000011001010|10000000001101
0b 101|0010010|001100000101|11001101000100
0c 110|0001111|001001011011|10010001111100
0d 110|0011100|001000010000|10001101110011
0e 001|0001111|001001010100|10001111011101
0f 110|0010001|001001000010|00111001100100
10 001|0011100|000110101110|01100000100110
11 001|0011111|001100101110|11001100000010
12 110|0010100|001110011100|00011000110100
13 001|0010101|000010111110|00010100011001
14 110|0011101|001010011011|10110101011111
15 111|0011111|001011011110|11001101111111
16 111|1110110|000110010111|00001010101111
17 000|0001111|001011110001|01100101110111
18 111|0011111|001011001111|11001100011111
19 111|0011100|001000100010|01110111000001
1a 111|1101010|001011010101|11101101111011
1b 111|0001111|000111011100|10001010111110
1c 000|0010010|000010110100|11001001011011
1d 000|0011100|000011100110|01100011001010
1e 000|0010010|000111010100|00101111101110
1f 111|1110110|001000010111|11111000010111
20 111|0011100|000011010010|01100010011101
21 000|0011111|001111111110|11010011110000
22 000|0010001|001100010101|10111101100100
23 111|1110111|001011011100|11101111000010
24 111|1110111|001010010100|11101111000010
25 111|0100001|000001001001|00011101110100
26 000|0010000|001001100110|10110000100000
BX = 011 Event : 44
00 011|0011111|001000000000|00101110011000
01 011|0011101|001101101001|01001110111110
02 011|1101001|001100011111|11110001001111
03 011|0011110|000001110101|10111110010010
04 011|0100001|001111101010|11100001101010
05 101|0100001|000100010010|11100111101111
06 010|0010101|001011110001|11101111011001
07 101|0100000|000001110111|00101001001100
08 101|0010011|000101010011|00101000101100
09 010|0011110|000000111010|10111110011010
0a 110|0011100|000001001001|01110110010100
0b 001|0010100|001010001100|11100101011000
0c 001|1101001|001011101110|11110010101110
0d 001|0011100|001010010100|01100101100110
0e 000|0010101|000111100001|11101100011111
0f 111|1110110|001000010101|11110011111000
10 111|1110111|001011001010|11101101110100
11 000|0001111|001011010111|01110001100011
12 000|0010000|001110000101|01011000001011
13 111|0010000|000110101101|01010101010101
14 000|0100010|001011000111|11101011100001
15 111|0010101|000111000111|00010011011110
16 000|0010010|001000111111|11010011100000
17 111|0001111|001110100001|01011101010111
18 111|1101000|000111011110|11111110101100
BX = 100 Event : 45
00 011|0011110|000011110011|00111011101001
01 001|0011100|001010100011|10100111001000
02 001|0010101|001110011001|00010011101100
03 110|0011111|001111000011|11001110101100
04 111|1101001|000000001001|00001010111000
05 000|0001111|001011101001|10000001011001
06 111|0001111|001110000010|10010110011011
07 111|0010001|000000011011|01000100100111
08 111|0001111|000101011000|01101111111001
09 000|0010011|001011100100|00100111100001
0a 000|0001111|001001100011|10010001010110
0b 000|0011100|001011100100|10000000011100
0c 000|1101000|000010010111|00000110101100
0d 000|0010000|000010100010|10110101011100
0e 000|0011100|001000000000|10011001111001
0f 000|0001111|001101110011|10011000011011
10 000|1110101|001010011011|00000111001110
BX = 101 Event : 46
00 011|0001111|000000010110|10000001000010
01 011|0010101|000101001011|00010011001111
02 011|0010101|001010000000|00010000011100
03 011|0001111|000000011011|10000111011011
04 100|0001111|000001111110|10100111000100
05 100|0001111|000000010100|10001100000010
06 011|0011110|001010111010|00111001000110
07 010|0011100|001100101011|10010101111100
08 010|0010001|000011000011|10111011010101
09 010|0001111|001100011101|01101011011010
0a 110|0001111|001010000010|01110011111010
0b 110|0001111|000110111101|01101110101110
0c 110|0011111|000001101000|11010000001100
0d 000|0001111|000010001010|10000110101101
0e 111|0010001|000101010011|11000110001001
0f 111|0011100|000100010101|01101101011000
10 111|0001111|000100010000|01101100000000
11 000|1101010|001101110000|11101101111011
12 111|0011111|001011001010|00110100110101
13 000|0011111|001100110000|11001101010011
14 111|1101001|001001110101|00001111111100
15 111|0011100|000001011110|01111110111011
16 111|0010010|001110011001|00101100011100
17 000|0011100|001111001000|10100011011010
18 000|0010101|000010010010|11101001001110
BX = 110 Event : 47
00 100|1110110|001000111001|00001000110011
01 100|0010000|000110101101|10110001111010
02 100|0011100|001010110000|10010010001110
03 100|0100001|001101100100|11100001000110
04 100|0011110|001000010111|11000011110101
05 100|0011100|000100001000|10001011010000
06 011|0011110|001100111010|11000110100111
07 010|1110101|001001000110|00000110111111
08 101|0011100|001111101100|10000000001101
09 101|0011100|001101011001|01111111010001
0a 101|0010010|001101100110|11001110110100
0b 101|0011100|000111111011|10011001011011
0c 101|1110101|001000011101|00000011000110
0d 010|0011100|001000001011|10100011101001
0e 001|0011110|001101001111|11000000010000
0f 001|0011101|000101101001|10101100100100
10 001|0010010|001101111101|11001111001011
11 111|0001111|001011110011|10011010011100
12 000|0011101|001100110000|10110110110001
13 111|0011101|001111111100|10110010100110
14 000|0001111|000111000101|10001000010111
15 111|1101010|000100101111|11101111010001
16 000|0011110|001101000010|11000110110110
17 111|0001111|001100000011|10001000101110
18 111|0100001|001000101100|00011001110100
19 000|0010010|000101011000|00101101100111
1a 111|0011111|000000101000|00110010011010
1b 000|0011100|001111111001|10011010010110
1c 111|0010010|001010000111|00101101001001
1d 111|0100001|001000100111|00011001101100
1e 111|0010010|000000011110|00110001000000
1f 000|1110110|001000011101|00001001010010
BX = 111 Event : 48
00 011|0010101|000010101111|00010110011111
01 100|0011111|001010101000|11001100100111
02 100|0010010|000010010000|11001100001000
03 011|0010011|000010001000|11011000000100
04 011|1110111|000100001000|00010010001111
05 011|1101010|000101011000|00010011100000
06 011|0001111|001001001100|10001101010101
07 011|0010000|000100100111|01011000000011
08 100|0010011|000010010111|11011011111011
09 100|0001111|001110100110|10100101110001
0a 101|0011110|001101100110|10111101011111
0b 010|1101000|001001110011|11111110001101
0c 010|0011100|000011110011|01101100001101
0d 010|0010010|000010010111|11001100100110
0e 101|1110110|001010100011|00001110011000
0f 010|0010010|000100010000|11001100111100
10 101|0010010|000010010111|11010001111111
11 101|0010100|000010011111|11100100010101
12 101|0011110|000100000000|01000011010001
13 110|0001111|000010000011|10001110111111
14 001|0011100|000000110111|10101000101111
15 110|0001111|000010111110|10001010100111
16 001|0011100|000011011010|10010011011000
17 110|1101010|000010011010|00010001110010
18 110|0011100|000100000000|01101000111101
19 001|0010101|000010100010|00010011000000
1a 001|0011100|000001010110|10011010100101
1b 111|0010010|000010100010|11001101111000
1c 000|0011100|001011000010|01101011000011
1d 111|0100000|000011101110|00100110100011
1e 000|1101000|001001111000|11111110100100
1f 111|0010100|000010010111|00100000100001
20 111|1101010|000110111010|11101001001111
21 111|0011110|000011100110|10111110101001
22 111|0011101|000110100110|01010001011001
23 111|0010100|001001111101|00011010110011
24 000|0011100|001111011010|10010111010101
25 000|1101001|001001111101|11110011001101
26 111|0011101|001111011000|01001000101101
27 111|0011101|000100001010|01000111011100
28 000|1101001|000010111011|00001010000001
29 000|0001111|000100101100|10000011011001
2a 000|0100000|000110010010|11010110000100
2b 000|0010001|000111011100|11000001100100
2c 000|0011100|000011011100|10010010000110
2d 111|1101000|001001101101|11111101110101
BX = 000 Event : 49
BX = 001 Event : 50
BX = 010 Event : 51
BX = 011 Event : 52
BX = 100 Event : 53
BX = 101 Event : 54
BX = 110 Event : 55
BX = 111 Event : 56
BX = 000 Event : 57
BX = 001 Event : 58
BX = 010 Event : 59
BX = 011 Event : 60
BX = 100 Event : 61
BX = 101 Event : 62
BX = 110 Event : 63
BX = 111 Event : 64
BX = 000 Event : 65
BX = 001 Event : 66
BX = 010 Event : 67
BX = 011 Event : 68
BX = 100 Event : 69
BX = 101 Event : 70
BX = 110 Event : 71
BX = 111 Event : 72
BX = 000 Event : 73
BX = 001 Event : 74
BX = 010 Event : 75
BX = 011 Event : 76
BX = 100 Event : 77
BX = 101 Event : 78
BX = 110 Event : 79
BX = 111 Event : 80
BX = 000 Event : 81
BX = 001 Event : 82
BX = 010 Event : 83
BX = 011 Event : 84
BX = 100 Event : 85
BX = 101 Event : 86
BX = 110 Event : 87
BX = 111 Event : 88
BX = 000 Event : 89
BX = 001 Event : 90
BX = 010 Event : 91
BX = 011 Event : 92
BX = 100 Event : 93
BX = 101 Event : 94
BX = 110 Event : 95
BX = 111 Event : 96
BX = 000 Event : 97
BX = 001 Event : 98
BX = 010 Event : 99
BX = 011 Event : 100
