BX = 000 Event : 1
00 011|0010010|000001011100|11000001101111
01 011|0010010|001000100000|10011010011010
02 011|0000101|000000100001|11000110010000
03 001|0010101|001001110011|01001100000000
04 110|0000101|000010110011|11010000000001
05 111|0001000|000010110110|01001011001111
06 000|0010101|000001101001|01010011000110
07 111|0000101|000010010111|10011010011001
08 111|0000101|001001010110|11001010101011
09 111|0010010|000000101110|11000110011010
0a 111|0000110|000010110011|01110000010011
0b 111|0000101|000000000000|11000000111010
0c 000|0000101|001001011001|11001011110010
BX = 001 Event : 2
00 011|0000101|001111001010|01111111101110
01 011|0010010|000101101011|10011101010010
02 011|0001000|000101000110|01010000101100
03 010|0010010|000101011001|10000000111100
04 010|0000101|000110101001|11010000100100
05 010|0010011|000110010111|01101111001111
06 010|0000110|001001001110|01110001110001
07 010|0011000|000101010100|00100011100000
08 110|0010110|000111101000|01000100001101
09 001|0010110|001110010101|00111001101000
0a 001|0010101|001000001001|01001100101101
0b 001|0001000|000111000011|01001011111110
0c 110|0000110|000110010111|01101111000001
0d 001|0010010|001111001011|01111111010101
0e 001|0000101|001111000010|10000000000101
0f 111|0010010|000110001010|10011100111011
10 000|0010010|000110001101|10010011011010
11 111|0010100|000001110001|01010110000111
12 000|0010011|001111000001|01110110101111
13 111|0000111|000001101110|01010101000100
14 111|0000111|001001010110|01100101100000
15 000|0000101|001001011110|10101000111101
16 000|0000110|000100111001|01111000111011
17 111|0000110|000010010100|01111110010000
18 111|0010110|001111001000|00111110001101
BX = 010 Event : 3
00 011|0010101|000011111111|01001111111001
01 010|0001010|001110110110|00110000011100
02 010|0010010|001010101110|10011101011101
03 010|0000110|000100100111|01111100100110
04 010|0001000|001001011110|01001100101100
05 010|0010100|001010001010|01011101111100
06 101|0001011|001001011110|00101100110110
07 010|0010011|000000111011|01110001101111
08 101|0010010|000010111111|11011010110111
09 101|0010010|000111110100|11001010001011
0a 001|0000101|001101101010|10010111000101
0b 110|0010010|001011111100|10000011101000
0c 110|0010111|001110110110|00110001000000
0d 110|0010010|000001110100|11000100011100
0e 110|0000101|001101101111|10010000110100
0f 111|0001000|001111101110|01001001111110
10 000|0010010|001110111100|10000100010110
11 111|0000111|001001100000|01100101100000
12 000|0001000|001111101001|01000111111110
13 000|0010100|000001110100|01011011101000
14 111|0000101|001100111111|11010101010110
15 111|0001000|000000100100|01001111001111
16 111|0010010|000000100110|10001110111011
17 111|0000101|001010101101|10011100011011
18 111|0010011|001110100100|01101001010110
BX = 011 Event : 4
00 011|0010111|001111001110|00110011101000
01 011|0001010|001111001111|00110100000011
02 011|0010010|001111001011|10100110011100
03 011|0000110|001110101110|01110111101001
04 011|0001000|001111101110|01000110001001
05 011|0010111|001100110011|00110010110000
06 110|0010110|001100100000|01000101110011
07 110|0010010|000111110111|10101000000011
08 110|0010010|000101110000|10010101111011
09 110|0001010|000100001011|00110011010101
0a 110|0010010|000101101001|10000000111100
0b 111|0000110|000000000000|01101011101110
0c 000|0000101|000010000000|10110111100001
0d 111|0000101|001101000100|11001000011110
0e 111|0010010|000110100001|11000111010011
0f 111|0010111|001100001100|00110010011010
10 000|0010100|000101011001|01011001110110
11 111|0010101|001110000011|01001010000011
12 111|0010010|001000001001|10101001001000
13 111|0010100|001001111111|01010110010010
14 000|0000101|001001011001|11001001001101
15 111|0001010|001100110010|00110001111001
16 111|0000101|001111101100|10010011011001
BX = 100 Event : 5
00 011|0010100|001100110011|01100101001111
01 010|0001011|001111011100|00101100010011
02 101|0010010|000110001111|01111101111001
03 101|0010010|001010010100|11011101100011
04 101|0000101|000010000111|11011011110010
05 110|0000101|000100111001|11001001000001
06 001|0000101|000000001101|10001001110101
07 001|0001011|001100101010|00101011111100
08 001|0010010|000001011010|10011110100010
09 110|0010010|001000101000|10100000101100
0a 000|0000101|001001001001|10000011001101
0b 111|0010011|001100101011|01101000000110
0c 000|0010111|001100100011|00110101110000
0d 111|0001011|001101100101|00100110100011
0e 000|0010011|000111111010|01101100001100
0f 111|0000110|001100110010|01101000100111
10 111|0000101|000010001111|10000111110011
11 111|0000111|000000010111|01011110100011
BX = 101 Event : 6
00 011|0010010|000001100100|11000001001101
01 011|0000101|001011000010|10000010110110
02 100|0010010|000000110001|11001100110111
03 100|0010010|000001001000|10111100010110
04 011|0010010|000101101110|11000110011010
05 011|0001000|000000011001|01001001000011
06 010|0000101|001100110010|11011100101101
07 010|0010010|000001110100|10111100100010
08 010|0000110|001111000000|01110010100000
09 010|0000101|000010001010|10100010010100
0a 010|0001011|001001001001|00101011110001
0b 010|0001001|001011011011|01000000101101
0c 101|0010011|000011011011|01111011000010
0d 010|0010011|001110111110|01110010101000
0e 101|0010111|001000011011|00110111110111
0f 001|0001000|001011101101|01000110100001
10 110|0000110|001001011011|01111110010000
11 001|0001010|001100100111|00110000000101
12 110|0000101|000000100100|10111111010000
13 000|0010111|001000110010|00110110011101
14 000|0000101|000010110110|11000111100011
15 111|0010111|001100111000|00101110000001
16 000|0000101|001101000001|10101111011010
17 000|0010010|000010111111|11000110011010
18 000|0010010|001100101101|11011100000111
19 111|0010010|001010111011|10000010111010
BX = 110 Event : 7
00 011|0000111|001111101100|01011101110100
01 011|0001001|000111011010|00111101000101
02 011|0010010|000111101010|10010101100100
03 011|0000101|000001110011|10100111010011
04 011|0011000|000001001010|00100101110001
05 011|0010111|000110000111|00110100110111
06 011|0000110|000000010111|01111001110110
07 010|0010100|001010110011|01011111010111
08 010|0010010|000001001000|10110010011110
09 010|0010010|001100010110|10000010100011
0a 001|0010100|000101010110|01010110110101
0b 001|0011000|000011100011|00101011000010
0c 110|0010100|000111111010|01100001010100
0d 001|0000101|000010101001|11011101110100
0e 001|0010110|000000110011|00111110100100
0f 001|0010110|000001101001|01000000001001
10 001|0000110|000110001111|01101111100100
11 000|0010010|001001110011|10000001110101
12 000|0000111|000110101100|01100001000111
13 000|0010010|001100100011|10100110110011
14 111|0001010|000111001011|00110011101100
15 111|0010100|000101100110|01100001110110
16 111|0001000|000110100111|01010000101100
17 111|0001001|000110101100|00111100100011
18 111|0000101|001000101101|10001110100111
19 111|0000111|000110110011|01011100111010
1a 111|0000110|000010010100|01111001011110
1b 111|0010100|001000010110|01010101100101
1c 111|0010111|001110101100|00101110001100
1d 111|0000111|001100110111|01100001011110
1e 000|0010010|001100100110|11010000110100
BX = 111 Event : 8
00 011|0010010|001101000101|10100000100001
01 011|0000101|000100100111|10000000110100
02 011|0000101|000100001011|11010101001011
03 011|0010010|000000101100|10000011110100
04 011|0010010|001100100000|10110101010110
05 011|0010010|001100101000|10100101001011
06 011|0010011|000111101000|01110100001111
07 010|0010010|000010111111|11001110110110
08 010|0010010|000100001010|01111101111001
09 010|0010010|001010011100|10100000100001
0a 010|0000101|000100000011|10001110010000
0b 101|0000111|001011011110|01011101000110
0c 010|0001011|000000010010|00100010110010
0d 101|0000101|001011100001|10101010000100
0e 010|0010111|000001010111|00110101000010
0f 110|0001010|001110111011|00110010000100
10 110|0010010|000000111000|11010100110001
11 110|0010011|001100110000|01110000001000
12 001|0010110|000110001101|00111110100100
13 111|0010010|000011010001|10011100101111
14 000|0010010|000001011100|10000100001010
15 000|0000101|000100101100|11010101100010
16 000|0010010|000011111010|10001101110110
17 111|0001011|001000011101|00101101001101
BX = 000 Event : 9
00 011|0001001|001100110100|00111100001100
01 011|0000111|000110010101|01011011010001
02 011|0010100|000011011110|01011001110110
03 100|0010010|001010110000|11011011110000
04 010|0010111|000001000101|00101110111001
05 101|0010010|000001011010|10001000101001
06 001|0001001|001111000101|00111001011110
07 001|0000101|000110011010|01111111010110
08 111|0000101|000101000011|11011001000010
09 000|0010011|001101001010|01111000010110
0a 000|0010011|001100110101|01111000010110
0b 000|0000101|001110110011|11001001011001
0c 000|0000101|000000011001|10011011001000
0d 000|0010010|000110011100|01111110010000
0e 000|0010010|001000110000|11000110110001
0f 111|0001001|001100111001|01000100101101
10 000|0010010|000000110001|11001101000011
11 111|0001001|001111010100|01000001110011
12 111|0001010|001111101100|00101111001011
BX = 001 Event : 10
00 011|0001000|000110100001|01001100010101
01 011|0010111|001001111111|00110000000111
02 011|0000101|001110101001|11010011111000
03 011|0010101|001110110100|01000111100100
04 011|0010010|001110011111|10001001000000
05 010|0001000|001000111010|01010000010101
06 101|0000111|001011011001|01011001011100
07 101|0000111|001010100011|01011001011100
08 101|0001000|000111011111|01000111110010
09 010|0010110|000101101110|01000100111011
0a 110|0001000|001100111001|01000110100001
0b 110|0010011|001011111111|01100101110001
0c 001|0010010|001000011001|10101011101001
0d 110|0000101|001000011011|10100011110011
0e 110|0010011|001111001011|01110001000001
0f 110|0000110|001110111011|01110000011111
10 110|0010101|001110110100|01001110011111
11 001|0010010|001110101010|11010011010101
12 111|0000101|001111001101|10001011101011
13 111|0001010|001001011001|00111000110000
14 111|0010111|000011010001|00110110010001
15 111|0010010|000111110010|10100110010000
16 000|0010010|000100001111|10101110100001
17 111|0010010|001100011011|10011101010010
18 000|0000101|000010111000|11011111011000
BX = 010 Event : 11
00 011|0010111|001100100110|00101111011011
01 011|0001010|001011011011|00110001100001
02 011|0010011|001110101010|01110100111101
03 011|0011000|000000110001|00100100111001
04 011|0010010|001000001001|10000011111111
05 010|0001010|001111100100|00101111010111
06 010|0001000|001111101110|01010001110010
07 010|0000101|000110011010|10000011011001
08 010|0000110|001000100000|01110011100110
09 110|0001001|000010010111|01000011110011
0a 110|0010010|000111111010|10000011110100
0b 110|0000101|000100000011|10110101010011
0c 110|0000110|000110010111|01110001100101
0d 110|0001010|001100100111|00101110101001
0e 001|0001010|000100111110|00101101111011
0f 000|0000101|000000000111|10110010111010
10 111|0010010|000101101110|10111011110100
11 000|0000110|001010101011|01110010101100
12 000|0010010|001100110011|11000110110001
13 111|0010010|001011111111|11001010101110
14 111|0000101|000111011101|10111011000001
15 000|0000101|001101010110|10000101001111
16 111|0010010|000001011100|10010010010101
17 000|0010010|000101010100|10001100110001
18 111|0000101|000000100110|10100011001111
19 111|0000110|001010110101|01110001110001
1a 000|0000101|000110001111|11010001000111
1b 111|0010010|000110000010|10001011101100
1c 000|0010010|001100110000|11001001110100
1d 111|0000101|001011011011|10010011100101
BX = 011 Event : 12
00 011|0010010|001010101001|01111111001001
01 011|0000101|001010101011|01111111010110
02 011|0000111|000010000101|01010101110011
03 010|0010110|001000010011|00111111011100
04 101|0000111|000100100111|01011011101000
05 101|0010011|000111110100|01111001111101
06 010|0001000|000000001111|01010011000100
07 101|0010011|001010100110|01101000101000
08 010|0010010|000001100010|10110101111001
09 010|0000101|000110111001|10110101110111
0a 110|0010010|001110010101|11001000100100
0b 110|0010111|001110010111|00110100001010
0c 001|0010010|001100010100|10001000010010
0d 110|0000101|001111000101|10110110011010
0e 110|0000101|000101000011|11010101101110
0f 110|0000110|001100100111|01110010101100
10 001|0011000|001010101110|00101100010000
11 001|0010010|000100001010|11010010100111
12 110|0000101|000001101110|11010000000001
13 000|0001000|000100110001|01010010100001
14 000|0010100|001010011001|01100100111000
15 111|0000101|001011110011|11011011001111
16 111|0010010|000111110010|10000111000010
17 111|0010010|000100001010|11010011100000
18 111|0000101|001000101000|10110000001001
19 111|0010010|000001001000|10101001001000
BX = 100 Event : 13
00 011|0000101|000100111001|10101111100110
01 011|0001001|000000011100|00111110100010
02 011|0001010|001111101110|00101111001011
03 011|0010010|000011100011|11000010011101
04 011|0000110|000100101111|01111011001000
05 011|0010011|000110011001|01110011001010
06 011|0010010|001001111000|11000101010101
07 011|0000101|001101100011|10011010110001
08 011|0000110|000110011010|01110011011011
09 011|0010010|000101010100|11000111011111
0a 011|0000101|001111000000|10101000100101
0b 011|0000101|001001011110|11001001100100
0c 011|0000110|000010110110|01110100101101
0d 010|0000110|000110001111|01110011001111
0e 010|0010111|001010111011|00110000010011
0f 010|0000101|000100100100|10010001100100
10 010|0010010|001010001100|01111110011100
11 010|0010010|001010110000|10100000010101
12 101|0010100|000001000000|01011011010001
13 101|0010100|001110010101|01011011010001
14 010|0000101|001001011001|10100010001001
15 101|0000110|000100011010|01111010111100
16 010|0000101|001000111010|10100100010110
17 101|0010010|001111010000|11001011010000
18 101|0010100|001010101001|01010111100010
19 001|0001001|001101001001|01000101000100
1a 110|0010110|000011111101|01000101010001
1b 110|0000110|000010010010|01110110001011
1c 001|0000101|001000110111|11001001110000
1d 001|0000101|001100111001|10011000111011
1e 110|0011001|001100001100|00100001001111
1f 110|0010010|001110001000|10100100010010
20 001|0000110|000010110011|01111010001101
21 001|0010110|000111111111|00111011100100
22 110|0010111|000110000101|00101111011011
23 001|0010010|001111010011|11001110010011
24 111|0010010|001110100010|11001101100101
25 000|0010011|000100000101|01110011010110
26 000|0010011|001001110011|01110011100001
27 111|0000111|000110100111|01011001000101
28 000|0000110|000010010010|01110101010000
29 000|0010011|000110001101|01100110101011
2a 000|0000101|000100100100|10000111000100
2b 111|0010111|000111100101|00110010011010
2c 000|0000101|001111001010|11011111000110
2d 000|0000101|001110111011|11001111010010
2e 000|0000111|000010100110|01011101011101
2f 000|0000101|001100111001|11010010011010
30 111|0010010|001001111000|10001010000101
31 111|0000111|000110011010|01011000111001
32 111|0000101|001010110010|10101010011011
33 111|0000101|001010100011|10101010011011
34 111|0000111|000111001000|01010111110011
35 000|0000101|001111010100|11001100001001
36 000|0000101|000110110011|11001101011100
37 111|0000110|001111010100|01101111111100
BX = 101 Event : 14
00 011|0010010|001001111101|10100011101111
01 011|0000101|000110100001|11001000000110
02 011|0000110|001011001100|01100111010101
03 100|0010010|001000000001|10110100111111
04 010|0001001|000000011111|00111010111010
05 010|0001000|000010111000|01001100001001
06 101|0000101|000000101001|10110001100111
07 101|0010011|001110001011|01101100001100
08 010|0010010|000001110100|10000001001000
09 010|0010111|001001110011|00110001000000
0a 010|0010100|001110110100|01100101000100
0b 001|0001000|001111001111|01001000100001
0c 001|0000101|001101000001|10101010010000
0d 110|0001001|001001011001|01000001100111
0e 110|0010100|001110001000|01100000011011
0f 001|0010010|001010010100|10001101011111
10 110|0010010|000111101010|10001111101001
11 001|0001010|000111000011|00101110010010
12 110|0000101|000000100110|10111111111111
13 111|0001000|000010100100|01001011100110
14 111|0001011|000110011100|00101001111101
15 000|0000110|001011000010|01110001011010
16 000|0001010|000010101001|00110100000011
17 000|0000101|000111011010|11011101110100
18 111|0011000|000111111010|00100100100011
19 111|0001010|001011011011|00110101010100
1a 111|0010010|000011110011|10000100111000
1b 111|0010010|001111010011|10010100010011
BX = 110 Event : 15
00 011|0000101|001011000111|10011110101000
01 100|0010010|000001101110|11011111010101
02 100|0000101|000010100100|11011110101110
03 011|0010010|000011001111|10101001110110
04 011|0001000|001111010100|01001000101100
05 010|0010100|001111010000|01010100101100
06 001|0000111|001110110000|01010101111110
07 110|0000101|001110111011|10010110111001
08 001|0000110|001001001110|01101001111001
09 001|0000110|000010100110|01101100110100
0a 001|0000101|001010110111|10000000000101
0b 111|0000101|000001110011|11011110010111
0c 111|0010011|001000101101|01101001111000
0d 111|0010101|000110011001|01001000011101
0e 111|0000110|001000100011|01101001001010
0f 000|0010100|000101101110|01010110010010
10 111|0010010|000111100101|10000101111101
11 111|0010101|000011000111|01001011110100
12 111|0000110|000001111010|01101011111010
13 000|0000101|001011001111|10110011110101
14 111|0011000|000000110110|00100110110101
15 000|0000101|001111001101|10110100011000
16 111|0000111|000111000000|01010111000100
17 000|0000101|001101011011|10111010000110
BX = 111 Event : 16
00 011|0010011|000100001100|01101101110011
01 011|0000110|001010100101|01111100111101
02 011|0000101|001011011001|10000010011110
03 011|0010010|001010000111|10100011111011
04 011|0000101|000000010010|10100100001010
05 011|0011001|000011101011|00100011010101
06 100|0000101|000010110011|10111010000110
07 011|0010011|001110011111|01101001001010
08 010|0000101|001011010110|11001110010111
09 101|0000101|000110100100|11000010011001
0a 010|0000111|000100010101|01011101011101
0b 010|0010111|001110001011|00110000110100
0c 101|0000101|000101001110|10011011010100
0d 101|0001011|001010100101|00101000001010
0e 001|0001010|001011011001|00110110001110
0f 110|0010010|001010001111|10010011110001
10 110|0010010|001010000101|10010011110001
11 110|0000101|000010111010|11001101101100
12 001|0000101|000000100100|11011111011101
13 001|0010101|000001101100|01001101011011
14 110|0010010|001110101111|10111111011010
15 110|0000101|000000000010|10111111010000
16 111|0000101|000010110110|11001111000110
17 111|0000101|000000011001|10011001101010
18 111|0000101|000111000000|10011000101111
19 000|0001011|001011100011|00100110001100
1a 000|0000101|000110101001|10111000010000
1b 000|0010010|001010010100|10001000010010
1c 000|0000101|000101000001|11011100001010
1d 111|0010010|000001011100|10110010101010
1e 111|0001000|000111010111|01001011011011
1f 111|0010010|001110000101|10011100001101
20 000|0000101|000010100110|11000011010100
21 111|0000110|000100010101|01111011011111
22 111|0010011|001110101111|01100110110110
23 111|0000101|000100010101|10000111011100
BX = 000 Event : 17
00 011|0010010|000001000101|10110110010000
01 100|0010010|001010111101|10111001010011
02 011|0000101|001001101011|10000111010000
03 011|0000101|000110100100|10000110010101
04 010|0010010|000110011111|10011100101111
05 010|0000101|000111000011|10101110101011
06 010|0010010|001001111111|01111110110011
07 101|0010010|000101100110|10011100011000
08 010|0000101|001111011100|11010100111111
09 101|0010010|000011011011|10101011000111
0a 101|0010111|000011001100|00110110010001
0b 001|0000101|000001111010|11010111101111
0c 110|0010010|001110010111|10000111000010
0d 110|0010010|000000101110|11001000001101
0e 110|0010010|001100110011|10110001111100
0f 110|0010010|001000010011|10011101101001
10 111|0000101|000110101100|10101101111011
11 000|0000110|000000100100|01110001100101
12 111|0000111|000100111110|01011001011100
13 111|0010010|001000001110|11011011011001
14 000|0010010|001010001010|10111001110101
15 111|0000101|000110110001|10100111011111
16 111|0010011|001100001100|01111001000100
17 111|0010111|000001010111|00110101001110
BX = 001 Event : 18
00 011|0000110|001111110011|01101110010010
01 011|0000111|001111101100|01011100001011
02 011|0010011|001100000100|01111011000010
03 011|0010010|000110000111|10000110110110
04 011|0010010|000111101101|11011010010100
05 011|0011000|000000110011|00100011110110
06 011|0000110|001100110100|01100111101100
07 011|0010100|000111101101|01011001001000
08 010|0010010|001110101100|10001100000011
09 010|0010010|001110000011|01111100011110
0a 010|0010010|001000011011|10001111011101
0b 101|0000111|001111110011|01011110000000
0c 101|0010100|001111001011|01011011111111
0d 101|0010100|000011111000|01011001110110
0e 010|0010010|001110001011|11000111010011
0f 101|0010100|000011010001|01010111000000
10 001|0000101|001100111001|10110110111101
11 001|0010111|001000101000|00110101111011
12 001|0010101|000001011111|01000111000010
13 001|0010011|001000101011|01101000110100
14 001|0010011|001100011011|01111011011001
15 110|0010110|000011011110|01000000100000
16 110|0001010|001001000111|00110000110011
17 110|0000101|001111100100|10110011110101
18 110|0010110|001000101000|00111110101111
19 001|0000101|000010000010|11001111110101
1a 110|0000111|001111010100|01011101110100
1b 110|0010010|001000010001|11001111011000
1c 000|0001001|000111011111|01000000111001
1d 000|0001010|001000110010|00110001111001
1e 111|0000101|001000111100|11001011001110
1f 111|0010111|000111100101|00110101001110
20 000|0000101|000010100001|10010110001010
21 000|0001010|001101100101|00110111101010
22 000|0010010|000001000011|10011010111100
23 000|0001011|001001010001|00101010001001
24 000|0001001|001101101000|00111011010010
25 000|0010110|000111101101|00111101100000
26 000|0000111|001111000010|01011100101110
27 111|0010010|001100001100|11010001001011
28 111|0000111|000100010111|01011101110100
29 111|0000110|001011000010|01110110100010
2a 111|0010110|000101110011|01000010011100
2b 111|0010010|000110011001|10100010001000
BX = 010 Event : 19
00 011|0010010|000101011110|11011000100010
01 011|0000101|000100010010|10010101111110
02 010|0010011|000101011001|01111011000010
03 010|0010010|001001111101|10101101010001
04 101|0010010|000001001010|11000011010111
05 010|0000101|000100001011|11001110010111
06 010|0001001|001110101011|00111110001011
07 110|0000101|000100010111|11011001110001
08 001|0010100|001010101011|01010110110101
09 110|0010100|000011110000|01010100100001
0a 001|0000101|001010101011|10111010101001
0b 001|0000110|000100001101|01101010000101
0c 001|0011000|000001001101|00101011111010
0d 110|0001001|001011010001|00111011110100
0e 111|0000101|000101010000|11001101110011
0f 111|0001000|000001110101|01001010001001
10 000|0010010|001110011010|11000101111000
11 000|0000101|001111101100|10110110011010
12 111|0000101|000100010010|11010111000000
13 000|0001001|001010111010|00111100101110
14 000|0010010|000111101000|01111110110011
15 000|0010010|001100011001|11011010100000
16 111|0000111|000111000101|01100010011001
17 111|0010010|001110000011|10010001111110
18 111|0000101|001101101101|10010000000101
BX = 011 Event : 20
00 011|0000110|001001100110|01101101011000
01 011|0010100|000110000111|01100000110010
02 011|0000111|000111000000|01100001011110
03 011|0000101|000100000011|11010111000000
04 011|0010011|001100100011|01101000000110
05 011|0010100|000100001100|01010110011110
06 011|0000111|000110100111|01010101010000
07 011|0000111|001100111100|01100100001110
08 100|0000101|000100100111|11010110110100
09 010|0010111|000110010010|00101111000100
0a 101|0010010|001100111111|11000010000110
0b 101|0010010|001000110000|10101110111000
0c 010|0000111|000111011111|01100001101010
0d 101|0000101|000010001100|11001101010000
0e 101|0000101|000110011100|11001100100001
0f 010|0010010|000110011100|10110110010000
10 010|0010010|001001111000|11000110110001
11 110|0000101|000000001101|10011000101111
12 001|0010010|000110100001|10000110100000
13 110|0001010|000100000011|00110101101011
14 110|0000101|001101100101|10000010110110
15 110|0000101|000000000111|11010011100001
16 001|0001000|001011011110|01001101111110
17 110|0000110|000010101011|01101101001100
18 111|0000101|000010101001|11001101000100
19 000|0010010|001110110100|11010110001100
1a 000|0010111|001110011010|00110100101100
1b 111|0000101|000100011101|10011010011001
1c 000|0010100|000110011111|01010101001110
1d 111|0010010|001010001010|11000110000011
1e 000|0010100|001010111000|01011010011000
1f 111|0010101|000101111000|01010000010000
20 000|0010011|001010110101|01101100011000
21 111|0010100|000011110000|01010101111100
22 000|0010010|000001101110|11011001010000
23 111|0010111|000011000111|00101111000100
BX = 100 Event : 21
00 100|0010010|000001000011|11001111100100
01 011|0000111|000010000111|01011100010111
02 100|0010010|000001101110|11001100110111
03 011|0001011|001110111011|00100110010111
04 100|0000101|001000101000|11011001011001
05 011|0000111|001110110110|01010101000100
06 010|0010010|001000000111|10010001010000
07 010|0010110|000011001111|01000010110011
08 101|0001011|000111011101|00100111101000
09 010|0010010|001110100100|10010101111011
0a 001|0011000|001110111100|00100101111101
0b 001|0010010|001000010001|10100111100001
0c 110|0011001|000110001010|00100010110011
0d 111|0000101|000000000101|10011101111001
0e 111|0010100|000001010111|01011001010100
0f 000|0010010|001000101011|11010111000110
10 111|0010010|001010100110|10001100000011
11 111|0010100|000011100011|01100011110100
BX = 101 Event : 22
00 011|0010111|001110100100|00101111100110
01 011|0010010|000011111111|10110010010011
02 011|0010110|000011110101|01000001111010
03 011|0010100|000101010100|01011001101011
04 011|0010010|001100101011|10100101111001
05 011|0000101|000010101011|10001001000110
06 100|0000101|000010000111|10111010010010
07 011|0000101|001101010011|10101000011001
08 011|0010010|001001110101|10011010001110
09 010|0010010|001010000010|10000010111010
0a 101|0000101|000100001011|11000100100110
0b 010|0000111|000111011010|01100000000001
0c 010|0000101|001100110111|11000010100100
0d 110|0000101|000010000101|10110111010101
0e 001|0000101|000010111000|10101001010100
0f 110|0000101|000110011010|10110100001100
10 001|0000101|000101010000|10111110010101
11 001|0010010|001000100101|01111111010101
12 110|0010010|000111111010|01111110000101
13 111|0010010|001010000111|10011001101100
14 000|0010010|000100000111|10011001010101
15 000|0000101|000110100100|11011010010100
16 111|0000110|001011110000|01110100010101
17 111|0010111|001100111000|00101111100110
18 000|0010010|000101101001|11000001111011
19 000|0010010|000101011100|11000001111011
1a 111|0000101|000010110011|10101101111011
1b 000|0000101|000111011010|11000110000100
1c 111|0001010|000001111101|00110001111001
BX = 110 Event : 23
00 011|0010111|000011000100|00101110000001
01 011|0000101|000010000111|11010010110001
02 011|0011000|000011001001|00100111101101
03 010|0010011|001110001011|01110000110110
04 101|0000110|001000101101|01111010011001
05 001|0001011|001001010001|00100101000111
06 001|0000101|001111010010|10010110101101
07 110|0010011|001110010010|01110000101010
08 110|0000101|001000110101|10000000101001
09 111|0010011|001010000010|01111001111101
0a 111|0000101|000100011010|11011011100111
0b 111|0010110|001110011101|01000100011001
0c 000|0000101|000000011100|11011001011001
0d 111|0000101|000000001101|11011000011110
0e 000|0001011|001000101101|00101001110010
0f 111|0010010|001111001000|10110001110000
10 000|0010011|000101100110|01101101110011
11 111|0000101|000000101001|10001111101110
12 111|0010100|001101001100|01100100010110
13 000|0000101|001000101010|11001010011111
BX = 111 Event : 24
00 011|0000101|001000100000|10101100101001
01 011|0001011|001110111011|00100110010111
02 011|0000101|001101101111|11011011011011
03 101|0000101|001010110111|11010011101100
04 010|0001001|000010000111|00111110001011
05 010|0010010|001110100100|10010101111011
06 001|0011000|001110111100|00100101111101
07 001|0010010|001000010001|10100111100001
08 110|0011001|000110001010|00100010110011
09 110|0000101|000000000111|11010100010000
0a 000|0010010|000001001010|10010011000011
0b 000|0010010|001000101011|11010111000110
0c 111|0000101|000100010111|10000010110110
0d 000|0001011|001011110011|00101101001101
0e 111|0000101|001110101011|10011010111101
BX = 000 Event : 25
00 011|0010010|000011101011|10011111011100
01 011|0010011|001000110000|01101111011010
02 011|0010111|001110100100|00101111100110
03 011|0010010|000011111111|10110010010011
04 011|0010110|001001111101|00111001111110
05 011|0010111|000000101110|00110001100001
06 011|0010010|001101000111|10001001010111
07 011|0010010|000000100110|10011001101100
08 100|0000101|000010000111|10111010010010
09 011|0010010|000101011100|11001000000001
0a 011|0000101|001000110111|10100110100100
0b 011|0010010|001001110101|10011010001110
0c 010|0010100|000101010100|01011001110110
0d 010|0000101|000111011111|11011100111001
0e 101|0010010|000011000111|10110100011101
0f 101|0000101|000100001011|11000100100110
10 010|0010111|001100111000|00101111111100
11 010|0001001|001101010011|00111111111111
12 010|0000110|000111000101|01110000010011
13 010|0000101|001100110111|11000010100100
14 010|0010010|001010000010|10000010111010
15 010|0010010|001010111101|10010101111011
16 110|0001000|000111000000|01000110101100
17 110|0001010|000000000101|00110010100111
18 110|0000101|000100010101|10010011011001
19 001|0010010|001000101101|10011101110100
1a 001|0010010|001000100101|01111111010101
1b 110|0000101|000100101100|11000000001011
1c 110|0001011|000100111100|00101011100101
1d 000|0000110|000111011010|01110000011111
1e 000|0010010|000111110111|10010010001010
1f 000|0001010|001101100011|00110011010101
20 000|0000101|000010100100|11010101101110
21 111|0010010|001010000111|10011001101100
22 000|0000101|000111010101|10000111010000
23 000|0000101|000110100100|11011010010100
24 000|0010011|001110010101|01101010000011
25 111|0010010|000100000111|10110100000110
26 111|0000110|000000101001|01101100110100
27 111|0000101|000010110011|10101101111011
28 111|0000110|001100110010|01110011110010
29 111|0010011|001110100010|01110000010011
BX = 001 Event : 26
00 011|0000111|001100101111|01011110111011
01 011|0000111|001101001001|01011100100011
02 011|0001010|000111010010|00101111010111
03 100|0000101|001000110101|11001110101110
04 100|0010010|000001001010|11011110111110
05 011|0010010|000011000100|10010010010101
06 011|0000101|001011001111|10110100100100
07 011|0000101|000110110001|11011011001111
08 011|0011000|001000101011|00101001010010
09 010|0000101|000101000001|10011010110001
0a 101|0000101|001000111100|11000011010100
0b 010|0000101|001001010011|10111110001001
0c 010|0010010|000101011110|10011110101110
0d 101|0001011|001000100011|00101101001101
0e 010|0000111|001000101010|01011110100011
0f 010|0001011|000100100100|00100010111101
10 110|0011001|000011101000|00100010101000
11 001|0000101|000100011101|10001010011000
12 001|0000101|001111111000|11001100101101
13 001|0000101|001001100110|10111100110111
14 001|0011000|001000000100|00101100000101
15 111|0010010|001110101100|10001010110011
16 111|0010011|000001110100|01100111111010
17 111|0010010|000101110000|10000110110110
18 000|0000101|001001010110|10011001000111
19 000|0000101|001111010100|11011010110111
1a 111|0010011|001010010111|01110011010110
1b 000|0000101|000110001111|10011110011101
1c 111|0000111|000000000010|01100100100101
BX = 010 Event : 27
00 011|0010011|001100111101|01101111100110
01 011|0010010|000101011110|10100001100110
02 011|0010011|000011000111|01101100011000
03 011|0010010|000011111101|11000011000000
04 011|0010010|000001100010|11000100100111
05 011|0010101|001101000101|01001000000110
06 011|0000101|000100100100|10110111100001
07 011|0010111|001010001010|00110011010010
08 011|0000101|001111101001|10000100010100
09 011|0010010|000101101011|11001100010101
0a 010|0001011|000100000000|00101011011001
0b 010|0010101|001101000010|01001101001111
0c 101|0011000|001011000000|00101101011111
0d 010|0000101|000010111000|10000000101001
0e 101|0000101|001100101010|11011110010111
0f 010|0000110|000100011111|01110011011011
10 101|0001010|000110101110|00110111001000
11 001|0010011|000000101100|01101001111000
12 001|0010101|001111000011|01001001111000
13 001|0010010|000000101110|10101100101110
14 110|0010011|000000101100|01110000101010
15 001|0000110|000001101110|01101100011101
16 110|0000111|001011110000|01100000001100
17 001|0000101|000000000101|10011110110100
18 110|0010110|001110010111|00111010101011
19 000|0010011|001100010110|01110010010001
1a 111|0010111|001110100100|00110110111110
1b 000|0000101|000010110110|11000101101101
1c 000|0010010|000110100001|11000111110110
1d 111|0001011|001001010001|00100110000000
1e 111|0000111|000010000010|01010101111110
1f 000|0010011|000011010110|01101000010001
20 000|0000111|001101100011|01010111010000
21 000|0010100|000011001100|01011001011111
22 111|0010010|000011110101|10010100010011
23 000|0000101|000101001110|10111010110101
24 000|0010100|001100000111|01011101011010
25 000|0000101|000100010101|10111101111110
26 111|0010100|001100010100|01011111000000
27 111|0001011|001001100011|00101011100101
28 111|0000101|001111000000|10101101110000
29 111|0010011|000110001101|01101001101101
2a 111|0000101|000100001000|10000001001100
BX = 011 Event : 28
00 011|0000101|001111100001|10000000101001
01 011|0011000|001000110101|00100111101101
02 100|0000101|001101011011|10111001101110
03 011|0010010|001110011101|10000111100100
04 011|0000111|000010100100|01010110010110
05 010|0000101|001111001101|10010010011110
06 010|0000101|001110110110|10011100100111
07 101|0001000|000010011110|01001101001111
08 101|0010100|001011111100|01011011101000
09 010|0000101|001101011011|10110011110101
0a 110|0010110|000001000000|01000011110111
0b 001|0001011|001000101111|00101000111000
0c 110|0001000|000010011110|01010001111110
0d 110|0010101|000101111011|01001111101110
0e 000|0000101|001000111111|10100001111101
0f 111|0000101|000001101110|11011101101000
10 111|0011000|000001011100|00100111010110
11 111|0001010|000000011111|00110110100101
12 111|0010010|001110011111|10010100110110
13 000|0010011|000110011001|01111011001101
14 111|0001000|000001111000|01010001110010
15 111|0010110|000010111111|00111110100100
16 000|0010110|000011010110|00111101100000
17 000|0000111|000010110000|01011101000110
18 111|0010101|000111101101|01001101111101
19 111|0010010|000101101011|10010101001101
1a 111|0001010|001100110100|00110010010000
BX = 100 Event : 29
00 011|0001011|001101110010|00101000010110
01 011|0000111|000001101110|01100011010011
02 011|0001001|001111001010|01000100001010
03 011|0010010|001110110100|10000101100110
04 011|0010010|000100000010|10010111010111
05 011|0011001|000000111110|00100001110000
06 010|0000101|000100000000|10011010110001
07 101|0000101|001001010011|11000101010101
08 010|0000101|001101000001|10011100110011
09 101|0000101|000100010010|10011111100011
0a 101|0000101|001100110100|10011111001100
0b 101|0010010|000100000010|10011010111100
0c 101|0000101|001001100011|11001100001001
0d 101|0000101|001000100101|11011011000011
0e 001|0001000|001100101111|01000110001001
0f 001|0000101|001001001001|11001000101001
10 001|0000101|001000110010|11001000101001
11 001|0000110|000000000010|01101000111110
12 001|0000101|001001011110|11001100101101
13 001|0010010|000111110010|10001011111000
14 001|0000111|000010100100|01011111110101
15 111|0001010|001110101011|00111000000001
16 000|0000110|001101101111|01110100001010
17 000|0011000|001010010001|00101001111110
18 000|0000101|000111010111|11011101110100
19 111|0000101|001110110000|10110011011101
1a 000|0000101|001001010001|10011110000101
1b 111|0010010|000110000111|10001110101111
1c 111|0000110|001110110000|01111101100001
1d 111|0010100|000111111111|01011000011011
1e 111|0011001|000000100110|00100001001111
1f 111|0010010|000001110110|10010010110111
BX = 101 Event : 30
00 011|0000101|000000101001|10110001100111
01 011|0000101|001011011011|11000011110111
02 011|0010010|001001111101|10100011101111
03 011|0000101|000110100001|11001000000110
04 011|0010010|000001000101|10000101110010
05 100|0010010|001000000001|10110100111111
06 010|0000101|001010101101|10111101011010
07 010|0010010|000001110100|10000001001000
08 010|0010111|001001110011|00110001000000
09 010|0010100|001110110100|01100101000100
0a 001|0001000|001111001111|01001000100001
0b 001|0000101|001101000001|10101010010000
0c 110|0001001|001001011001|01000001100111
0d 001|0010011|001011000000|01111011011001
0e 001|0011000|001010101110|00101011011000
0f 001|0001001|000000011111|00111010111010
10 110|0010010|001000001110|10110011000001
11 110|0010100|001110001000|01100000011011
12 001|0001000|000010111000|01001100010101
13 110|0000111|001111110011|01011110111011
14 001|0001010|000111000011|00101110010010
15 110|0000101|000000100110|10111111111111
16 111|0001000|000010100100|01001011100110
17 000|0000110|000010100001|01110001111101
18 111|0010010|000011110101|10101010111011
19 111|0010010|001010010100|10011000011011
1a 000|0010111|000101010100|00110111100000
1b 000|0001001|000101001110|00111001000111
1c 000|0000101|001011101000|10101010110011
1d 000|0000101|000111011111|10011100111110
1e 000|0000101|000000000111|10101110011111
1f 111|0010010|000111101010|10001111101001
20 111|0001011|000110011100|00101001110010
21 111|0001010|001011011011|00110101010100
BX = 110 Event : 31
00 011|0010010|000001011010|11010011010101
01 011|0000101|001010110101|10110100100100
02 011|0011001|001100010100|00100011010101
03 011|0010111|001100100110|00110011111111
04 011|0000110|001001000100|01110100111001
05 011|0000110|001000110111|01110111110100
06 011|0010010|000001001101|10111010000001
07 011|0011001|001100100000|00100011001010
08 101|0010010|001111000001|11000001100100
09 010|0000101|000001111101|11010001010011
0a 101|0000101|001011011001|01111110011100
0b 101|0000101|001111000010|11000000001011
0c 101|0000101|000110100001|10001100100110
0d 010|0000101|000000001111|10010100100000
0e 110|0010100|000101110000|01010101011010
0f 110|0000101|000100111100|10010001011000
10 001|0010011|001100010001|01110000101010
11 001|0000101|000000001111|11000010000001
12 000|0000101|001101101111|11000100011010
13 000|0010010|001010011110|10100100110100
14 000|0011000|001000011001|00101001111110
15 111|0010010|000000100110|11010101001000
16 111|0000101|000000100001|11010011111000
17 000|0010010|000001001010|11010011110111
18 111|0001001|001111110110|00111010000001
19 111|0010011|001100010001|01111000111001
1a 111|0000111|001010111111|01010111111111
1b 111|0010101|000111100101|01010011101000
1c 111|0010111|001100100110|00110010000011
1d 111|0000101|001111101100|10100010001001
BX = 111 Event : 32
00 100|0010010|000100001100|11000111001000
01 010|0001011|000000011001|00101001001111
02 010|0001001|001000101111|01000001100111
03 010|0000111|000010001010|01100001011110
04 010|0010010|001111001110|10111101011011
05 010|0000101|001111000101|10111101110010
06 010|0000101|001110101011|01111111100010
07 101|0010010|001000100000|11000000001000
08 101|0010101|001000011110|01001011101001
09 010|0001001|001000111010|01000011010000
0a 010|0010111|001001111010|00110100010101
0b 110|0010010|001111000011|10000000011010
0c 000|0001001|001011110000|01000000111001
0d 000|0000101|001111001010|10011001010011
0e 111|0010010|000001010010|11010100011010
0f 000|0000110|001011000111|01111011110111
10 000|0000101|000000001101|10011110101000
11 111|0010011|000011111101|01101011101010
12 111|0010101|000101010100|01001000110100
13 111|0010010|001110010010|10010000000000
BX = 000 Event : 33
00 010|0010110|001110000011|00111010101011
01 010|0000101|000100010101|10100011000011
02 010|0010010|001100011001|10100001100110
03 101|0000101|000001101110|11000010011001
04 010|0010010|001000110000|10011110101110
05 101|0010010|001111001000|10001011111000
06 101|0000101|000010110000|10001011000111
07 101|0010111|000011010100|00110110110011
08 101|0010010|001110011111|10111001110101
09 001|0000101|001011101000|10111000010000
0a 110|0001000|000110110011|01010011100111
0b 001|0010110|000011010100|00111110011000
0c 111|0000101|001111001000|10001010111100
0d 000|0000110|000010011001|01110011011011
0e 000|0010010|000101010110|10100110111110
0f 111|0010010|001101000010|10000001001000
10 111|0000101|000110110001|10100000101010
11 111|0000110|001111010111|01111100001110
12 111|0001000|000000011100|01001000100001
BX = 001 Event : 34
00 011|0010010|000101101011|11000010010010
01 011|0010010|000011110000|11000110000011
02 011|0001000|000010100110|01010011110010
03 011|0000101|000110100001|10100110001100
04 011|0010111|000101101001|00110110101000
05 011|0010010|000101111101|10100111100001
06 011|0000110|001111001111|01100111100001
07 010|0010011|000000101001|01101111001111
08 010|0000101|001111000101|10010000110100
09 001|0010010|001100010100|10111000000011
0a 110|0010011|000001000101|01110001000001
0b 110|0010010|001100001110|10110010000111
0c 110|0010011|001100100110|01101101110011
0d 001|0010011|001100000100|01101111100110
0e 000|0000110|000000101001|01110010010100
0f 111|0000101|000100111110|11001010110111
10 111|0000101|000000000000|10000100100000
11 111|0000111|001011100001|01100010100100
12 111|0010011|000000111000|01110000110110
13 000|0010010|000110000010|10110011100011
14 111|0001000|000100101111|01001010111000
15 111|0010010|000110000101|10101010110000
16 111|0000101|000010011100|10100111000111
17 111|0000101|001000101000|10010000110100
BX = 010 Event : 35
00 011|0010010|000011111000|10101101000101
01 101|0011000|001001111010|00101001111110
02 001|0011000|001010010001|00100101111101
03 110|0011000|000011101000|00100100001101
04 001|0010101|000111110111|01001000000110
05 110|0001000|001101101111|01001111001111
06 000|0010111|000101010110|00110010001110
07 111|0010010|001100010001|10111100100010
08 000|0001010|001000100000|00110101010100
09 000|0010010|000000101100|10111000000011
0a 111|0000110|000010111000|01110001011010
0b 000|0000101|000001110101|10111111110011
0c 111|0000101|000010011100|11000001000110
0d 111|0010110|001010100110|00111011000010
0e 000|0010010|000000111011|11001000011000
0f 000|0000101|000110100100|10111010110101
BX = 011 Event : 36
00 100|0000101|001000111010|11001111000110
01 011|0010100|001100101000|01100011011101
02 010|0001000|001101101101|01001001100110
03 101|0000101|001011010100|11010101010110
04 010|0010011|000101010100|01101111110001
05 010|0001100|001011000100|00100001100001
06 001|0010011|000011110101|01110101101010
07 001|0001000|001101101000|01000111000100
08 001|0010101|001010000101|01000111110000
09 001|0000101|001011011011|11011010001000
0a 001|0010010|001001110011|10011001010101
0b 110|0000101|001101010011|10010100111000
0c 001|0000101|000100111100|10001011101011
0d 001|0010110|000111101111|00111101101011
0e 001|0010010|000011101101|10001110101111
0f 001|0000101|001001100000|10001111010110
10 000|0000101|001111101001|10110001111111
11 111|0000110|001111101100|01101011101110
12 111|0001000|001100110010|01001001000011
13 111|0010100|001100001110|01100100111000
14 111|0000111|000110101001|01100100011010
15 000|0010011|000100001100|01111001111101
16 000|0010010|000110010010|10001011001010
17 000|0000101|000111011010|10001100001110
18 000|0000101|000100010111|10011110010001
19 111|0000101|000110001111|10011111111011
1a 111|0010010|000011010100|10001100110001
1b 111|0001100|000010001100|00100000101000
1c 111|0000101|001101100011|10100000110110
BX = 100 Event : 37
00 011|0010010|001010010100|10011111100111
01 011|0010010|001000000111|10101111000100
02 011|0000101|001010110000|10000100001000
03 011|0000110|000111001000|01101000011011
04 011|0000101|001001000100|10101000011001
05 011|0010011|000111110111|01110100110001
06 011|0010101|001000010011|01010011010001
07 011|0000101|000100000000|10011010011001
08 010|0000101|000111010010|10001011000111
09 010|0010110|000001010101|00111100000101
0a 110|0010011|001110110100|01110111011101
0b 110|0010010|000001110110|10000101111101
0c 001|0010010|001010010111|10111101000100
0d 001|0001011|000100111001|00101011110001
0e 110|0000101|000000011100|11000010100100
0f 110|0000101|001101011101|10100001011001
10 001|0001000|000110100100|01001101110010
11 111|0010101|000001101110|01001001101100
12 111|0001001|000010101011|00111001110101
13 111|0000110|000110010111|01101000000100
14 000|0010010|001001111010|10111000100101
15 000|0000110|001110110110|01110111110100
16 111|0001001|000010010111|01000011111110
17 111|0010010|000111111100|10100101001011
18 000|0010110|000001000000|00111100011100
19 000|0000101|000100000000|10011100001111
1a 000|0010010|001000011001|01111101100010
1b 111|0000111|001111110011|01011010100010
BX = 101 Event : 38
00 100|0010010|000001001010|11011110111110
01 011|0010101|000101110101|01010000111110
02 100|0000101|001010110111|10111000000100
03 011|0000101|000110110001|11011011001111
04 010|0000101|000101000001|10011010110001
05 010|0000101|001001100110|10111100110111
06 101|0000101|001000111100|11000011010100
07 010|0000111|001000101010|01011110100011
08 010|0001010|001001010001|00101111100011
09 010|0010010|000011000100|10010010010101
0a 010|0010110|000011100110|01000010011100
0b 010|0000101|001011001111|10110100100100
0c 010|0001011|000100100100|00100010111101
0d 110|0000101|000000011001|10010000110100
0e 111|0000110|001011110011|01101001010110
0f 111|0010011|000001110100|01100111111010
10 111|0001010|001101101111|00110110011001
11 000|0000101|001111010100|11011010110111
12 111|0011000|001100111000|00101100111101
13 111|0001010|001001000111|00110100011010
14 111|0000111|000000000010|01100100100101
15 111|0000101|000000100110|10000101011010
16 111|0001010|001100110010|00101101100100
BX = 110 Event : 39
00 011|0001010|001010111101|00101111000000
01 011|0001001|000111011101|01000010100001
02 011|0010111|001000010001|00111000000010
03 011|0000101|000010100100|10000101001111
04 100|0000101|000111001101|11011001111101
05 011|0000101|000010010100|10010110101101
06 010|0011001|000101100011|00100000000000
07 010|0010010|000011100001|10010010010101
08 010|0010011|000001010000|01101110100001
09 010|0010010|000001110001|11010110001100
0a 010|0000101|000001111000|11010110011101
0b 001|0000101|001011001001|10010110111001
0c 110|0000110|000010101011|01110110010111
0d 001|0001011|000111000000|00101010010100
0e 001|0000110|001101011101|01111100011010
0f 110|0000101|000111000101|10010000110100
10 110|0010010|000101110000|01111111001001
11 001|0010111|001010111101|00101110101110
12 110|0000101|000010000101|10011111101111
13 110|0000101|001011100011|10101111100110
14 000|0001000|000101000011|01010000010101
15 111|0000101|000010011001|10000101111110
16 000|0010110|000001010010|00111010010101
17 111|0010011|000001010010|01110101001000
18 000|0010010|000011101011|11001111000001
BX = 111 Event : 40
00 011|0000110|001111010111|01101100011101
01 011|0010010|000011100110|10101101111111
02 011|0010110|001100100000|01000000100000
03 100|0000101|000100001000|11011100100001
04 011|0010111|000001011010|00110011110100
05 011|0010100|001100101011|01010110101001
06 101|0000101|000000010010|10110011110101
07 010|0000101|001101100011|10111101011010
08 010|0000101|000010100100|11011111011101
09 010|0000110|001110110000|01101100101001
0a 101|0010010|001000100000|11000001100100
0b 101|0000101|000111010000|11001110111010
0c 101|0010111|001010001111|00111000000010
0d 010|0000111|000100101111|01100011101011
0e 101|0010011|001100100110|01101000011101
0f 010|0010010|000100000101|10010101101111
10 001|0000101|001111100001|11001000000110
11 001|0000101|000100101010|11001000110101
12 110|0010111|001010001010|00101111011011
13 110|0001010|001001000001|00101111000000
14 110|0010010|001010110101|11000001101111
15 110|0000101|001000111010|01111111111010
16 001|0001000|000100010111|01001101100110
17 110|0000101|000111010111|11010000100100
18 001|0010011|001100001110|01110000010011
19 111|0000101|000000011001|11011100111001
1a 111|0010011|001010011001|01110111111111
1b 111|0001010|000010010111|00110010011011
1c 000|0010100|001110110110|01011010100011
1d 000|0000101|000001111000|10011010110001
1e 000|0000101|001010111101|10011011001000
1f 111|0000110|001111100110|01110001011010
20 000|0010100|000001110100|01011110000111
21 111|0000111|001111110001|01100010100100
22 111|0000101|001000111111|01111111100010
BX = 000 Event : 41
00 011|0001000|001011100001|01010000010101
01 011|0010010|001111001000|10010010010101
02 010|0001100|001000101000|00100001101101
03 101|0010111|000011001111|00111000001101
04 101|0010100|000100001100|01010111101101
05 110|0000111|000100001000|01010111010000
06 110|0010110|000000101100|01000100000010
07 110|0010110|000100001111|01000011001001
08 110|0010101|001010101110|01010010011000
09 110|0010101|001010010111|01001111001100
0a 110|0010011|000111110100|01101101111111
0b 110|0010010|000001011010|11001111000001
0c 000|0001000|001011110011|01010000101100
0d 000|0000111|000110011100|01100001011110
0e 111|0000111|000110111001|01011010001011
0f 111|0000101|000100111100|10001010111100
10 111|0001100|000100111100|00100010100110
11 111|0000101|001111100001|11000011101011
12 000|0010010|000101110011|10111110110111
13 111|0010010|000001000011|01111110000101
14 000|0000101|001000101111|10110000010101
15 111|0010011|000110010010|01101000110100
16 111|0010110|000001001101|01000011101011
17 000|0000101|001011010100|11001011011010
BX = 001 Event : 42
00 011|0000101|001000110101|10110001000100
01 011|0010010|001110101010|10000010000001
02 011|0000101|000000100100|10011011010100
03 011|0010011|001101000101|01100110001000
04 011|0000111|001011011011|01010111011100
05 010|0000110|001010110111|01110010001001
06 001|0010010|000111101111|10010000100010
07 110|0001011|001111100100|00101011011001
08 111|0011000|001100110101|00101010001010
09 111|0010010|001110001101|11001010111001
0a 111|0000101|001000111111|10111001010111
0b 111|0010010|001110010000|10000011101000
0c 111|0000101|001100111100|10000000010001
0d 111|0001011|001001011110|00101011100101
0e 111|0011000|000000111000|00101000110000
0f 111|0010010|001100111010|10000001011110
BX = 010 Event : 43
00 100|0000101|001000100011|11000000100011
01 011|0010010|001010001111|10101110001010
02 011|0001001|001100101010|00111010011000
03 011|0010011|000110011100|01111001100110
04 011|0000101|000000010100|10100110011000
05 011|0000111|000001111010|01100101100000
06 011|0000110|001111100001|01111001000111
07 010|0000101|000110100111|10010011000010
08 101|0000111|001111100001|01011100010111
09 010|0010010|001000000111|11000111010011
0a 110|0000110|001111011010|01110010101100
0b 110|0010111|000101111011|00101111000100
0c 110|0010111|001100000111|00101110010111
0d 000|0010110|000011111101|01000001000010
0e 111|0010010|001100011001|01111100000111
0f 000|0000110|001111101001|01110011011011
10 111|0001000|000100111100|01001000010101
11 111|0000110|000110011100|01111000101111
12 000|0000101|001001100110|10100111000111
13 000|0010010|001010011110|10101001001000
14 111|0001100|000010111101|00100010001111
15 111|0001100|001111001010|00100010000100
16 000|0010110|001100100110|00111010010101
17 000|0010010|000011010110|10101011110101
18 000|0000110|001010101101|01101010000101
19 111|0001000|001101100000|01010001000100
1a 111|0010010|001101000111|10010000001011
1b 111|0000111|001101011000|01011110100011
1c 111|0010010|000111101010|10001100000011
1d 111|0000111|000111000011|01011011010001
1e 000|0000101|000100001000|11010110000101
1f 000|0000101|001111100110|11000101111001
20 111|0000101|001001000111|10101000111101
21 000|0010010|001100101000|10111100001011
BX = 011 Event : 44
00 011|0011000|001100001001|00101100100111
01 011|0011000|001100110000|00101011100011
02 011|0000101|000010100001|10001100110001
03 011|0000111|001101010110|01100001000111
04 011|0010010|000001010010|10001011010101
05 011|0010010|000101101011|11000100111110
06 011|0010100|000011100110|01100011010010
07 011|0001000|000010000010|01010100101101
08 011|0000101|001001011001|10101000000010
09 011|0010010|000001100010|10000111001101
0a 011|0001010|001101011011|00110100111101
0b 011|0000101|000101001011|10011000100011
0c 011|0000111|000100101100|01100100000010
0d 011|0010111|000001101001|00111000100100
0e 100|0010010|000101101001|11010110011000
0f 100|0000101|000110101110|11010110011101
10 101|0010010|000101111000|11000100110011
11 010|0001001|000111010101|01000001011100
12 010|0000101|000001111101|10010001000000
13 010|0000101|000100111110|10010000101001
14 010|0010010|001100101101|11000000110110
15 101|0010010|001100011110|10001101101010
16 010|0001010|001101101111|00101111101110
17 010|0000101|000100010010|10010001000000
18 010|0010110|000110010111|01000000010101
19 010|0000111|001100110111|01100001010011
1a 010|0001001|000110111001|01000001110011
1b 110|0001010|001000100101|00110011101100
1c 110|0010010|000011000111|10110001000010
1d 000|0010011|000011010001|01110011001010
1e 000|0010010|000001001010|10000011011101
1f 000|0000101|001101011011|10010010110110
20 000|0010111|001000011110|00110011111111
21 111|0000111|000010101001|01010110100001
22 000|0010010|000001010000|10000111100100
23 000|0001010|000100000101|00110111001000
24 111|0010100|000011111101|01100010110000
25 000|0010110|001111000001|00111100000101
26 000|0000110|000010100110|01111010111100
27 111|0010010|000000111011|10000000100101
28 111|0010101|001000010001|01001010011010
29 111|0001011|000100100100|00100010111101
2a 111|0000110|000010000000|01110010100000
2b 000|0000101|000100101111|10111101011010
2c 000|0010010|000101011100|11010000000110
BX = 100 Event : 45
00 011|0001010|001010110101|00101111001011
01 011|0001010|001001101000|00110111101010
02 011|0001000|001101000001|01000110100001
03 011|0010101|001100011110|01000111001110
04 010|0000110|001011000010|01111101010101
05 010|0000111|000111011101|01100011101011
06 101|0010101|001100111111|01000110110111
07 101|0010010|000011111000|10101001001000
08 110|0010010|000101100110|10011000011011
09 110|0000101|000010011001|10100111000111
0a 110|0000111|000110010010|01100011001000
0b 110|0001010|001011000111|00101110110100
0c 110|0000101|000000101001|11010000001101
0d 110|0010110|001011111100|00111010110110
0e 111|0000101|000111010101|10101101111011
0f 111|0010100|001100111010|01011001010100
10 111|0010011|000011111010|01100111101111
11 111|0001011|001101010011|00100100001110
12 111|0000101|001101100000|10111000000100
13 000|0000110|000100110110|01111001101010
14 111|0010010|001100111010|10100001011010
15 111|0010011|000001100010|01111010001001
16 111|0010010|001010101110|10010110011101
17 111|0011001|000110000010|00100000001011
18 111|0010010|001100111000|10000001101010
19 111|0000101|001100110111|10100000000111
1a 000|0000101|001001000001|11010000111100
BX = 101 Event : 46
00 011|0010010|001010011100|11000010110100
01 011|0010010|001000011110|10001100001111
02 100|0010010|001010110101|11011100110101
03 011|0000101|000000010100|10110100110000
04 011|0010011|000101101110|01110101110110
05 011|0001000|001111001000|01000110100001
06 011|0000111|000100011111|01100101110111
07 011|0010011|001010001010|01110110000001
08 011|0010010|001100010110|10100111010101
09 011|0010011|000101111000|01110101101010
0a 011|0010010|001110100100|10101001010100
0b 010|0000101|000110111110|10011010111101
0c 010|0010011|001001111111|01110010011101
0d 010|0000101|001011011001|10001101001001
0e 010|0010110|000000101100|00111110001101
0f 010|0000101|001111110011|01111111111010
10 010|0000101|001000111111|10110010100010
11 010|0001001|001111010010|01000010001010
12 001|0010011|001110010000|01100101111101
13 110|0000101|001110101011|11010111111011
14 001|0010010|001010000101|11001010101110
15 001|0000101|001010110000|10011011100000
16 001|0000101|000111000011|10011110011101
17 001|0000110|001011101101|01111110010000
18 110|0010010|001110100010|11010000110100
19 001|0010010|001010110101|10000000000011
1a 110|0000111|000000000111|01011100100011
1b 001|0001000|000110100001|01001111111110
1c 000|0001010|001010111101|00110001100001
1d 111|0000101|000110001111|10011010011001
1e 000|0010101|001110111001|01000110100000
1f 000|0000110|000100010111|01110110100010
20 000|0001000|001111010010|01000111000100
21 000|0010110|000000100110|00111011011000
22 111|0000101|001001000001|11000011010100
23 111|0010010|001100000010|10100000101100
24 111|0001001|001011010001|00111110111001
25 111|0010100|000110000101|01011000100110
26 111|0000110|000100001011|01110011110010
BX = 110 Event : 47
00 011|0010010|000001010000|11000001011000
01 011|0001011|001001000001|00101011110001
02 100|0000101|000000001010|11001100010101
03 100|0010010|001110100010|10111000000011
04 011|0010010|001111000110|10011000000101
05 010|0000101|001110110000|10001011000111
06 010|0000101|001011001001|11001110101110
07 010|0010100|001110001000|01011110110101
08 101|0010010|001010011110|10001110101111
09 010|0000101|001100111111|10110001010000
0a 101|0010010|001010011110|11001100010101
0b 101|0000101|000000010010|11001100001001
0c 101|0010010|000101101001|10101010100100
0d 010|0010010|000110011111|10000101100110
0e 110|0010011|000001101110|01110111101000
0f 001|0001011|000010110000|00100100111011
10 001|0000101|000000000111|11001000110101
11 001|0000110|001011000111|01100110110010
12 001|0010100|001010111111|01100011111000
13 110|0001100|000111010111|00100001010110
14 001|0010010|000011111000|10011011011111
15 001|0010011|000100001111|01101011101010
16 001|0010010|001000001100|11000001101111
17 111|0000110|000100010000|01101011001011
18 000|0001001|000010011110|01000011011011
19 000|0010010|001100111111|10110110011011
1a 111|0001011|000010101001|00100101101001
1b 000|0010010|000011100001|11001001000110
1c 111|0010010|001100101000|10110110111110
1d 111|0010110|000000110110|01000001111010
1e 000|0010010|000110011100|11011100101001
1f 000|0010010|000001010101|11001100010101
20 000|0010010|001010000111|11011110011100
21 111|0010010|000100001100|10110010011110
22 000|0001000|000010100100|01001100001001
23 111|0010011|001010010111|01101111000011
24 111|0000101|000100010000|10110001011100
25 000|0010010|000100000101|11010011010101
26 111|0010011|000011101011|01101010001111
27 000|0000101|001101101000|10110100111100
28 111|0010010|001100000010|10100111101100
29 000|0000101|000110010111|10110111010101
2a 111|0000111|001011001001|01100101110111
2b 000|0010010|000110100001|11001101001111
2c 111|0010101|000001100010|01010000010000
2d 000|0000101|000110100100|11001111000110
2e 000|0000101|001011110011|11001111010010
BX = 111 Event : 48
00 011|0000110|000111011010|01101110101010
01 011|0000110|000000100110|01111100100110
02 011|0001011|001001100000|00101000010110
03 011|0000101|000111000000|10110110100110
04 011|0010010|001001111111|10101000001111
05 011|0010010|001010001100|11011011000010
06 011|0001011|001011000111|00101000101101
07 010|0001100|000000100001|00100000101000
08 110|0010010|000011001100|10010100110110
09 001|0000111|000111010000|01011000111001
0a 001|0000101|000000011111|11001111011101
0b 001|0000101|001010110000|11010000011000
0c 001|0001010|001010110111|00101111010111
0d 111|0010100|000101101011|01010111010111
0e 111|0010101|000101010100|01000101111111
0f 000|0000101|000111010111|10110110111101
10 111|0011000|001100010001|00101010101011
11 111|0010010|000011100011|10011101000110
12 111|0001100|001000110010|00100000000110
13 111|0010011|001010100011|01110001001101
14 111|0010100|001010000111|01011110011110
15 111|0000110|000100001000|01101111011001
BX = 000 Event : 49
BX = 001 Event : 50
BX = 010 Event : 51
BX = 011 Event : 52
BX = 100 Event : 53
BX = 101 Event : 54
BX = 110 Event : 55
BX = 111 Event : 56
BX = 000 Event : 57
BX = 001 Event : 58
BX = 010 Event : 59
BX = 011 Event : 60
BX = 100 Event : 61
BX = 101 Event : 62
BX = 110 Event : 63
BX = 111 Event : 64
BX = 000 Event : 65
BX = 001 Event : 66
BX = 010 Event : 67
BX = 011 Event : 68
BX = 100 Event : 69
BX = 101 Event : 70
BX = 110 Event : 71
BX = 111 Event : 72
BX = 000 Event : 73
BX = 001 Event : 74
BX = 010 Event : 75
BX = 011 Event : 76
BX = 100 Event : 77
BX = 101 Event : 78
BX = 110 Event : 79
BX = 111 Event : 80
BX = 000 Event : 81
BX = 001 Event : 82
BX = 010 Event : 83
BX = 011 Event : 84
BX = 100 Event : 85
BX = 101 Event : 86
BX = 110 Event : 87
BX = 111 Event : 88
BX = 000 Event : 89
BX = 001 Event : 90
BX = 010 Event : 91
BX = 011 Event : 92
BX = 100 Event : 93
BX = 101 Event : 94
BX = 110 Event : 95
BX = 111 Event : 96
BX = 000 Event : 97
BX = 001 Event : 98
BX = 010 Event : 99
BX = 011 Event : 100
