BX = 000 Event : 1
00 011|1110101|001110111001|11010100101001
01 011|1110101|001110011101|11010100101001
02 011|1100100|001111001000|10110110100011
03 011|1011111|000010111000|01101000110111
04 011|1100101|000000001111|10111011001101
05 101|1101111|000000100110|10010110101111
06 010|1100000|000000010010|01111110010001
07 101|1011101|001000101101|00100000010111
08 101|1011110|001100111111|01001110110000
09 101|1110010|001100010001|10111110010111
0a 001|1011110|000000011100|01001001111110
0b 001|1011110|001011011011|00111011011000
0c 110|1101101|000111101000|01110110010011
0d 111|1100100|000111001000|10110001011111
0e 111|1011110|001110111011|00111111011000
0f 000|1100010|000000100100|10010111111001
10 000|1101110|000001000011|10001001010110
11 111|1011110|000001101110|01001011110001
12 111|1110001|000011001111|10110101100000
13 000|1100100|000100110100|10101110100101
14 000|1011111|000110101100|01101101101000
15 000|1011111|000010001111|01011111111010
16 000|1101011|001010100001|01010001001010
17 000|1100001|000000001111|10001000101111
18 000|1100000|001010110101|01111001001000
19 000|1011110|000001110000|00111010001011
1a 000|1101110|000110100001|10010000011011
1b 000|1011110|001100111100|01001111110000
BX = 001 Event : 2
00 011|1100110|000000000000|11000100011110
01 100|1101011|001100001110|01001110011100
02 011|1011110|001100110111|01010101010110
03 011|0011010|000100001010|11010100001010
04 011|0001101|000100000011|11010100110101
05 011|1101010|000101011001|00111000111000
06 011|0001101|000000000101|11010110111110
07 011|1101011|000011101000|01011011101000
08 010|1110101|000011111000|11010110001000
09 110|1100111|001101001011|11001010101001
0a 110|1100110|000000000000|11000110000001
0b 110|0001100|001011100001|11011011011100
0c 111|1101011|001010011110|01001111000010
0d 000|0011011|000110001111|11001001110001
0e 111|1110000|001010110101|10101010001010
0f 111|1101010|000110010111|00111000010010
10 000|1100001|000010100100|10001100000110
11 000|1011110|000100100100|01001010100100
12 000|1100100|000000100110|10110001111000
13 000|1101101|000011110000|10000100010110
14 111|0001101|000100010111|11010100000111
15 111|0011010|001111000011|11010010011011
16 111|0001101|001111000010|11010000111010
17 000|1101011|001110101100|01001001100110
BX = 010 Event : 3
00 100|1101101|000111101010|01111110110010
01 011|1101011|000001011100|01000100111011
02 011|1100010|001101000110|10010111010011
03 100|1100110|001011010100|11001001101011
04 011|1100001|001101000110|10001100101100
05 100|1011110|000000010111|01010111010101
06 010|1110001|001100010001|10101110010100
07 101|1101011|001010100011|01000010001101
08 101|1011110|001010100101|01000001100101
09 010|1101111|001110000101|10010101011001
0a 101|1110001|001000010011|10101110101101
0b 010|1101111|001100010100|10010111111000
0c 001|1100001|000010101001|10001001001000
0d 001|1100010|001101101101|10011101001100
0e 110|1101111|001110001011|10010100110101
0f 001|1011110|001011011110|00111110011000
10 111|1011111|000000100001|01100010101100
11 000|1101010|001110100111|00110001110111
12 000|1100010|000010011001|10010101100010
13 000|1101010|001100110101|00100101100110
14 000|1101010|001100001100|00100101100110
15 000|1110010|001100110101|10111010011010
16 111|1011110|000000011111|01000110011000
17 111|1101010|001110110110|00110000111001
18 000|1100110|001101010011|11000100011110
19 000|1110000|000001110110|10101000011100
1a 000|1100111|001101010001|11001100111101
1b 000|1101010|001110111100|00101111010101
1c 000|1011110|001111001101|00111110111110
BX = 011 Event : 4
00 011|0011010|000000101110|11010001011000
01 011|1011111|000110110110|01100111110111
02 011|1110010|000011110101|10111001101010
03 011|1110100|000011010110|11001001101000
04 100|1101111|000001010111|10011010010111
05 100|1100110|000000001101|11001010000100
06 010|1100010|001111011100|10011101011000
07 101|1100001|000111001011|10010010001100
08 010|1110101|000001011100|11010100011101
09 010|1100101|000100110100|10110111101101
0a 001|1101010|001010101011|00100110001100
0b 001|1110010|000011111010|10111001110110
0c 001|1101111|000001000101|10011111010100
0d 110|1110011|001010001010|11000010100000
0e 000|1101110|000001100100|10001000001100
0f 111|0001111|001010101000|11000100011111
10 111|0011010|000001100100|11010000110111
11 111|1011110|000000000111|01001010100100
12 000|1011101|001111010100|00100111100100
13 111|1101010|001110111100|00100101001101
14 111|1101010|001110110100|00100101001101
15 000|1100001|001110110000|10001101110111
16 000|1101111|001110001011|10011110010111
17 000|1110001|000110000101|10110000111110
18 000|1011101|001111001101|00101011100100
19 000|1011101|000010000111|00101101010111
1a 000|1101101|000001100100|10000010000011
1b 000|1101100|001000000111|01100001101001
1c 000|1011110|000111011100|01001001010011
BX = 100 Event : 5
00 011|1101100|000011100110|01110010010000
01 100|1100111|000110010101|11010010010100
02 011|1110001|000011110011|10110100111100
03 100|1100101|001100101111|10111101010101
04 100|1100101|000101001000|10111101001000
05 100|1101011|001110001000|01001011001001
06 011|1100101|001011001111|10111010001111
07 011|1101010|000011010100|00111010000010
08 100|1011110|001101010110|01001000001011
09 010|1101110|000101101001|10001111011110
0a 010|1110000|001010011001|10100100110101
0b 010|1110000|001010011001|10100101110010
0c 101|0001101|001111000000|11011000000011
0d 101|1110010|001010110101|10111100110111
0e 101|1100111|001000101000|11001100111101
0f 110|1100001|001101101111|10000111010111
10 001|1011110|000111011111|00111100011000
11 001|1101011|001001111010|00111101010110
12 110|1100110|000010110011|11000101010000
13 001|1110011|001001111010|11000000110100
14 001|1100110|000110100111|11000010111100
15 111|1011101|001000110101|00100001001010
16 000|1110000|001010011110|10100101111110
17 111|1101011|001100111010|01001001000000
18 111|1100101|001010110010|10111000011111
19 000|1101110|000101101110|10001111000110
1a 111|1101000|000110101100|11010100001111
1b 111|0001100|001100111100|11011101001110
1c 111|1011101|001001000001|00100011110000
1d 000|1110000|000101110011|10100010010111
1e 111|1011110|001100110100|01000001011000
1f 000|1011101|001000110111|00100010001010
20 000|1101101|001000011110|01111000000010
BX = 101 Event : 6
00 011|1110000|000001000011|10100011100000
01 100|1101111|000000111000|10011110110000
02 011|1011101|000010110110|00100110010111
03 010|1100000|001101110010|01111101010010
04 010|0001100|001001001110|11011011011100
05 101|1011110|000110100100|01000001110001
06 010|1110011|001111001110|11000011010000
07 101|1101011|001100111111|01011110100010
08 010|0001101|000000001101|11010100010011
09 110|1101010|001111001000|00101011000011
0a 110|1100000|000000001101|01111100011111
0b 110|1011101|000010000000|00101010111110
0c 001|1110100|000101101110|11001010100100
0d 001|1110001|000000111110|10101110010100
0e 001|0001100|001000100101|11011011100111
0f 110|1100001|001101110111|10000101111110
10 001|1101100|001100011110|01100000000110
11 000|1011101|001111011010|00110000100100
12 111|1011101|001111010111|00100000001010
13 000|1110100|000011011110|11001010000000
14 000|1011111|001001000100|01100111011110
15 000|1100010|000110110011|10011010010000
16 111|1011110|000010001100|00110111111110
17 111|1101011|001110010010|01010110110010
18 000|1100110|000010110110|11000001001100
19 111|1011101|001010111010|00110011100100
1a 111|0011010|001100100011|11011000101100
1b 111|0001110|000000000111|11001000011000
1c 111|0001111|001111001000|11000101111001
1d 111|0001101|001001011001|11010101010111
1e 000|1011101|001101011000|00110100100100
1f 000|1100101|001111110011|10111101001000
20 000|1100000|001101101010|01111101111000
21 000|1101100|000011010001|01011111001000
22 000|1011111|001001010011|01101110011011
BX = 110 Event : 7
00 011|1101010|000110010111|00100001101101
01 100|1101010|000110000000|00101100001110
02 101|0001110|001000110010|11001011100101
03 101|1100101|001001100000|10111110000110
04 101|1100101|001000110101|10111110000110
05 001|1110010|001110010101|10111010001110
06 000|0001101|000001101110|11010001101000
07 000|1011101|000000001010|00100001111101
08 111|1110010|001000110010|10111011101111
09 000|1011101|001101101000|00110101001011
0a 111|1100001|000000000111|10001100111000
0b 111|1110100|001000011011|11001001011100
0c 000|1110010|001000000100|10111100101011
0d 111|1100011|000110011010|10101001101101
0e 000|1100101|001010110010|10111110101100
0f 111|1101100|000001100100|01100101101101
10 111|1101010|000101101110|00100001001000
11 000|1101100|000001011010|01101001110001
12 000|1100101|001000110111|10111011111110
13 000|1100100|000010100100|10101110100101
BX = 111 Event : 8
00 011|1101101|001100110101|10000011001101
01 011|1011101|001010110010|00100010001010
02 100|1011110|000111011101|00111000111110
03 100|1101111|001110000101|10011000000101
04 101|1100010|000100011111|10010110101110
05 101|1110011|001100000010|11000011110100
06 110|1100010|001011010100|10011100111111
07 110|1101010|001010100001|00111010000010
08 110|1011110|001010101000|01000101001011
09 110|1100011|000110111001|10100101100110
0a 110|1110011|001101000010|11000011101000
0b 110|1110101|000011111010|11010010110001
0c 110|1101010|001000010110|00100001001000
0d 001|1110101|000011011110|11010011100001
0e 000|1101011|000101111000|01010001100011
0f 111|1100000|001101101111|01111111011101
10 111|0001111|001101101111|11000110011100
11 111|1011110|000111011010|01001110110000
12 000|1100001|001011010110|10000111010111
13 111|1011110|000010000101|01001010110001
14 000|1100010|001011100110|10011011011011
15 000|1011110|000010001010|01001101110000
16 000|1100011|000010011100|10100000100001
17 000|1101011|001010010001|00111111101011
18 000|1110001|000101100001|10110101101100
19 111|0011010|000100001100|11010101100011
1a 000|1101011|000001110110|01010101001111
1b 000|1011110|001000110101|01000011011000
1c 111|0001101|000100000101|11010100011110
1d 000|1101101|001010001010|01111001011001
1e 000|1101010|001010000101|00111011000001
BX = 000 Event : 9
00 011|1101010|001110101111|00100000001001
01 011|0001110|001001011110|11001101000000
02 100|1110001|000000111110|10110001010110
03 100|1100110|001011011110|11000001000000
04 011|1011101|000110011010|00110101011000
05 011|0001101|000111010101|11010111100000
06 011|1011110|000001110000|01000110110001
07 011|1101011|001001111010|01001000011011
08 010|1101010|000110000000|00101011011100
09 101|1101111|001111001000|10010110101111
0a 010|1011111|000000001010|01101111000001
0b 101|1011110|000111000000|01000011001011
0c 001|1100011|000100000000|10101011010001
0d 001|1100011|001010111101|10100010000101
0e 000|1110101|001000000100|11010100011101
0f 111|1100111|000010010111|11001110010011
10 111|1100100|000110111011|10101100001111
11 000|1101111|000101101011|10011001011010
12 000|1101110|001010100011|10001010010011
13 000|1101110|001101000101|10001010010011
14 111|1101100|000101100110|01101001110001
15 111|1100110|001111111000|11000111010111
16 111|1110101|001000000111|11010011100001
17 111|1101010|001101000101|00110100000000
18 000|1011110|000110111110|00111100110001
19 000|1011110|000100110100|01001101111101
1a 111|0011010|000011000111|11011001101111
1b 111|1100100|001111101100|10110011000011
1c 000|1101010|001100001001|00100001111010
1d 000|1100011|001101110111|10100101000001
1e 000|1100100|000110110011|10101110100101
1f 000|1101100|000110001010|01101110100110
20 000|1100111|001001001110|11010001001011
BX = 001 Event : 10
00 011|1100111|000001101110|11010010101101
01 100|1110100|001001110011|11001111111110
02 011|1011101|000000100100|00100101010111
03 100|1101110|001100110000|10001010011111
04 011|1101011|000101111000|01001010111101
05 010|0011011|001010100110|11001110100111
06 101|1101100|000000111000|01100010110011
07 010|1100000|001011100110|10000100011001
08 001|1100001|001011001100|10000111110000
09 110|1101011|001111000011|01001011010101
0a 110|1100001|000111010101|10001011111001
0b 110|1110000|001000101011|10101001110001
0c 110|1101011|001000000100|01001000000010
0d 001|1101011|000101010110|01001011001001
0e 001|1101011|000110010010|01001110011100
0f 110|1100110|000111001101|11000011101101
10 000|0011010|000011011011|11010010110001
11 000|1110011|000110000010|11000111000000
12 111|1101110|001100000100|10001010000111
13 000|1011110|001011010001|01001000010111
14 000|1100010|000100001000|10011101110010
15 000|1011101|000110101001|00100001110000
16 000|1011110|000000011100|01011000100010
17 000|1011101|000001111010|00101011111110
18 000|1100010|001101011101|10011111111011
BX = 010 Event : 11
00 011|1100010|000111001000|10010101101111
01 011|1100101|001101100011|10111000111000
02 100|1100011|000000001101|10101010010010
03 011|1011110|001111010100|01011010010101
04 010|1101010|000101011100|00111100011000
05 101|1100000|001010100011|01110101111101
06 101|1011101|001011011110|00110011011000
07 010|1101100|000111110100|01100010110011
08 010|0001101|001101101111|11010100010011
09 001|1011110|000110100111|01011000010101
0a 001|1101011|001111010011|01011010000101
0b 001|1101011|001010000010|01001010111101
0c 110|1100010|000110010101|10010111111001
0d 110|1101010|001110011101|00110011001110
0e 001|0011011|000101111011|11010000100001
0f 001|1110001|000101110000|10110010101011
10 111|1101011|001000101101|01000001000010
11 111|1011110|001000100000|00111111111110
12 111|1100001|000010000010|10001101110111
13 000|0011010|001111010000|11011000001010
14 111|1100111|001000110111|11001011100110
15 000|1011101|000010110110|00100101010111
16 000|1110010|001011111111|10111010100110
17 111|1011101|001010111101|00110101001011
18 000|1100010|001001010001|10011111101111
19 000|1011101|000000011001|00101100111110
1a 111|1101100|001110001000|01110011000010
1b 111|1100010|001000110101|10010011011000
1c 000|1101100|001100000010|01110010101001
1d 000|1100001|000000001111|10010010110010
1e 000|1101111|000101100110|10011100110110
1f 000|1011110|001011110011|00111000100101
20 000|1110101|001100001110|11010001101010
BX = 011 Event : 12
00 011|0011011|000001011010|11001100101101
01 011|0011011|001100111101|11001011001001
02 011|1011101|001010101011|00100010100100
03 100|1110011|001100110011|11000000000100
04 100|1011101|000010000000|00101101001011
05 011|1011110|001010111101|01010101001001
06 100|1110001|001100011110|10101101000000
07 100|1110010|001100000111|10111010001110
08 100|1011110|001100101101|01001000100100
09 011|1101010|000000111000|00111010000010
0a 011|0011010|001010000111|11010111111111
0b 101|1101011|000110001111|01000110010010
0c 101|1011111|000100110100|01100011111000
0d 101|1100111|000110110011|11010010111001
0e 101|1100011|001100110010|10100010000101
0f 101|1011110|001010101000|01001110110000
10 010|1011110|001010101011|01010101010110
11 110|1011101|000010101011|00101011010111
12 001|1101010|001110001011|00110110101111
13 110|1101011|000001110001|01010111100100
14 110|1101111|001100101101|10010110100011
15 110|0011011|000000111110|11001101111011
16 001|1100101|001100111001|11000000001111
17 000|1101111|001100001110|10010100000100
18 000|0001101|000010010100|11010010101100
19 000|1011101|000010010111|00100000111101
1a 111|1101100|001101001010|01101101110100
1b 111|1100101|001001010011|10111101010101
1c 000|1110001|001101000101|10101101100100
1d 111|1101111|000011101101|10010110101111
1e 111|1101111|001110100100|10010101111110
1f 000|1011111|001001010001|01011110000111
20 000|1101010|001000101101|00110110001001
21 000|1100010|000010001010|10011001011101
22 000|1100010|001010111010|10011010101001
23 111|0001110|001101010001|11001101101101
24 000|1101101|000011111010|10000000111001
BX = 100 Event : 13
00 100|1100000|000010100110|10000010001110
01 011|0001100|000100111100|11011110011110
02 100|1100110|001111000101|11000001110001
03 011|0011011|000100001111|11001111110101
04 011|1101101|000011111111|01111000000010
05 100|1101101|001010100110|01111100000101
06 100|1100001|000111011010|10001100010010
07 011|1110010|001100111010|10111001101010
08 100|1101010|000111101010|00110111001000
09 100|1100110|000100101010|11001000100001
0a 010|0001100|000101000011|11011110010011
0b 101|1110001|000001010000|10110010110111
0c 101|1100111|001001010011|11001110010011
0d 110|1011110|001101000100|00111011100101
0e 001|1011110|000111010010|01000110100100
0f 001|1101010|001000000100|00100111100011
10 110|1101101|001010000111|01110100100100
11 111|0001110|000101000001|11001001110011
12 111|1100101|001111100110|11000000100111
13 000|1100110|001111010111|11000100011110
14 111|1110100|000101101001|11001101100011
15 000|1011110|000110111001|01000100100100
16 111|1011110|000111011010|00111100110001
17 000|1101010|000111111111|00110111101101
18 111|0011010|000010111111|11010111010011
19 111|1011110|000111011010|01000001110001
1a 000|1101011|000111111111|01000100100010
1b 000|1110010|001101001100|10111011101111
1c 111|0001100|000101001011|11011101110001
BX = 101 Event : 14
00 100|1100111|000010011001|11010001111100
01 100|1011101|001011101000|00101110100100
02 011|1101000|000001110101|11010100110100
03 011|1100000|001101000110|01110100100100
04 011|0011010|001100111101|11010001101111
05 011|1011101|000111010101|00110101001011
06 011|1011101|000010111000|00100101110001
07 011|1101010|000110010111|00111000010010
08 011|1101011|001100001001|01001001110010
09 010|1101011|001101000111|01001100000111
0a 010|0001100|000100111110|11011100101100
0b 010|0001100|000100110001|11011100101100
0c 101|1011111|000010000010|01110010111111
0d 101|1110011|001110011010|11000001100100
0e 101|1110001|000111111100|10110001101110
0f 101|1110001|000111111100|10101111110101
10 101|1101011|000011000100|00111101001001
11 010|0001101|000111010000|11010101000000
12 110|1101010|000110011111|00110111111001
13 001|1101100|000011000010|01101011010011
14 001|0001100|000111001000|11011101011010
15 001|1110000|000000110011|10100010110000
16 110|1100111|000001110101|11010001100011
17 111|0011010|000101110011|11011000101100
18 111|1100010|000010000101|10011111001001
19 111|1101110|000000111000|10001000110001
1a 111|1100011|001011001111|10100110001100
1b 000|1100111|000010000101|11010010100001
1c 111|1101011|000011010110|01010001100011
1d 000|1101000|000100110100|11010011110111
1e 000|1100000|001111001000|10000011001110
1f 000|1011110|000100010101|01010011001001
20 000|1110000|000110001101|10100111100000
21 000|1101100|001100100000|01100111110101
22 000|1110001|001000100000|10101011010010
23 000|1101011|001010110000|01001001001101
24 111|0011011|000001010010|11001101101111
25 000|1011110|000100010111|00111001100101
26 000|1011110|000110100001|01011100000111
27 000|1100001|001010101011|10010000011011
BX = 110 Event : 15
00 100|1100010|001111110110|10011111101111
01 011|1101011|001110011101|01000100111011
02 100|1100000|001011010100|01111100011111
03 100|1101110|000001101001|10001010011111
04 011|1011110|001011000010|01011011010100
05 101|1011110|001101110010|01000110110001
06 010|1101110|000001100111|10001111101010
07 010|1101101|000001101100|01111111101111
08 101|1011101|001001100110|00110010111110
09 010|1110101|000000111000|11010100010001
0a 101|1011110|001000111111|01001110110000
0b 101|1100100|000111001000|10101111001010
0c 101|1101010|001101000101|00101101001100
0d 010|1100011|001010110010|10100111110000
0e 101|0011010|000000110001|11010101111001
0f 001|1110000|001010000010|10101010010110
10 110|1011110|000000001111|01001010111110
11 110|1100101|000100111110|10111010011011
12 001|1101010|001110101010|00111000111000
13 001|1100101|001011110000|10111100110000
14 001|1101111|001110110110|10011101000010
15 110|1100001|001110101001|10000111001010
16 001|1101110|000001010111|10001111110111
17 001|0001110|000100110100|11001110000100
18 001|1100111|000100011111|11010001010111
19 111|1101011|001110100111|00111101100010
1a 000|1101010|001010010111|00100100101000
1b 000|1101011|000101111011|01000101101101
1c 000|1011110|001101011011|01000100111110
1d 111|1011101|001101000100|00101100010111
1e 000|1011110|001000110101|01000101011000
1f 000|1011110|001101100000|01000111010111
20 111|1101010|001001110011|00100111001010
21 000|1101100|000011100001|01101101001111
22 111|1011110|001001001001|01000100011000
23 111|1011110|000110001111|01000011001011
24 000|1110101|000001110110|11010110010100
25 000|1100011|001101000110|10100100101000
26 111|0001101|000000000111|11010110110011
27 000|1110000|001100001110|10100110111011
28 111|0001101|001111001000|11010101001100
29 000|1101101|000000101100|01111100101010
2a 000|1100000|001111010100|01111101111000
2b 000|1100000|000000101001|01111110010001
BX = 111 Event : 16
00 100|1101011|000000101110|01010000000000
01 100|1100100|000110111011|10110001000111
02 100|1110011|000011011110|11000000101000
03 100|1011111|000100101010|01101110001110
04 100|1101010|001000000100|00101100000010
05 011|1110010|000110011111|10111000010110
06 011|0011010|000011110101|11010111010011
07 100|1100101|001110110000|10111100110000
08 100|1101110|001000100011|10001011110101
09 011|1011110|000010111011|01001001111110
0a 011|1101111|001100111101|10011101011010
0b 101|1011110|001111001111|01000110011000
0c 010|1101100|000110000111|01011111101101
0d 101|0011001|000011000100|11011101001110
0e 010|1101011|000001100100|01010000001100
0f 010|1100001|001110111011|10010001110011
10 101|0001110|000100011010|11001010001010
11 101|1100011|000110010111|10100000100001
12 110|1011111|000111000101|01101000011101
13 110|1100110|000010001100|11000111001011
14 110|0011011|000001011100|11001110111101
15 001|1101010|000001011010|00101011101001
16 001|0011001|000011100001|11011100100001
17 110|0001110|001001011011|11001101010110
18 001|1110001|000001101001|10110001010110
19 001|1011101|000000100001|00101101100100
1a 001|1101110|001111000001|10010001001100
1b 110|1100100|000111001101|10110010101010
1c 111|1110000|000110010010|10100001011010
1d 000|1011111|000100100111|01110010011001
1e 111|1101101|001110111001|01111111010111
1f 111|1101011|000000101001|01001110010000
20 111|1101110|001100001110|10001011000100
21 111|1011111|000100011101|01101011001111
22 000|1101100|001010110011|01101010101110
23 111|1100101|000101000001|10110111010100
24 111|1100010|000101000001|10010101001001
25 111|1110001|000001101001|10110010110111
26 111|1101110|001010100110|10010010111010
27 111|0001110|000010010100|11001010101100
28 000|1011110|001101000100|00111110100101
29 000|1101011|000001001101|01010000111110
2a 000|1101100|000101100110|01101000000001
2b 000|1101110|001011000010|10001001001001
2c 000|1011110|001111110001|01000111001011
2d 000|1011101|001000111010|00101001111110
2e 000|1101011|000000110110|00111100111101
2f 000|1110101|001000011110|11010001101010
30 000|1110101|000111101010|11010001101010
31 000|1100100|000110101001|10101111100011
32 000|1100011|000110101001|10100001100000
BX = 000 Event : 17
00 011|0001100|000000100100|11011101011010
01 100|1100001|001010100011|10010010000000
02 100|1101110|001010110000|10010001111101
03 011|1101011|001010011110|01000101010100
04 011|0011010|001110000011|11010111010011
05 100|1101111|001000010011|10011000110101
06 011|0001101|000000100110|11010010110111
07 010|1101010|001100011011|00101100110011
08 010|1011110|000010101011|00111111110001
09 101|1101100|001000100000|01100001110101
0a 101|1011110|000010101001|01010000111101
0b 101|0011001|001110111110|11011010010000
0c 001|1100010|001000110101|10011010010000
0d 110|1101011|001100100011|01010111111101
0e 110|1100001|000000011001|10000111010111
0f 110|1011110|000101001110|01010110100010
10 110|1011110|001001010001|01000101011000
11 110|1101100|000011100110|01110011100111
12 001|1011110|001101101111|00111111100101
13 000|1110000|001100110000|10100101100110
14 111|1011110|001000011011|01001111001010
15 111|1100000|000100111110|01111110010001
16 111|1101011|000001101100|01011100111111
17 000|1110000|001100000010|10101001100101
18 000|1100101|000100011111|10111001101001
19 000|1100010|000010111011|10011001010001
1a 111|1101011|000101010110|01010111100100
1b 000|1101011|001110001101|00111100100100
1c 000|1110001|000001101100|10110000000010
1d 000|1011110|000010100001|00111011111110
1e 000|1011101|000010010111|00100011100100
1f 000|1101011|000011000100|01000110000110
20 000|1100010|000111000000|10010111100000
21 000|1100111|000000011111|11001010011101
22 000|1011110|000010111101|01000111010111
23 000|1110010|000110000111|10111110111011
24 000|1011111|000010101110|01100001101100
BX = 001 Event : 18
00 011|1100100|001000011011|10110011000011
01 011|0001110|001111000000|11001011001110
02 100|1011101|001000101111|00101101111110
03 011|1011110|000110100001|01000100001011
04 100|1101011|000110100100|01001011101110
05 011|0001110|001001101000|11000111010100
06 100|1101100|001111001000|01101011101100
07 100|1011110|000101000011|01011011010100
08 100|1011110|000100100100|01011011010100
09 100|1100010|001110101110|10011100000001
0a 100|1100001|001000101000|10001011000111
0b 011|1100000|000000100100|01111010010100
0c 011|1101110|001000101011|10001011010000
0d 011|1101010|000100001010|00101001010011
0e 100|1100010|000110001111|10011001000100
0f 010|0001100|001101001011|11011010001100
10 010|0011001|000101111101|11011110100111
11 101|1101011|001100100011|01010010101110
12 101|0011011|001110110001|11001011101010
13 010|1101011|001101000010|01010001100011
14 101|1101101|000101100011|01111111001010
15 010|1101011|000110100100|01000100001001
16 010|1101000|000100011101|11010110010110
17 010|1101000|000100010111|11010110010110
18 010|1101101|001000110010|01110110010011
19 010|1011110|000010011100|01000100110001
1a 010|1011111|000100011010|01100101111000
1b 010|1101011|001101001100|01000101111001
1c 010|1110100|001110001011|11001000111000
1d 110|1011111|001111000000|01101011011100
1e 001|1101110|001010111000|10001100011010
1f 110|1100010|000110110011|10011000111000
20 001|1101100|000110000111|01101100010001
21 001|1110010|001101001001|10111000110010
22 110|1101010|000000110011|00110110010110
23 110|0011011|001110111110|11001011011111
24 111|1011111|001111101100|01100001000110
25 000|0001101|000100110001|11010011110000
26 111|1100100|001100110010|10101111100011
27 111|0001110|001000110111|11000110111101
28 111|1101011|001010100011|00111101001001
29 000|1100000|001101000110|01110101100100
2a 000|1011110|000010110110|01000101100100
2b 111|1101010|000111100101|00101010011110
2c 000|0001101|000010110000|11011000001110
2d 111|1110010|001000010011|10111000100010
2e 000|1101011|001000001110|01001011001001
2f 000|1110100|001010010111|11010000111010
30 000|1011110|000110100111|01001100010111
31 111|1101011|000101110011|01000011011000
32 000|1101011|000011010001|00111111011111
33 111|1101100|000101100110|01110010010000
34 000|1011101|000100000011|00101111010111
35 000|1101011|001011111100|01000100111011
36 111|0001111|001001001110|11000011100110
37 000|1101000|000100010111|11011000110101
38 000|1100000|000110111011|01111010100001
39 000|1101010|001110010101|00101001101100
3a 000|1100001|001010111010|10001101110111
3b 000|1101010|000111101111|00101100100111
3c 000|1101011|001101001100|01001101110111
3d 000|1011111|000110010010|01101110011011
3e 000|1100100|001000011011|10110010010001
BX = 010 Event : 19
00 011|0011001|001111000011|11011001111010
01 100|1101110|000001000101|10001110001000
02 011|1101100|001110001101|01101000111111
03 100|1101011|001010011110|01011010101010
04 100|1011110|000101001011|01001001010111
05 011|1101011|001001110101|01001010001011
06 101|1100011|001101100000|10100111111100
07 101|1100011|000010010010|10100111100011
08 101|1011110|001110110011|01010101010110
09 010|1110011|000011110011|11000010100000
0a 101|1101100|001000011011|01011110111011
0b 001|1100101|000100000000|10111001011101
0c 110|1100101|000100010010|10111000111000
0d 110|1101110|000001010101|10000101101100
0e 001|1110011|000011011011|11000010101100
0f 111|1011110|001111010010|01010010001001
10 111|0001110|000100011111|11001000000010
11 000|1100101|000100001101|10111101101110
12 111|1100011|000000011001|10100101011010
13 000|1101100|000001101001|01101111001011
14 000|1100001|000010111101|10010000101000
15 000|1100000|001010110101|01110110110000
16 000|1100101|000010001010|10111001011101
17 000|1101010|000001000101|00101011110101
BX = 011 Event : 20
00 100|1110011|001110110001|11000010010100
01 011|1100010|001011010001|10010011110001
02 011|1110011|000011000111|11000100100100
03 011|1011111|001111110001|01100101000101
04 100|1011111|001010111010|01101110000001
05 100|1101100|000001101001|01101100010001
06 011|1011111|001101101010|01101001010000
07 010|1101011|000001100111|01011100111111
08 101|1100001|000100010111|10000110110001
09 101|1110000|001000100101|10100011101100
0a 101|1100010|000110110110|10010011111110
0b 101|1100110|001111100001|11000010100011
0c 101|0011001|001010010100|11011011011110
0d 010|1110000|001000010001|10100100000101
0e 001|1110100|000011111010|11001001011100
0f 110|1101011|001010011100|01001011100010
10 110|1101011|000000110011|01001011010101
11 001|1011110|000111011111|01000110110001
12 110|1101101|000101011001|01111011100000
13 001|1011101|000100100010|00100111001010
14 001|1101010|000111101000|00111011011001
15 001|1011111|001101000001|01101110100111
16 110|1011101|001101101010|00100010100100
17 110|1100100|001011010100|10110011011100
18 110|1100010|001011110011|10010011011000
19 111|1100011|001000011011|10100010010010
1a 111|1100111|001011110000|11001100001011
1b 000|1110010|001100100000|10111001011110
1c 111|1101010|000110000000|00101000101110
1d 111|1011111|000100001101|01100110011110
1e 111|1101101|001110010111|10000011011001
1f 111|1100010|001011011011|10010011001011
20 000|1110011|000000110110|11000100100100
21 000|1011111|001110111101|01110001011001
22 000|1110000|000001100010|10100101110010
23 000|1011110|001101011011|01000010011000
24 000|1100000|000000001010|01110110010110
25 000|1100010|000111011010|10011010010000
26 000|1100001|000100100100|10001100101100
27 000|1011110|001010110010|01001010111110
28 000|1011110|001010100011|01001010111110
29 000|1100100|001101110010|10110010011110
BX = 100 Event : 21
00 100|1100101|001011100001|11000000000010
01 011|1011101|000010110110|00100010111101
02 011|1101010|000000110110|00100100000011
03 100|1110100|001110111100|11001101111011
04 100|1100111|001110111101|11001101101110
05 100|1011101|001111101100|00101001110001
06 011|1110100|001110100010|11001010110000
07 010|1100000|000100101100|01111111011101
08 101|0001110|000010111101|11001101100010
09 101|0001110|000010000000|11001101100010
0a 101|1011111|001011000010|01100011011111
0b 010|0001100|001100111111|11011110011110
0c 001|1101000|000000010100|11011001001101
0d 001|0001111|000100010010|11000110110010
0e 110|1101011|000011101011|01001010100100
0f 001|1101011|000011110101|01001011100010
10 110|0011001|001100111000|11011110011100
11 001|1100001|001010101101|10001110110110
12 001|1100111|000100110100|11010000000001
13 110|1011111|001011001100|01100011010010
14 000|1011101|001011001100|00100100100100
15 111|1011101|000100110001|00101011001010
16 000|1100000|000111011101|01111100011111
17 000|1101011|001110001101|01011101111101
18 000|1011111|001011110000|01100100010010
19 000|1101011|000001101001|01000111110110
1a 000|1110010|001110100111|10111011111011
1b 000|1101011|000100000111|01001001100110
1c 111|0001110|001110111000|11001111011111
BX = 101 Event : 22
00 011|0011011|001010110101|11001101100100
01 011|1011110|001010101000|01010011001001
02 011|1011110|001011101011|01010100100011
03 011|1110010|001110010101|10110110110101
04 011|1100101|001001011011|10110111100001
05 100|1101011|001100000111|01001010110000
06 011|1101100|000011101000|01101001110001
07 100|1011101|001011101000|00100111010111
08 101|1101110|001100110000|10000100111011
09 010|0011001|001000010110|11011111101010
0a 010|1101111|001000000100|10010011111000
0b 101|1011101|001011110011|00101110100100
0c 110|1101111|001010100001|10011100010001
0d 001|1110000|000000110110|10101010101110
0e 110|1011110|000110101100|01011000100010
0f 001|1011110|000010011100|01011011001000
10 001|1011110|000100010010|00111011001011
11 110|1110011|001011000000|11000101010100
12 001|1101111|001011111111|10011111010100
13 001|1100000|000010100100|01111110000101
14 110|1100001|000010111011|10000110001011
15 001|1100010|000010101001|10011111100010
16 111|1100101|000111010010|10111110000110
17 000|1110100|001001110101|11001011001000
18 111|1101101|001010011001|01111010101111
19 000|1011110|001010110101|00111000110001
1a 111|1101011|000011011001|01000111110110
1b 111|1101110|000011000010|10000111000010
1c 111|1011101|000010111000|00100100001010
1d 000|1101000|001001100000|11010110101110
1e 000|1101011|001000100011|01000110000110
1f 000|1110010|000101111101|10111001101010
20 000|1011111|000111001011|01100000100000
BX = 110 Event : 23
00 100|1101100|001000001001|01110001111000
01 011|1011111|001001001001|01100100011111
02 100|1101100|001010111101|01101110100110
03 011|1011110|000010110011|01010110101111
04 011|1101111|000101111011|10011000110101
05 100|1101100|000001010000|01101011101100
06 011|1100011|000100011010|10101001100000
07 011|1101110|001000101101|10001001111010
08 011|1011111|001010110000|01101010000011
09 011|0011100|001101000010|11001000000010
0a 101|1100101|000110101110|10110110101111
0b 010|1101011|001000110010|00111110101101
0c 101|1101011|001010001111|01000001110100
0d 010|0001101|000001111000|11010000101111
0e 001|1101010|001000110101|00110111010100
0f 001|0001110|001101001001|11001000101111
10 110|1100000|000000011001|01111010010100
11 110|1101010|001010111000|00100110011000
12 110|1011101|001010110111|00100101110001
13 001|1100000|000111000000|01111110011110
14 001|1101110|001000100011|10010001011001
15 111|1101011|000001101001|01010001100011
16 111|1101110|001000101000|10010000101000
17 000|1110001|001111010000|10110101101100
18 000|1101101|000011110000|01110100001100
19 000|1110011|000110001101|11000110011100
1a 000|0011010|001101000111|11010101001101
1b 000|1100101|001111010010|10110110101111
1c 111|1101011|001100000100|01011000010110
1d 111|1101100|001100110011|01101000001110
1e 111|1101011|000001000101|01000011100100
1f 000|1011110|001100100111|00111110100101
20 000|1100110|001111011111|11000100010010
21 000|1100001|001111010010|10000101011001
22 000|1100110|001010110000|11000001110001
BX = 111 Event : 24
00 100|1100101|001011100001|11000000000010
01 011|1011101|000010110110|00100010111101
02 100|1100111|001110111101|11001101101110
03 100|1011101|001111101100|00101001110001
04 100|1101010|000011100001|00100110110001
05 010|0001100|001100111111|11011110011110
06 010|1011110|000010000101|01010010001001
07 101|1110100|001110111100|11001101111011
08 110|1011111|000000010100|01101101001110
09 001|1101000|000000010100|11011001001101
0a 110|0011001|001100111000|11011110011100
0b 001|1100001|001010101101|10001110110110
0c 110|0001110|000010111101|11001101100010
0d 110|0001110|000010000000|11001101100010
0e 111|1101110|000000100110|10010000101000
0f 000|1100100|000100110100|10110101011000
10 000|1011111|001000111010|01100101101011
11 111|1100011|000010101001|10101010111000
12 111|1011110|000010101011|00110111100101
13 000|1101110|001100011011|10001111010010
14 000|1011111|000100001101|01011111111010
15 111|1011111|000010100001|01100011000101
16 111|0001110|001110111000|11001111011111
17 000|1100011|001101100000|10100001100000
18 000|1100011|001100111100|10100001100000
BX = 000 Event : 25
00 011|1101000|001010110010|11010011101010
01 011|1110010|001110010101|10110110110101
02 011|1100011|000100010000|10100111010111
03 100|1101011|001100000111|01001010110000
04 011|0001111|001111100100|11000100011111
05 100|1011101|001011101000|00100111010111
06 011|1101010|000110010010|00101010000101
07 101|1100110|001111100110|11000101101000
08 101|1101110|001100110000|10000100111011
09 101|1101010|001110101111|00100010011111
0a 101|0011011|001010110101|11001101100100
0b 101|1100001|000010001111|10010001110011
0c 010|1100011|000110001111|10100101001101
0d 110|1101111|001010100001|10011100010001
0e 001|1110100|001001110101|11001010111100
0f 001|1110000|000000110110|10101010101110
10 001|1101010|001010110000|00111010000010
11 001|0011001|000011011001|11011100101100
12 110|1110011|001011000000|11000101010100
13 110|1100001|000010111011|10000110001011
14 001|1100010|000010101001|10011111100010
15 111|1101000|000100100111|11011000110101
16 111|1100000|000000001101|01111010101101
17 000|1101101|000001011010|01111011100000
18 111|1101011|000011011001|01000111110110
19 111|1101110|000011000010|10000111000010
1a 000|1011110|001010110010|00111010110001
1b 000|1101011|001110011111|01011110001010
1c 000|1100000|000010100100|01111110010001
1d 111|1011101|000010111000|00100100001010
1e 000|1110101|001010011110|11010100101001
1f 000|1101011|001000100011|01000110000110
20 000|1110010|000101111101|10111001101010
21 000|1100000|001001000111|01111100101100
22 000|1100010|000111010010|10100000001000
23 000|1011111|000111001011|01100000100000
BX = 001 Event : 26
00 011|1100011|001110101110|10100110001100
01 100|1110001|000011000100|10101110001000
02 011|1110010|001110111001|10111001011110
03 100|1101100|001100011001|01101011100000
04 011|1101110|000110000101|10001101010111
05 010|1100000|000000011100|10000000010000
06 101|1100010|001101010110|10010011110001
07 010|1100001|001111100001|10010001100111
08 101|1011111|000100010010|01100011000101
09 101|1110101|000011101101|11010001101010
0a 010|1101000|000010111101|11010011000101
0b 101|1101101|001000011110|10000000100000
0c 101|1100001|001111000010|10001101101011
0d 110|1100101|000010110000|10111100111100
0e 110|1101011|001100111101|01011011110101
0f 001|1101100|001100110101|01101000111111
10 110|0011011|000001101001|11001101111011
11 001|1101011|001111000011|01001110110101
12 001|1101011|001110000101|01001110110101
13 001|1100000|001010101000|01111111110111
14 001|1011111|000101000110|01110000100110
15 001|1011110|001110101011|01001111111101
16 001|1101101|001111000001|10000010001111
17 111|1100001|001010111010|10001110101010
18 000|1100101|001000101101|10110111100001
19 000|1101011|000110010010|01001101011110
1a 111|1100011|001110111101|10100101100110
1b 000|1101011|000101110000|01001110101001
1c 000|1110101|000010111111|11010010011010
1d 000|1100001|001011110000|10001111101001
1e 111|1100000|001011110000|10000100001101
1f 111|1100000|001001100000|10000100000000
20 000|1100001|001011010001|10010010110010
21 000|1101111|001010111101|10010101100110
22 000|1011111|001111001111|01100110000100
23 000|1101100|000000101100|01101000000001
24 000|1100001|001111101100|10001001100010
25 000|1110000|000010111111|10100000011101
26 000|1011110|000001111010|00111111110001
BX = 010 Event : 27
00 100|1100001|001110110110|10010010100101
01 011|0001101|001000101111|11010010110111
02 100|1101101|001000001110|01111101011011
03 100|1101010|000000110011|00101001111000
04 100|1101011|001110101111|01011001100000
05 100|1100010|001001000100|10011001110111
06 011|1110100|000000110110|11001101001011
07 101|1100010|001110110000|10010111100000
08 010|1100101|000101010000|10111110101100
09 101|1011110|001101000001|01000101001011
0a 101|1100001|000010101011|10000110001011
0b 101|1110101|000111101010|11010101000001
0c 010|0001100|001001000001|11011100101100
0d 101|1110000|000111111010|10100100011101
0e 101|0011010|001010010100|11011000010101
0f 010|0011010|001110101100|11010100100001
10 001|1101000|000110100001|11011001011001
11 110|1101011|000000110110|01011010010010
12 110|1101101|000001000000|01111010100011
13 110|1100000|000000010100|01111010111010
14 110|1011111|001101000100|01101001010000
15 001|1100100|000101010000|10101110011000
16 110|0011011|001011000010|11001100111000
17 110|0001110|001011001100|11001011100101
18 001|1110000|001100100011|10100011010100
19 000|1101010|000000100110|00100001010100
1a 111|1100010|001010100101|10011111100010
1b 000|1101011|000111110100|01000101010100
1c 111|1100010|000001110011|10011100011010
1d 111|1100000|000100110001|01110110001010
1e 111|1101101|001110100111|01110100011000
1f 111|1100000|001110101011|01110011100101
20 000|1101010|000011001100|00100000010110
21 000|1011110|001001010011|01010001100011
22 111|0001101|001000111010|11010110110011
23 000|1110011|000000110110|11000111111100
BX = 011 Event : 28
00 011|1101010|001100111111|00110010010000
01 011|1011110|001001100000|01010101010110
02 011|0001101|001101001011|11010100110101
03 100|1011101|000100011111|00100111110001
04 011|1011110|001000011101|01011010010101
05 010|1100010|001100110111|10011101110010
06 010|1011101|001101100011|00101100001011
07 010|1100010|001111011111|10010011110001
08 001|1100000|000010111000|01111100000110
09 001|1100000|001000101010|01111101000101
0a 001|1011110|000110100111|00111011011000
0b 001|1101100|000001110100|01100000011110
0c 000|1011111|000001110000|01100000111001
0d 000|1101100|000000111110|01110011001110
0e 000|1101000|000100001101|11010110001010
0f 000|1110100|001110101111|11001001000100
10 111|1101011|001000011110|01011010101010
11 111|1011111|001111101100|01101011110101
12 000|1101111|001100111010|10011101001110
13 111|1011101|000101001110|00100111010111
14 111|0011001|001010011001|11011101111010
15 000|1110011|000001001010|11000001111100
16 000|1100000|001011011011|10000000000011
17 000|1100111|001011000010|11001011100110
18 000|1100111|000110111001|11010000110010
BX = 100 Event : 29
00 100|1100001|001011011110|10010001001101
01 100|1100100|001000101101|10110000101110
02 100|1100101|001001000100|10111110101100
03 011|0011011|001110100100|11001001000100
04 011|1011111|000000000010|01101000010000
05 100|1101111|000110010010|10011000101001
06 011|0001110|000100110110|11001001011100
07 101|1011101|000010110000|00110100001011
08 101|1101111|000001100111|10010100110101
09 101|1011110|000111011101|01001111100011
0a 101|1100010|000110110110|10100000001000
0b 010|1100011|000110100001|10100110001100
0c 010|1100101|000010110000|10111000000110
0d 110|1011110|001001101011|00111011011000
0e 001|1101011|000111110100|01011000010110
0f 001|1110010|001110011111|10111110001011
10 001|1100111|001110111000|11001110110111
11 110|0001110|001000111111|11001100101001
12 000|1100110|001001100000|11000011001000
13 111|1100010|001101101000|10011101110010
14 111|1011101|001100111100|00101010110001
15 111|1100010|000110010101|10010111101100
16 111|1101000|001001011001|11010011011110
17 111|0011001|001010011100|11011010011011
18 111|1011110|001011100011|01010011010110
19 000|1110001|000011001100|10110100000000
1a 000|1101111|000001011010|10010101100110
1b 000|1100010|000010101110|10010100100011
1c 111|0001111|001001100110|11000100011111
1d 000|1011111|000000000010|01100111000100
1e 000|1101110|001000000001|10001001111010
1f 000|1100011|001000101010|10101001100000
20 000|1110011|001110010111|11000010001000
BX = 101 Event : 30
00 100|1110000|000000110011|10100010110000
01 011|1101000|000001110101|11010100110100
02 011|1011101|000010111000|00100101110001
03 011|1101011|001100001100|01000111010000
04 011|1101010|000110010111|00111000010010
05 100|1101011|000110011100|01001001100110
06 100|1100111|000110011100|11001010011101
07 011|1101011|001100001001|01001001110010
08 011|1100010|000000000010|10011100000001
09 010|0011010|001100111101|11010001100100
0a 101|1100011|000010101011|10100101011010
0b 010|0001100|000100111110|11011100101100
0c 010|0001100|000100110001|11011100101100
0d 010|1100111|000001110101|11010001110000
0e 101|1011111|000010000010|01110010111111
0f 101|1110001|000111111100|10110001101110
10 101|1110001|000111111100|10101111110101
11 010|1100000|001101000110|01110100100100
12 101|1101011|000011000100|00111101001001
13 010|1100110|000101001011|11000111001011
14 110|1011101|000010001111|00101001100100
15 110|1101011|000101010110|01001001011001
16 001|1100011|000010100001|10101010111000
17 110|1101010|000110011111|00110111111001
18 001|1011110|000110011111|01001010001010
19 001|1101011|001101000111|01001100000111
1a 110|1011101|000110100100|00110100110001
1b 001|0001100|000111001000|11011101011010
1c 001|1100111|000010011001|11010001111100
1d 001|1011110|001001011011|00111110111110
1e 001|1110000|001010110101|10100010111100
1f 111|0011010|000101110011|11011000101100
20 111|1100010|000010000101|10011111001001
21 111|1101011|000111110010|01001101011110
22 111|1011101|001001011001|00101100010111
23 111|1110010|000011100011|10110110101001
24 111|1101011|001100001100|01010010111010
25 111|1101011|000011010110|01010001100011
26 000|1101000|000100110100|11010011110111
27 000|1100000|001111001000|10000011001110
28 000|1100011|001010110111|10100100001111
29 000|1011110|000100010101|01010011001001
2a 000|1110000|000110001101|10100111100000
2b 000|1101100|001100100000|01100111110101
2c 000|1110001|001000100000|10101011010010
2d 000|1101011|001010110000|01001001001101
2e 111|0011011|000001010010|11001101101111
2f 000|1101110|000110000101|10001100001110
30 000|1101011|001100011011|01001010010111
31 000|1011110|000100010111|00111001100101
BX = 110 Event : 31
00 011|1100100|000111000101|10110011101000
01 100|1100001|000001110000|10010001001101
02 100|1101011|001101000101|01001011101110
03 011|1110000|001000011001|10101001111101
04 100|1011110|000111000011|01001001111110
05 011|1100010|000010011110|10011011011011
06 100|1101000|000001111010|11011001000001
07 010|1011110|001100111111|01001011111101
08 010|0011010|000001110100|11010001000010
09 101|1100110|000110010101|11000110110010
0a 010|0001101|001011000111|11010000011000
0b 010|1100001|000110101001|10001111011100
0c 010|0011011|000110001111|11001100111000
0d 101|1101010|000011101101|00110000100000
0e 101|1011111|000100110110|01100001010011
0f 010|0001101|000001110101|11010001101000
10 101|1011111|000100101010|01101101101000
11 001|1011110|000100111100|01000101110001
12 001|1110100|000001101001|11001001010000
13 110|1110010|000110011001|10111010000010
14 110|1110010|000101110011|10111010000010
15 110|1011110|000110100001|01001000111110
16 110|1100110|000111000011|11000011101101
17 001|1110000|000001110001|10100001100110
18 000|0011010|000101101001|11010110010000
19 000|1100011|001100110010|10101010000110
1a 000|1101011|001101001100|01011010000101
1b 111|1100010|000010110000|10010110111010
1c 111|0001110|000001110011|11001100000111
1d 000|1100100|000000000101|10110000001000
1e 000|1110000|001100111101|10101001000001
1f 000|1110001|001000011001|10101011110111
20 000|1100011|001010101000|10101011011101
21 000|1101011|001010011100|01001001111110
22 000|1101101|000101101001|01111011111001
23 000|1110010|001100100000|10111111000111
24 000|1011110|001101010110|01011011010100
25 000|1110000|001111010000|10100001110011
BX = 111 Event : 32
00 100|1101110|001100011011|10010010100010
01 011|1110101|001000010110|11010101000001
02 011|1101011|000101101011|01010100011101
03 011|1101010|000000110001|00110011100111
04 011|0011010|000001100100|11011001101111
05 100|1100000|001001101000|01111101011111
06 100|1101000|001011101000|11011010010111
07 100|1101000|001011100001|11011010010111
08 011|1100000|000111010101|01111010111010
09 101|1011111|000001101110|01110010110010
0a 101|0001100|001011011011|11011100001010
0b 101|1101011|000101111101|01010001100011
0c 101|1100001|000010000101|10001111110101
0d 001|1011101|000010010111|00100101010111
0e 110|1110100|001010110101|11001001110100
0f 110|0011010|000001001010|11010010010000
10 110|1101101|000001110001|01111000011011
11 001|1101011|000101101011|01001100100000
12 110|1101010|000101011110|00110100011001
13 001|1100001|000010100100|10010000011011
14 110|1101010|000011001111|00110001110111
15 000|1110011|001111010000|11000100011000
16 111|1011110|000110111001|01000001100101
17 111|1101111|000011110000|10011100101010
18 000|1100001|000101000001|10001010001000
19 111|1011110|000010001010|00111000111110
1a 111|0001100|001011001111|11011110011110
1b 111|1101111|001000000001|10010011101011
1c 111|1101010|000100001100|00110010110110
1d 111|1011101|000110110110|00100011100100
1e 111|1101010|001100100000|00100001101101
1f 111|1101011|000001110110|01010001100011
20 000|1100110|001111001111|11000101110101
21 000|1100101|001011100001|10110111001000
22 000|1101101|001010001010|01110110101100
23 000|1101111|000011010110|10011101110011
24 000|1011111|000000000000|01101011110101
25 000|1101100|001010000111|01101111010111
26 000|1110000|001000001110|10100001001110
27 000|1011110|001101101000|01001111110000
BX = 000 Event : 33
00 100|1101101|001101000010|10000001110110
01 100|1110011|001000011011|11000001111100
02 011|1011110|000101000011|01010010111101
03 011|1110000|001010011110|10100101011010
04 100|1101100|000100001010|01101100000101
05 100|1101111|001100011110|10011010111100
06 100|1101011|000010111111|01001000110100
07 011|1011110|000001110000|01011010010101
08 011|1100100|001101011011|10101100001111
09 011|1011110|000010101001|01011011101110
0a 101|1101110|001110110110|10000111001111
0b 010|1110011|000111111111|11000010001000
0c 010|1100011|001110110011|10100001111001
0d 101|0011001|000101011110|11011011001000
0e 101|1011110|000000011100|01001111001010
0f 001|1101010|001010010111|00100101100110
10 001|1100111|000101001110|11001010010000
11 001|1110010|000011010001|10111010111110
12 110|1100100|001011100011|10110101111101
13 110|1101100|001000110010|01100010110011
14 000|1011111|001111100110|01110010111111
15 111|1100001|001011110000|10010000001110
16 000|1011110|000101010000|01010011010110
17 000|1101011|001100111000|01010100110110
18 111|1101111|001000101011|10011101110011
19 000|1011101|000110010111|00110101011000
1a 111|1101100|000011000111|01101011101100
1b 000|1101110|000011100110|10001001001001
1c 111|1101111|000101101011|10011010100011
1d 000|1101011|000110000101|01001001100110
1e 000|0011001|000101101001|11011011110100
1f 111|1101110|000001100100|10000111100111
20 000|1101010|000011110011|00111010110100
21 111|1101101|001100111010|01110101100010
22 111|1101010|000111111010|00100001100001
23 000|1101110|000010111111|10001011110101
24 000|1100100|000010100100|10101101110011
25 000|1110000|000011010100|10100000010001
26 000|1101100|000000101110|01011111101101
27 000|1011110|000100101100|00111110110001
BX = 001 Event : 34
00 100|1101011|001010101011|01000001000010
01 100|1101111|000011100110|10011100010001
02 011|1011110|000000001101|01010111101111
03 100|1011110|000100110001|00111001111110
04 011|1101010|001000011011|00110111111001
05 100|1011110|000010110011|01001000110001
06 100|1101011|000101101011|01010111100100
07 010|1110000|001010101001|10100000011101
08 010|1100100|000010001111|10110000100001
09 010|0011011|001010100110|11001101011001
0a 010|1110011|001010100110|11000001111100
0b 101|1110011|001010100110|11000011010000
0c 101|1011110|001011110000|01000001001011
0d 101|1101010|000110000010|00101101110010
0e 101|1101100|001010101011|01101110110010
0f 101|1011111|001010101011|01101110001110
10 110|1101100|001000001110|01101011000111
11 110|1100011|001100101111|10101001111001
12 001|1110010|001010011001|10111111010011
13 001|1011110|001001011011|01001011111101
14 110|0011011|001010110011|11001100111000
15 000|1100000|001101101010|10000001110101
16 111|1100011|000111000011|10100010011110
17 111|1110001|000000111000|10101100000011
18 111|1100111|000101010000|11001011111111
19 111|1100001|001111000101|10001100101100
1a 111|1110100|001001111101|11001001000100
1b 000|1011111|001111000101|01101000110111
1c 000|1011110|001000011101|00111000100101
1d 000|1100010|001010101000|10011100000001
1e 000|1110010|001010001010|10111111100000
1f 111|1110101|000011110101|11010011100001
20 111|1011111|000101001000|01100101011110
21 000|1011110|000000001010|01010000100011
22 000|1101101|001000101000|01110100110001
23 000|1100000|001000100000|01110110010110
24 000|1101100|001111000110|01100111110101
25 000|1011110|001000110010|00111000110001
26 000|1100111|001010111101|11001111101001
27 000|1100000|000110101110|01111110010001
BX = 010 Event : 35
00 100|1101100|001010000101|01101101110100
01 011|1101010|001100011011|00110101110000
02 100|1100101|001111011111|10111101001000
03 011|1101010|001100011011|00111000010010
04 101|1101100|001000110010|01100011001100
05 101|1101010|001111000001|00110000101101
06 010|1101100|000011010110|01110010011101
07 101|1011101|001111001000|00101111110001
08 001|1100001|000000000010|10001011111001
09 001|1011110|001001100110|01001100010111
0a 001|1100100|001101100011|10110000010101
0b 001|1100100|000000010010|10110001000111
0c 000|1100100|000000100001|10110011000011
0d 111|1100100|001011100011|10101111100011
0e 111|1101100|001011000000|01101101011011
0f 000|1110100|000101100110|11001111011011
10 111|0001100|001111110011|11011011010000
BX = 011 Event : 36
00 011|0011011|000011101011|11001100111000
01 011|0001100|001110110011|11011100100000
02 100|1100001|001011011011|10010000110100
03 100|1100001|001011001100|10010000110100
04 011|1100001|000000001101|10000100100110
05 100|1011110|001111000010|00111100111110
06 011|1101100|000011110011|01100111101000
07 100|1101101|001101000101|01111011111001
08 100|1011110|001101101101|00110110111110
09 010|1101010|001111001011|00101101100101
0a 010|1100100|000111000011|10110101110001
0b 110|0011010|000011011110|11010100101100
0c 001|1100000|000100011111|01111011000111
0d 001|1101010|001110110001|00101010011110
0e 001|0011001|001111000110|11011011110100
0f 001|1100001|001101011101|10001101010001
10 110|1110101|000110000000|11010100101001
11 001|0011011|000001100010|11001110111101
12 001|1101100|001001110101|01110001011111
13 110|1101010|001100001100|00100000111011
14 111|0011010|001000101101|11010100110111
15 000|1110100|001001111101|11001100110011
16 000|1100011|000100011101|10101011000100
17 000|1011110|001000100011|01001001010111
18 000|1101111|001100100110|10011110110000
19 111|1011110|001101001011|00110110100101
1a 000|1110001|000011100001|10110000110010
1b 000|1100010|000001110000|10011111010110
1c 111|1100010|001010101011|10010100111100
1d 000|1011110|001111101110|00111101100101
1e 000|1101100|001110110001|01100000000110
1f 000|1110101|000001011010|11010101000001
20 000|1101110|001110111110|10000100101111
21 000|1011101|000110111001|00110001011000
22 000|1101111|000011110101|10010111000111
23 111|0011010|000011111010|11010011010011
24 111|0011010|000011001100|11010011010011
25 111|0011010|000011000100|11010011010011
26 000|1100001|001111110001|10000110100100
BX = 100 Event : 37
00 011|0011001|001010111000|11011111010100
01 011|1100000|000010100100|01110100001011
02 011|0001100|001000110101|11011011010000
03 011|0001100|001000101000|11011011010000
04 100|1101010|000111101111|00111100001011
05 011|1110000|000011011001|10101000110101
06 100|1100100|001100110111|10101100110100
07 100|1100001|000000101001|10001011000111
08 011|1100111|000111000011|11001011011010
09 011|1101010|000011010100|00101010000101
0a 100|1011110|001101101000|01011000001000
0b 011|1100010|000111000101|10011100100110
0c 101|1101011|001001110101|01000110010010
0d 101|1101111|000011110000|10010110111011
0e 101|1100000|001010101101|10000010000010
0f 101|1101110|000101111000|10001111110111
10 101|1101111|001111001000|10011111100000
11 010|1101010|000011001100|00110011011011
12 010|1011111|001111001010|01100100010010
13 110|1100001|000000010111|10001100010010
14 110|1100111|000110001111|11001011000010
15 110|1110100|001010011100|11001001000100
16 110|1011110|000100110110|01001000111110
17 001|1101010|000011011110|00101010010001
18 001|1101010|001000011001|00111011011001
19 110|1100010|000110100100|10010100100011
1a 110|1110000|000011101000|10100010110000
1b 001|1110011|000011001100|11000011000100
1c 111|1101011|000001010101|01010000011001
1d 111|1100011|000111011111|10100001000111
1e 000|0001101|001010101101|11010100000111
1f 000|1101111|000011010110|10010101111110
20 000|1101111|000100000010|10011000101001
21 111|0001101|001110111101|11010100101010
22 111|1100010|000000000101|10011100111111
23 111|1100001|001111111000|10001011111001
24 111|1101000|001011011001|11011001100110
25 111|1101010|001000100011|00101001101100
26 111|1101010|000110011100|00111001110110
27 000|1100100|000110001111|10101111001010
28 000|1100000|001110110110|10000001001111
29 000|1101011|001010001100|01000001110100
2a 000|1110011|000011010001|11000110110100
2b 000|1100011|001010110101|10101001111001
2c 000|1101010|001000101000|00111001110110
2d 000|1100111|001011100110|11001110110111
2e 000|1101101|001110111100|01111111100011
BX = 101 Event : 38
00 100|1101110|000011011001|10010010100010
01 100|1100010|001011101011|10011111111011
02 011|1011110|000100010010|01000100011000
03 011|1100011|001110101110|10100110001100
04 011|1110010|001110111001|10111001011110
05 100|1101100|001100011001|01101011100000
06 011|1101110|000110000101|10001101010111
07 010|1101011|000101110000|01001110011100
08 010|1100000|000000011100|10000000010000
09 101|1100010|001101010110|10010011110001
0a 010|1100001|001111100001|10010001100111
0b 101|1011111|000100010010|01100011000101
0c 010|1100001|000111011101|10010010000000
0d 101|1110101|000011101101|11010001101010
0e 101|1100000|001010101000|10000010101000
0f 010|1101000|000010111101|11010011000101
10 010|1101011|000100001010|01000100001001
11 101|1100001|001010111010|10001110101010
12 101|1101100|000110010100|01101101001111
13 010|1101101|000011101000|01110111011101
14 110|1100101|000010110000|10111100111100
15 001|1101100|001100110101|01101000111111
16 110|0011011|000001101001|11001101111011
17 001|1011111|001011110011|01011110000111
18 001|1101011|001111000011|01001110110101
19 001|1101011|001110000101|01001110110101
1a 001|1011111|000101000110|01110000100110
1b 001|1011110|001110101011|01001111111101
1c 001|1101101|001111000001|10000010001111
1d 111|1110001|001011111100|10101101110000
1e 000|1100101|001000101101|10110111100001
1f 000|1101011|001010100011|01000101101101
20 000|1110000|001100011011|10101001011001
21 000|1101011|000100000111|01001010100100
22 000|1101011|000110010010|01001101011110
23 111|1100011|001110111101|10100101100110
24 000|1110101|000010111111|11010010011010
25 111|1100000|001011110000|10000100001101
26 111|1100000|001001100000|10000100000000
27 000|1100001|001011010001|10010010110010
28 111|0011010|001010001100|11010001111010
29 000|1100001|001111101100|10001001100010
2a 000|1100001|001011110000|10001111101001
2b 000|1011110|000001111010|00111111110001
BX = 110 Event : 39
00 011|0011011|001010101011|11001001100110
01 100|1011110|000100010000|01011010111011
02 010|0001100|001100111001|11011101110001
03 101|1101000|000010101110|11010011011110
04 101|1100000|001011100011|10000011001110
05 101|1100000|001011011011|10000011001110
06 101|1101110|001110010101|10010001111101
07 010|1011110|001111001111|01000011110001
08 101|1101111|000101111101|10011101011010
09 001|1100111|000101000110|11001010010000
0a 001|1101010|000001001101|00111000011111
0b 110|1110000|001110011111|10101001001101
0c 110|1100101|000000011111|10110111100001
0d 110|1011101|000110111110|00110100100100
0e 110|1100110|001100111001|11000100000110
0f 001|1100110|000100000011|11000001011001
10 111|1011101|000100111110|00100001010111
11 111|1101010|001111000011|00100000001001
12 000|1011110|001111100110|01010001001010
13 111|0011011|001110011010|11001000011000
14 111|1100011|000100011010|10100001000111
15 000|1100110|001101100000|11001001101011
16 000|1110001|000011011011|10110101010100
17 000|1110000|001100000111|10101001011001
18 000|1101011|001010110101|01011000100010
BX = 111 Event : 40
00 100|1101101|000110010100|10000000111001
01 011|1100010|001001000001|10010100100011
02 011|1011111|000000000101|01100100010010
03 011|1011101|001111111000|00100110001010
04 100|1011110|001001011110|00111010110001
05 100|1101010|000111101101|00101001010011
06 100|1101010|001000110010|00111001011101
07 100|1101011|000100001100|01001000110100
08 100|1011111|000111000000|01101000010000
09 011|1101010|001010100110|00101010101010
0a 010|1110100|000001010000|11001111001111
0b 010|0011011|000000100110|11001110111101
0c 010|1100000|000110010101|10000001001111
0d 101|1100100|000100101100|10110011000011
0e 010|1101010|001000001100|00100000101111
0f 101|1100001|001011010100|10010001011010
10 101|1011110|001000110101|00111100100101
11 001|1100001|001101101111|10001000101111
12 001|1011110|000010011110|01001000010111
13 001|1011101|000001110011|00101010001010
14 001|1011110|000010100001|01001011010111
15 001|0001100|001101101101|11011100010101
16 001|0001110|000000100110|11001101100010
17 001|1101100|001100011001|01011111001000
18 001|1101101|001000001100|10000000101101
19 110|1011111|000100101111|01100011000101
1a 111|1011101|001111010100|00110000111110
1b 000|1101100|000101110000|01100011111101
1c 000|1110011|000101110101|11000110010000
1d 111|1101100|001010011110|01011111010100
1e 000|1100000|000111011111|01110100111110
1f 111|1101011|001000000111|01001100010100
20 111|1101010|001000101000|00101011000011
21 111|1110100|000000101001|11001010000000
22 111|1011101|000111010111|00101001010111
23 000|1011110|000010101001|01001001110001
24 111|1011110|000010110110|01000101011000
25 111|1101011|001010011110|01000010000001
26 111|0001100|000010011001|11011001110101
27 111|1101010|000110010100|00100000100010
28 000|1101011|000001011111|01000001110100
29 000|1101011|000011110101|01001001100110
2a 000|1101010|000001110110|00101100000010
BX = 000 Event : 41
00 011|0011010|001110001000|11010100110111
01 011|1101011|001001110101|01011000111011
02 100|1011111|000100010111|01101001000011
03 010|1110001|000100000101|10101101111100
04 101|1101101|000001001000|01110100001100
05 101|1101011|001100001001|01010010111010
06 001|1100001|001010101000|10001001111011
07 110|1011110|001110101011|01001001010111
08 110|1101010|000001110001|00100111001010
09 110|1110000|001000001110|10101000011100
0a 110|1011111|000100101100|01100111101010
0b 110|1100110|000100100010|11000101110101
0c 110|1110001|001010101110|10110100011000
0d 001|1101100|001010101001|01101111010111
0e 001|1011111|001010101011|01110000100110
0f 110|1110011|001110011111|11000001100100
10 000|1101011|000111101101|01000000110110
11 111|1110001|001110101100|10110000110010
12 000|1110101|001010101011|11010101111100
13 000|1100010|000100011101|10010101101111
14 111|1011101|001101010011|00101011100100
15 111|1100100|000010100110|10101100000011
16 000|1101110|001010110101|10001001010110
17 000|0011011|001100010100|11001001111100
18 000|0011010|001000100000|11011001100011
19 111|1100111|001101110111|11001010010000
1a 000|1011110|001111010111|01011000010101
1b 000|1100010|001100101101|10011010110101
1c 000|1101100|001110111110|01101011101100
1d 111|1101101|000101011001|01110111101010
1e 111|1110101|001001111000|11010101000001
1f 000|1101010|000011000111|00111100001011
20 000|1101110|000011110011|10001110111001
21 000|1110000|000101110000|10100001000010
22 000|1100110|000100011101|11000110110010
23 000|1100000|001011110011|01111001101110
24 000|1110101|001100010110|11010010011010
25 000|1100000|001010110010|01111111011101
BX = 001 Event : 42
00 100|1100100|001101011000|10110000111010
01 100|1011110|000100000011|01001011100100
02 011|1101111|000001000011|10011001001110
03 100|1011110|000111011010|00111001011000
04 010|1101010|001110010010|00111011100110
05 101|1101111|000110010010|10010111010100
06 010|1011110|000000001010|01001100001010
07 010|1100110|000000011100|11000001011001
08 101|1100011|000000000101|10100010010010
09 010|1101111|000001100100|10010100011100
0a 010|1100011|001101001011|10100100110100
0b 010|1101110|001010111000|10000111000010
0c 001|1011110|001111011010|01000111001011
0d 001|1011111|000101001110|01011101010100
0e 001|1110011|000011001001|11000000011100
0f 111|1100111|001001010011|11010000110010
10 000|1100010|001111001000|10010011100100
11 000|1100100|000010110110|10110101011000
12 000|1101100|001100001001|01100100101111
13 111|1011111|001100110010|01101001011101
14 000|1100010|001100110010|10011100111111
15 111|0011001|000011110011|11011100001011
16 111|1100000|000000010111|01110101001010
17 000|1101110|000001110110|10010001111101
18 000|1101111|000011100011|10010100101001
19 000|1100011|000111001011|10100110110001
1a 000|1110000|000011001001|10101000101000
1b 000|1011101|000000000000|00100011100100
1c 000|1100111|001000110101|11001101001001
1d 000|1101111|000001100111|10011101100111
1e 000|1101100|000001100100|01101110000001
1f 000|1100010|000010001100|10011111010110
20 000|1101100|000001000101|01101111111100
BX = 010 Event : 43
00 011|1110011|000011101000|11000011000100
01 100|1101110|000111111100|10010001001100
02 011|1100011|000110010010|10100100101000
03 011|0011011|001111001000|11010000000000
04 011|1101011|001110110100|01000011100100
05 100|1100100|000101000011|10101110011000
06 100|1011111|001111100110|01101101101000
07 011|1110011|001000100011|11001000101100
08 100|1110010|001110111110|10111011010111
09 011|1101111|001111010011|10011100000101
0a 011|1100000|000001111101|01111011111001
0b 101|1101111|000001100100|10010111100000
0c 010|1101011|001110111100|01011100110011
0d 010|1011111|001111000010|01110000100110
0e 010|1100010|000100010101|10010011100100
0f 101|1101011|000001101001|01010000000000
10 010|1110000|001010110000|10100101001110
11 101|1110100|000001001101|11001101101111
12 101|1011110|001000100011|01001101100100
13 110|1100101|001111111000|10111100100011
14 001|1011111|000100111110|01101000000100
15 001|1101110|000001100111|10001111010010
16 001|1011111|000110110011|01101110011011
17 001|1011111|001111011010|01110000110011
18 110|1100001|000100100010|10010010111111
19 111|1101010|000000101110|00101100110011
1a 111|1101100|000001101001|01101100110110
1b 000|1100001|001011011110|10000110111110
1c 111|1011110|001110111101|01011100000111
1d 111|1110000|000000110001|10101001000001
1e 111|1101011|001100111000|01011001000111
1f 111|1011110|000110100001|01011000111011
20 111|1100101|000010101110|10110111101101
21 000|1100100|000100111001|10110011101000
22 000|1100000|000110010111|01111011010011
23 000|1110001|001010101001|10101111011101
24 000|1100101|000010110110|10111111010001
25 000|1011101|001011001001|00101110111110
26 000|1011111|000100100010|01110001111111
BX = 011 Event : 44
00 100|1101101|001000000111|10000010011011
01 100|1101011|000001001101|00111111000110
02 011|1101010|000101110011|00100010111000
03 100|1100001|001010111111|10001100000110
04 011|1011111|001010111111|01101000110111
05 011|1011110|001010110101|00111010110001
06 101|1011111|001111000101|01100110011110
07 010|1100101|001111001111|10111111010001
08 010|1100011|000000010010|10100010010010
09 010|1101010|001100101101|00110010110110
0a 101|0011010|000111101010|11011000101100
0b 101|1101011|000110100001|01011101100100
0c 001|1110001|001110111110|10101110101101
0d 110|1100000|001010110010|01110101010111
0e 111|1011111|001101001001|01110001001100
0f 000|1100010|001110111000|10010101001001
10 000|1011111|001011001100|01100110011110
11 000|1011111|001011000010|01100111101010
12 111|1011110|001011000100|01001001110001
13 111|1101101|001111010011|01111001000000
14 000|1100000|000110111110|01111010111010
15 111|1100100|001111011010|10110101100101
16 111|1101100|000101101001|01100100001010
17 000|1110010|000110010100|10110111111101
18 000|1101101|001100110101|01111000000010
19 000|1110001|000111110100|10101011101011
1a 000|1101011|001010000010|01011001100000
1b 000|1101101|001110001000|01111010111011
1c 000|1011110|001101001001|01011001101110
1d 111|0001100|000010110000|11011101100101
1e 000|1011101|001001000100|00101011100100
BX = 100 Event : 45
00 100|1100011|001000101101|10100001000111
01 011|0001100|001011101101|11011111101111
02 100|1100001|000100101010|10001111001111
03 011|1011111|001011010001|01100110011110
04 100|1101110|000001100100|10001101010111
05 101|1110000|001100011110|10100110111011
06 101|1100000|001011000111|01110110100011
07 010|1101101|000110000101|01111110111110
08 010|1011101|000000000000|00110001111110
09 101|0001110|000110101110|11000111001001
0a 010|1100101|000010010010|10110111101101
0b 110|1101101|001010001111|01111001111110
0c 110|1011101|001000011101|00101001001010
0d 001|1101011|000001110110|01011001101100
0e 110|1110000|000111101101|10100100011101
0f 110|1101000|000100000011|11010011101010
10 110|1110000|000101100110|10100011101100
11 110|1100000|000100001011|01110100011000
12 111|1101011|001100011110|01001110000011
13 111|1100101|000100100111|10111101010101
14 111|1101101|001010100110|01111100011110
15 111|0001100|001101100101|11011101111100
16 000|1110011|000101110011|11000001000000
17 111|1011101|000100101111|00100011010111
18 000|1110000|001000000100|10100101011010
19 000|1011110|000010011001|00110110100101
1a 000|1101100|001010001100|01101011010011
BX = 101 Event : 46
00 100|1110000|001001110011|10100000101010
01 011|0011011|001110011010|11001000100011
02 011|1100110|001101110101|11001000001001
03 100|1100001|001111010010|10001001100010
04 101|1101010|000001100010|00100101001101
05 010|1100000|001101101101|01111101101011
06 101|1110101|000101111000|11010101011000
07 101|1101110|000000111110|10000101101100
08 010|0011011|001000011001|11001100000001
09 010|1101100|001110101100|01101111010111
0a 010|1011111|001101001110|01100000010011
0b 101|1011101|000001111101|00110001011000
0c 010|1011101|000110010111|00110000111110
0d 010|1101011|000011011001|01010010101110
0e 010|1101111|001110100111|10010101100110
0f 010|0001101|001111000010|11010100011110
10 110|1101100|000101010100|01101011111001
11 001|1100100|001011001111|10101110100101
12 001|1100111|000000100001|11001111011100
13 110|0001110|001101011101|11001110011011
14 110|1100001|000110101110|10000110011000
15 001|1011111|001000111111|01101110000001
16 001|1011111|000000001010|01011111111010
17 110|1101011|001101000101|01000001101000
18 000|1101011|001011000000|01010001101111
19 000|1100100|000100000011|10110011101000
1a 000|1101111|000101111000|10010100010000
1b 000|1110101|001110010010|11010101110000
1c 111|1100101|000000010010|10111101111010
1d 111|1100111|000111001000|11001100111101
1e 000|1011110|001101000100|01000101100100
1f 111|1011111|001010100011|01011100111010
20 111|1101010|001000000111|00111001000100
21 111|1011111|000101001011|01101010101001
22 000|1100001|001110101001|10001010001000
23 000|1101011|001010110101|01011010011110
24 000|1100101|000100100100|10111101100001
25 000|1011110|001010100011|01011011101110
26 111|1100000|000100011111|01110111010110
27 111|1100110|001101100101|11000100101011
28 111|1011101|000001110000|00100011010111
29 111|1101010|001000110101|00110001110111
2a 111|1011101|001011001111|00100010001010
2b 111|0001100|000111001000|11011000111100
2c 000|1101011|000001100111|01000001101000
2d 111|1011110|000111000000|01000001001011
2e 000|1100111|000001110000|11010001100011
2f 000|1100100|001100111100|10110001111000
BX = 110 Event : 47
00 011|1101010|001010100110|00100000111011
01 100|1110001|001010010001|10110001101110
02 100|1110100|001100011011|11001110000111
03 011|1100110|001111101100|11000111110000
04 011|0011010|001110110110|11010111011110
05 010|0011011|001110010000|11010000100001
06 010|0011001|001110010000|11011010110001
07 101|1100011|000111000101|10100100000010
08 101|0001110|000001110101|11001001101000
09 101|1011111|000100010101|01011111111010
0a 010|1100000|001000011011|01110100001011
0b 101|1110010|000001110110|10111110010111
0c 101|1100000|000111000011|01111111000100
0d 110|0001101|001011001111|11010101111001
0e 110|1101000|001011000111|11011000101001
0f 001|1100000|000111000101|01111100101100
10 110|1100010|001101010011|10010100010111
11 001|0001101|000010001010|11010000111010
12 111|1110001|001100001001|10110000011010
13 000|1011110|001101000100|00111010011000
14 000|1100010|000000000111|10011110001011
15 000|1101110|001010111000|10001111011110
16 111|1110001|001110101010|10110100001100
17 000|1100001|001010101101|10001111001111
18 111|1100010|001100111100|10010100001010
19 111|0011010|000110000101|11011001011000
1a 000|1110010|000011110101|10111000001001
1b 000|1110100|000110001010|11001100001111
1c 000|1101110|001010111101|10001101100011
1d 000|1100001|001010110101|10010001000001
1e 000|1100001|001101000110|10010010100101
BX = 111 Event : 48
00 011|1100010|000010000000|10010011111110
01 011|1011110|001111101110|01010100100011
02 100|1101010|000101101110|00101100001110
03 011|1011110|000000011001|01011001111011
04 010|1011101|000010011001|00101010111110
05 010|0011001|001010001111|11011010000101
06 101|1011111|000010010010|01100110010001
07 101|1101110|000011010100|10000110010001
08 010|1110001|001000000100|10110001010110
09 010|0001110|000010110110|11001110000100
0a 101|1100011|001010101011|10100011010000
0b 010|1101011|001100101011|01010101011011
0c 101|1100101|001010111111|10111101001000
0d 110|1101010|001001111111|00101010101010
0e 110|1011101|000010000000|00101010100100
0f 110|1100001|000010011100|10000101110010
10 110|1011101|000000100001|00110100001011
11 110|0001110|001110110110|11001100110100
12 001|1101010|001100011110|00101110100100
13 001|1100111|000000100100|11010010101101
14 111|1100001|001011001001|10010010110010
15 000|1100011|000100011111|10100011010000
16 111|1101101|001100011110|01111111100011
17 111|1110001|000001001101|10101110100001
18 000|1101110|000011001111|10000110110110
19 000|1100101|000111010111|10111000010010
1a 000|1011110|001100101111|01010110100010
1b 000|1100010|000010010111|10011001101010
1c 111|1101011|001110100111|01011001010100
1d 111|1100000|001000110010|01111000010101
1e 111|1110011|000011101011|11000101001000
1f 000|1011111|000001111010|01101100001111
20 000|1011111|000100001011|01011110100000
21 111|1101101|001101000101|10000011011001
22 111|1101101|001100110011|10000011011001
23 000|1101110|001000110000|10010001110001
24 111|1100000|001000100101|10000010110100
25 000|1100010|001000100000|10010011001011
26 000|1011101|000001111010|00100000110000
27 000|1100001|000100000000|10000111001010
28 000|1101100|001111001000|01101101001111
29 000|1101011|000100001100|01011101001100
2a 000|1101011|000101111000|01010000111110
BX = 000 Event : 49
BX = 001 Event : 50
BX = 010 Event : 51
BX = 011 Event : 52
BX = 100 Event : 53
BX = 101 Event : 54
BX = 110 Event : 55
BX = 111 Event : 56
BX = 000 Event : 57
BX = 001 Event : 58
BX = 010 Event : 59
BX = 011 Event : 60
BX = 100 Event : 61
BX = 101 Event : 62
BX = 110 Event : 63
BX = 111 Event : 64
BX = 000 Event : 65
BX = 001 Event : 66
BX = 010 Event : 67
BX = 011 Event : 68
BX = 100 Event : 69
BX = 101 Event : 70
BX = 110 Event : 71
BX = 111 Event : 72
BX = 000 Event : 73
BX = 001 Event : 74
BX = 010 Event : 75
BX = 011 Event : 76
BX = 100 Event : 77
BX = 101 Event : 78
BX = 110 Event : 79
BX = 111 Event : 80
BX = 000 Event : 81
BX = 001 Event : 82
BX = 010 Event : 83
BX = 011 Event : 84
BX = 100 Event : 85
BX = 101 Event : 86
BX = 110 Event : 87
BX = 111 Event : 88
BX = 000 Event : 89
BX = 001 Event : 90
BX = 010 Event : 91
BX = 011 Event : 92
BX = 100 Event : 93
BX = 101 Event : 94
BX = 110 Event : 95
BX = 111 Event : 96
BX = 000 Event : 97
BX = 001 Event : 98
BX = 010 Event : 99
BX = 011 Event : 100
