BX = 000 Event : 1
00 011|1100110|001111111101|10010011110001
01 011|1100011|000010100100|11100101110111
02 011|1110110|001101100100|01101111101000
03 011|0001111|000000100000|00100011001011
04 011|1100100|000010000101|10110100101011
05 011|1100011|000111001010|11010011011100
06 011|1100011|001001111101|11010011100100
07 011|1110001|000001110000|10111011101100
08 010|0001111|001011010101|00010010010010
09 010|1110110|001011000101|01110001101100
0a 010|1100011|001110010111|11110111101001
0b 010|1100100|001001011001|11000011010011
0c 010|1101000|001101111000|01111010000000
0d 001|0010011|001011010111|01011011000111
0e 110|1110010|000110010010|10011101101001
0f 110|0001111|001011110001|00100101100010
10 110|1110000|001101101001|11101011001011
11 110|1110000|001100111000|11101011001011
12 001|1100111|000100101111|10000110111111
13 110|0011100|000110010100|00000011110100
14 110|1110101|001010011011|01111001011101
15 110|1110011|001111110010|10010011111111
16 111|0100001|000011001000|01100011111101
17 111|1100101|001110000000|10100111100100
18 000|0001111|000111011001|00000111000100
19 111|1110100|001000000011|10001001001000
1a 000|1100011|001101111010|11100110000111
1b 000|1110001|001011001010|10110010100110
1c 000|1100011|001110000101|11010001011100
1d 111|1100011|001101101011|11101010010111
1e 111|1110000|000100001101|11100011111010
1f 000|1110000|000011001101|11111101011000
20 000|0010100|000111000010|01100000111100
21 111|1100011|000010110100|11010100100100
22 111|1100011|000111110000|11001111011100
BX = 001 Event : 2
00 011|1101000|001011100001|01111100100110
01 011|0100000|001101100001|01011100100111
02 011|0100001|001011001010|01100001101010
03 010|1110101|001011011110|01111100111110
04 010|0011101|000001110101|00110100111010
05 010|0011100|001000100100|00011100110010
06 001|1101000|000100110001|01111101001101
07 110|0010011|000110111000|01011010111111
08 001|1110000|000001101000|11011011001011
09 110|0010101|001110010010|01101011101010
0a 110|1110001|001011100001|11111110111110
0b 111|1110000|000101111000|11000100000010
0c 000|0011110|000000110111|00111011111110
0d 000|0100000|000001010011|01011000101101
0e 000|0001111|001011110001|00000111111001
0f 000|0001111|000010001000|00100110001000
10 000|0010000|000010001010|00100111110001
11 111|1110000|000110001101|11001011110010
12 000|1110000|000001010001|11011011010011
13 000|0011100|000011010010|00011011101000
14 000|0010000|000010101111|00101010110110
15 000|0011111|000011001101|01001100001001
16 000|0010010|000000000100|01001011101010
17 000|0010000|000110111111|00110010100111
BX = 010 Event : 3
00 011|0010001|001100100010|00111101000110
01 011|1100101|000010101001|10100010000101
02 011|1110111|000100001010|01101011010010
03 011|0010011|000101011011|01011100110111
04 101|1100011|001100010101|11100011100110
05 010|1100011|000010100010|11111001010001
06 010|1110000|000000111100|11100000011101
07 101|0001111|000000100000|00010110101010
08 010|0010011|000111010100|01011001000000
09 110|1110000|000011011010|11011000011101
0a 001|0001111|001100011101|00100111010011
0b 001|0100000|000100010000|01011110110011
0c 001|0010100|000001111011|01011111111001
0d 110|1110000|000110001010|11010000111101
0e 110|1110101|000100000011|01111101110100
0f 110|1100011|001001101011|11100100011110
10 111|1110000|001000010000|11000111101111
11 000|1110001|000001100000|10101100010110
12 000|1110010|001011010100|10011101001010
13 000|1100011|000010110001|11110101101000
14 111|1101001|001010001100|01110011011101
15 000|0011101|001101100100|00110000010010
16 111|1100110|001001101011|10011010101111
17 000|0010000|001100010010|00110000100000
BX = 011 Event : 4
00 011|0100010|001001001000|01101100100011
01 011|0001111|000010111110|00011110101100
02 011|0001111|001100011010|00000100010110
03 100|0010000|000010011100|00101101000101
04 011|0001111|001110110000|00001110110111
05 011|0001111|000010010111|00001111000110
06 100|0011100|001101011100|00001010110010
07 011|1110000|000011011010|11010000101101
08 101|0011110|000011010111|00111100010101
09 010|1110100|000011110001|10001000111001
0a 010|1110001|001111011010|10111110000001
0b 101|1110100|001101100011|10000011101100
0c 110|1110001|001111110100|10111101110001
0d 110|1110111|001000001011|01101100111110
0e 110|1100111|001001101101|10000101011000
0f 001|1110100|000001100000|10000011001010
10 001|1110001|001111110111|10111111000000
11 110|0010010|000100110100|01010001000011
12 111|1100100|000100011010|10101101000011
13 111|1110100|000001001001|10001001111111
14 000|0001111|000010100111|00100011101001
15 111|0010011|000110111101|01011100010010
16 000|0011100|000100010000|00001111111001
17 111|0011100|000110101011|00000001110101
18 111|0001111|000110101101|00000000001101
19 111|1110010|001111101111|10100111111011
1a 111|1110010|001010110101|10100000110101
1b 111|1110010|001111101100|10100000110101
1c 111|1110000|001010011011|11001011000011
BX = 100 Event : 5
00 011|1110000|000110101001|11011111100110
01 011|1110001|000100001101|10111101111001
02 011|1110000|001111110111|11101010001100
03 011|1110000|000100000011|11010101000001
04 011|0010011|000100101010|01011101011100
05 010|0011100|001000101001|00000000001101
06 010|1100011|000110101011|11100000000110
07 101|1110110|000110100100|01110010100010
08 101|0010100|001110011001|01100100010101
09 010|0100000|001001000110|01011000001000
0a 101|0010100|001110010111|01100010000111
0b 110|1110010|001101100110|10100001100100
0c 001|0010100|000110101101|01100101110110
0d 110|1110000|001111010000|11100011100010
0e 110|1110110|000001000100|01110111100000
0f 000|1100110|000100100100|10010100000001
10 111|1100100|001001100011|10111000101011
11 000|1110100|000000110100|10001001010000
12 111|1110001|001011000000|10110001001000
13 000|1110110|000110010010|01110011000001
BX = 101 Event : 6
00 100|0011100|000001110000|00011001010100
01 011|1110001|001010010110|10101101001101
02 100|0011101|000001011110|00101101000010
03 011|1110010|000110100100|10011110011000
04 010|1110001|000101101110|10101111101010
05 010|1110001|001010011001|11000001110101
06 101|1110000|000111111110|11111000100101
07 010|1100100|001110110000|10101110110011
08 101|1110010|000011101110|10100110000110
09 110|1101010|001001010100|01101010001110
0a 001|0100000|000100000011|01011110001110
0b 001|0010101|001001111101|01101000111111
0c 110|0001111|000010101111|00000001011001
0d 111|0010010|000111100001|01001010011111
0e 111|1110000|001010011001|11000010011100
0f 000|1110010|000011011100|10011101101001
10 111|0011100|001111011101|00100010010000
11 000|0011110|000001011110|01001001101110
12 111|1100011|000000010001|11001100111100
13 111|1110001|000110001111|10101111011010
14 000|1110011|000110001101|10001110100111
15 000|0100010|001010100001|01101101011101
16 000|1110011|000100000011|10001111110101
17 111|1110001|000011001010|10101011101110
18 000|0011100|001010011001|00011111000000
BX = 110 Event : 7
00 011|1110001|001010010110|10110101110010
01 011|1100101|001110101011|10011101001110
02 100|0010001|001001110101|01000001010101
03 011|1110001|001010011011|10111011011100
04 010|1110000|001000101111|11110010101011
05 010|1110001|000110011111|10110000011001
06 010|1101001|000000100110|01110011100101
07 101|1100100|000000100011|11000000100011
08 101|1100101|000010011111|10100100001100
09 110|0001111|000100101100|00011110001110
0a 111|1110010|000100000000|10100011111000
0b 000|1110110|000000101000|01110010101010
0c 000|0100010|001111101010|01101101101100
0d 000|0010000|000000011001|00111001010101
0e 111|1110000|000111111110|11000100100010
0f 111|1110000|001111010101|11011110110111
10 000|0011101|001000010111|00111011101111
11 000|1100011|000010000011|11110010010000
BX = 111 Event : 8
00 011|0011101|001111100101|00110111001111
01 100|0011110|001001000001|01000011100111
02 010|1110110|001000001101|01110001111100
03 010|1110000|000110011111|11111000001101
04 010|1100110|000111100110|10010000111010
05 010|0010001|001110001100|00111100101000
06 010|1110011|000110000010|10010110101011
07 001|1100101|001110101011|10100000100101
08 001|0001111|000111101001|00010011110101
09 001|1110110|000110010111|01110000111110
0a 001|1110001|000011011100|11000000000111
0b 001|1110000|001010100001|11011011101010
0c 000|1101001|000000001100|01110111101010
0d 000|1100100|001001110101|10110010110011
0e 000|1110010|000011010111|10011111110110
0f 111|1100101|000100100100|10011011110110
10 111|0001111|001001010110|00100001100001
11 111|0011101|001010100011|00111000111110
12 000|0011100|000110010100|00010110110111
13 000|1110000|001111001101|11011101010001
14 000|0011101|000001011110|00110001110010
BX = 000 Event : 9
00 011|1110101|001011001100|01111001011101
01 011|1110110|001100110000|01110000001111
02 011|1100100|000100101100|10110000110011
03 100|0011100|000001001110|00001110011000
04 011|0011100|000001101010|00010000011110
05 010|1101000|001001010110|01111101101101
06 010|1101000|000001110110|01111100000110
07 101|1110000|001000000011|11100110001000
08 010|0010100|000111100110|01101000000011
09 010|1100110|001000111111|10010001011010
0a 010|1100110|000110101101|10010001111010
0b 010|1100011|000111010111|11000111001011
0c 101|1100100|001001110011|11000001110011
0d 101|1110111|000110011100|01101110111010
0e 010|1110000|000011101100|11001100101001
0f 110|0010000|001101100110|00101011100011
10 001|1100101|000101001110|10011110001110
11 001|1110011|001011010100|10001101110001
12 000|1100110|001001001111|10001110111011
13 000|0100001|000110101011|01100110110101
BX = 001 Event : 10
00 010|1110001|001101101011|10101110011011
01 010|1100110|001111111101|10010001101010
02 101|1100011|000110101011|11110111011001
03 001|0011100|001100111101|00001100111000
04 110|1100101|001011100111|10011110001110
05 110|1110000|001000011010|11101100110001
06 111|1100111|001100001000|10001101101011
07 000|0001111|000010110110|00100011011010
08 000|0010001|001001011011|00111111110011
09 000|0010000|001110010010|00101111110010
0a 000|1110000|000011011010|11000011000100
0b 111|1100101|000111011100|10101000000100
0c 000|0011100|000011000101|00100101011000
0d 000|1110000|000011101110|11101111001111
0e 000|1110000|000000110111|11110101100000
0f 000|1110000|000110010100|11111001001100
BX = 010 Event : 11
00 011|1110100|000011110110|10001000111001
01 010|1100011|001110011110|11110111010001
02 101|1110010|000000111010|10101000101010
03 101|1100011|000010001010|11011011011101
04 001|0010010|000100110100|01001100110101
05 111|0010001|000111110000|00111111111010
06 111|1110001|001010101110|10110111111000
07 111|1101000|001011101001|01111101000101
08 111|1110000|000011111000|11001001001101
09 000|1100011|000111110101|11111000101001
0a 111|1110110|001101000101|01110101010101
0b 111|1100100|001110001111|11111011110001
0c 111|1110001|000011100100|10111110011001
0d 000|0010010|001101111101|01001011110001
BX = 011 Event : 12
00 100|0011111|000110000111|01001111110101
01 011|0010011|000101000001|01011100101111
02 011|1101010|000100101010|01101001001111
03 101|0010011|001110010010|01011000011011
04 010|0011101|001010010110|00101110010100
05 101|0011100|000011100001|00011101100111
06 101|0011100|001101111011|00000010011010
07 101|0001111|000000000010|00011100110011
08 101|1110000|001010110101|11111101001000
09 110|0001111|000010111001|00100101110001
0a 001|0011101|001010011001|00101100110011
0b 001|1110000|001011010010|11010110110111
0c 001|0010000|001110010111|00101111000101
0d 111|1110000|000011001101|11101111101110
0e 111|1100011|001011010010|11010110001101
0f 000|0001111|000111101011|00001110111111
10 000|1100111|000111011110|10001001101101
11 111|1100011|001110100110|11001001000011
12 000|1100011|000100001101|11111001101001
13 000|0010011|000100110100|01011010011010
14 111|1110111|001100110011|01101101001110
15 000|0001111|000001110110|00100110010111
16 000|0010000|001110100110|00101111010100
17 111|1101001|000111011001|01110101111011
BX = 100 Event : 13
00 011|1110001|000011011100|10110000101000
01 011|0011100|001101000000|00001100101001
02 011|0011100|001111001101|00100111110100
03 100|0011100|001011000101|00001101110011
04 011|1100100|000100110110|10110111011011
05 011|1100011|000110101101|11010010000100
06 010|1101010|000111001111|01101110110010
07 010|0011100|000011010100|00010111110011
08 010|1110001|001000101111|10101101111100
09 101|1110100|000101110101|10001100101010
0a 101|0100001|001010100011|01100011110110
0b 010|1100011|000110100110|11001001100011
0c 001|1110010|001000000000|10011010110101
0d 001|0011110|001011000101|01000010110011
0e 110|1110000|001000110100|11010001011101
0f 001|0011111|000111111110|01001100011111
10 110|1110000|001101000010|11001011110010
11 110|0010010|000101001110|01010001010010
12 110|0010000|000010010101|00110110101000
13 000|1100111|000111010100|10001110001011
14 111|0010100|000100111110|01101000110000
15 000|1110000|000110101110|11001000110101
16 111|0011100|001101001111|00001101100100
17 111|0011100|001101110110|00100110110001
18 111|1110000|001100101110|11101111101110
19 111|1110010|000110000000|10011101010001
1a 111|1100011|001100011101|11101110100000
1b 000|0011111|000110010100|01010000110000
1c 000|0010101|000110111000|01101011010100
1d 000|0011101|000100001010|00110111101100
1e 000|1100101|000010111011|10101001100011
1f 000|0010000|001001110000|00101000101110
20 111|1110000|000101100001|11010101000001
21 000|0100010|000110110001|01101001110011
22 000|1100011|000000100011|11110101010000
BX = 101 Event : 14
00 011|0011100|000001110010|00000000010100
01 011|1110010|000011100100|10100011001001
02 010|1110101|001000101100|01111110111010
03 010|0001111|000101001011|00010011101101
04 010|0011100|001101100001|00000000101011
05 010|0001111|000001110011|00000000111010
06 101|0011101|001000010010|00110010110101
07 010|0010101|000010011111|01101111010001
08 010|0001111|000010111110|00001000001000
09 110|1110010|000011110011|10100001011100
0a 001|0011110|000100010010|01000011010000
0b 001|1100100|001011010010|10111000000011
0c 110|0011100|001000011101|00011100001101
0d 001|0010101|001100010010|01101001100100
0e 000|1110011|000011111011|10001110110111
0f 000|1100011|001110110000|11001011110011
10 000|0001111|000110101011|00010000001010
11 000|0011110|001111100010|01000111111000
12 111|0010001|000111100001|00111101001101
13 000|0010000|001110000111|00110000000001
14 000|1101001|000010010111|01110011101101
15 111|1100011|001110001010|11011111110110
16 000|0001111|000010010000|00000111010011
17 111|1110111|001111101010|01101011010010
18 111|1100011|000100100100|11010101001101
19 000|0001111|000100100111|00010110011011
BX = 110 Event : 15
00 011|1100011|000010100111|11100100011110
01 100|1100011|000111110011|11101100110000
02 010|0010001|001100010111|01001000011111
03 010|1110000|001111101111|11011001001101
04 101|1110000|000001110000|11011001101100
05 111|1110010|001101011100|10100100110111
06 111|0011110|000011001101|01000001110000
07 000|1110000|000011001111|11101100111001
08 000|1100111|001100011010|10000011010001
09 111|1100101|000000100000|10011101000110
0a 000|0011101|000011110011|00110001101011
0b 000|1110110|001000111001|01110100011110
0c 000|0001111|000101000110|00011011011000
0d 111|1101001|000111010111|01110111100010
0e 000|0001111|001010000000|00001110101000
BX = 111 Event : 16
00 011|1100101|001110011110|10100110100100
01 100|0100001|000110110001|01100100111000
02 100|0011110|000001100101|01000100011010
03 011|0011110|001000010111|01000010000110
04 011|0010100|001110001010|01100001110001
05 101|0011110|000001100101|00111100001101
06 101|0001111|001000111111|00100000101100
07 010|1101001|001011011010|01110011000101
08 101|0100010|000101100001|01101010010000
09 010|1100110|001101111010|10001111100011
0a 010|1110000|001010101011|11100100111001
0b 001|0011110|000110110001|01000101010110
0c 110|0001111|001001110101|00001001010100
0d 110|1110011|000011110001|10011000100000
0e 001|0011101|001111101010|00110010010000
0f 110|0011101|001111110100|00110111111011
10 001|0100010|000101110000|01101010100110
11 111|0001111|001110000000|00011000100011
12 111|0100001|000101110000|01100010000000
13 111|1110100|000001110000|10001011110100
14 111|0010001|001001100110|01001000011111
15 111|0100000|001111101010|01011111100110
16 000|0011100|001111100101|00001011101101
17 000|1110101|001011100001|10000000110111
18 000|1110101|001011010010|10000000110111
19 000|1110000|000011110011|11010000010110
1a 111|1101010|000000000100|01101001001111
1b 000|0010001|000110110011|01000110001001
1c 000|0011101|001011001111|00101101010001
1d 000|1110001|000001100011|10111100100011
1e 000|0011111|000001100000|01001011011101
1f 111|1110101|001000100100|01111010010011
20 000|0010001|000110110101|01000000100000
21 000|0011110|001101000010|01000101111010
22 000|0011110|000110001101|01000111111111
BX = 000 Event : 17
00 011|1100111|000100100100|10001010110101
01 011|0011101|001010100110|00111011101000
02 011|0011100|001010011001|00001000110011
03 010|1100111|000100100010|10000110111111
04 010|1100011|001100001101|11110101101000
05 010|1100100|001011110011|10101111011011
06 101|0011101|000101101001|00111000011001
07 010|1100111|000100101111|10001100100100
08 010|1100011|001100100010|11001011010011
09 001|1100110|000100100100|10011000100111
0a 001|1100011|000101010000|11101000001111
0b 001|0001111|001001010001|00010001111100
0c 000|1110001|001011010010|10110001000000
0d 111|0011110|000001011110|01000100111111
0e 000|1100011|000001110011|11100101111111
0f 111|1110100|000011001000|10000111100011
10 000|0001111|001110100110|00001110111111
11 000|0001111|001110011110|00001110111111
12 000|1110001|000101111101|10111111110111
13 000|1100101|001110000010|10100110101100
14 000|0001111|000111101011|00011011000010
15 000|0001111|000011000001|00011111011001
16 111|1110111|000011001010|01101101011101
17 000|0011101|001111010101|00110011011010
18 000|1110000|000100000011|11110101110000
19 000|0001111|001110110001|00011001000110
BX = 001 Event : 18
00 011|1110000|001001001011|11000100100010
01 011|1100110|000111000111|10010010000010
02 011|1110001|001010011110|10111110100000
03 011|0010001|000100010101|00111101111010
04 011|1110011|001000010101|10011000110000
05 011|1110010|000001100000|10011100100010
06 011|1110000|000000110100|11010011001011
07 101|0010011|000001110110|01010110010100
08 010|1100100|001001101101|11000000100011
09 010|1101001|001110000000|01110111010010
0a 101|1110000|001010101000|11011110011000
0b 010|0010000|001001111010|00111000101000
0c 101|1100100|001001110011|11000010000011
0d 101|1100101|001001110000|10100110111100
0e 101|0010000|000111101001|00101110010000
0f 110|1110001|001111011000|10111101101001
10 110|1110010|000110000010|10100001000100
11 001|1110000|000001000100|11101011110010
12 110|1100100|000010001000|10110101111011
13 110|1110000|000001001001|11001110010000
14 001|1100011|000001111011|11110001011000
15 110|1110001|001101010100|10110010000111
16 001|1110000|000001011011|11011001000101
17 110|0010000|000110101101|00111001001101
18 110|1101000|000000000111|01111010010111
19 111|0010100|000110110011|01100111001000
1a 111|1100101|000001110110|10101011110011
1b 111|1100101|001010000010|10101011101011
1c 000|1100011|000010010000|11100010000110
1d 111|1110001|000100001000|11000001110101
1e 111|0011100|001010111000|00010001001011
1f 000|0001111|001110011001|00001100001001
20 000|1100011|000000000111|11101001100111
21 000|1110100|000000110111|10000011001010
22 111|1110010|000001001001|10011100001011
23 111|0011101|000110101110|00111010001000
24 111|0011101|001111110100|00111001111001
25 111|1110011|000001101000|10011000001001
26 111|1110110|001101110000|01110011111111
27 000|0100000|000011111000|01011010100011
28 111|1110001|000001100101|10111100101011
29 000|0010000|001001100001|00110001011100
BX = 010 Event : 19
00 100|0010100|001011100111|01100111011110
01 011|1110001|000011001000|10101110101011
02 011|0100000|001101010010|01011100011000
03 100|0011110|000011101100|01000011100111
04 010|1110000|000001100011|11110001100100
05 010|0001111|000010010111|00010011111100
06 010|0100010|001011100000|01101110010001
07 010|0010101|001011010111|01101110100100
08 010|0010011|001110010111|01010101100000
09 110|1110000|000011111011|11010111001111
0a 110|0010011|001001001001|01011011110100
0b 001|1100101|000100010010|10100011101100
0c 110|0001111|000100100100|00000000110011
0d 111|1100011|000010010010|11011101001110
0e 111|1110010|000011001101|10100011100001
0f 000|1110001|001101011100|10110011000101
10 111|0100000|001001001000|01011100011000
11 000|1110010|001010100011|10011011100100
12 111|1100011|001111111011|11010000010100
13 111|1100101|001110100110|10100101111100
14 111|1110110|001101001100|01110110111010
BX = 011 Event : 20
00 011|0011111|001001000001|01010100111010
01 011|0011101|000100000011|00111010110100
02 100|0001111|000100110110|00010010000011
03 010|1100110|000100101100|10011000000111
04 010|1100011|001001111101|11011101000110
05 101|0011111|001010111010|01001111111101
06 101|0100001|001101011110|01100111100001
07 101|1100011|001001000111|11011100011101
08 101|1110000|000100001010|11110100011001
09 001|0100001|000001100000|01100000101000
0a 001|0010100|000101011000|01100011111111
0b 110|0001111|000101000001|00000100010110
0c 000|0010001|000111110101|00111100101111
0d 000|0011100|000000111111|00001011101101
0e 111|0001111|000000011001|00001110001010
0f 000|0100000|001100101011|01011110101011
10 000|1110100|000001000001|10000010101011
11 111|0001111|000000100000|00001010111101
12 000|0001111|000010110110|00010101111101
13 000|0011101|000100001000|00110010100110
14 000|1101001|000111010111|01110100011100
15 000|0010100|001100011101|01100000010111
16 111|1110101|000001001110|10000001111101
17 111|1100110|000111001111|10010110000000
BX = 100 Event : 21
00 011|0001111|000111010111|00000000100100
01 011|1110110|001000101111|01110001101100
02 100|0010100|000110110000|01100100100100
03 011|0010001|000100100010|01000010101111
04 011|1100011|000010010111|11010000011100
05 010|1100011|001110011001|11001100110100
06 010|1110001|000110001101|10101101000101
07 101|1100011|001110011110|11100000000110
08 010|1101000|001001001100|01111100111101
09 001|1100011|001110000111|11101010110111
0a 001|0010100|000010010101|01100101110110
0b 110|1100100|000100100010|10110000111011
0c 111|1100110|000000100011|10010000010010
0d 111|0100001|000110100110|01100100111000
0e 000|1110101|001000110110|01111100100110
0f 000|0010100|001100010000|01100001011010
10 111|0010101|000010010101|01101110101100
11 111|1100011|000010110001|11001111110100
12 111|0001111|001011010010|00011011001001
13 000|0100000|000001001100|01010110100001
14 111|1110110|001000110110|01110001010101
15 000|1110001|001000111110|11111111010110
16 000|1100011|000010100111|11101010110111
17 111|1110000|001010110101|11001011100011
BX = 101 Event : 22
00 011|1110000|000110110001|11000011001011
01 011|1110000|000100000011|11011011000011
02 101|1100100|000101000011|11111100111001
03 000|1110000|001010010110|11011110110111
04 000|1110011|001010101110|10010101001101
05 000|0011110|000100000101|01000001000100
06 000|0011110|000011000101|01000001000100
07 000|0011101|000110010111|00101011100010
08 000|1100011|000101001011|11110100101000
09 000|1110000|001011001010|11111000011101
0a 000|1110011|001000111001|10001111110101
0b 000|1110000|001101000111|11100101010001
0c 111|1100101|001110100001|10100001101101
0d 111|1110011|001000110110|10010111011010
0e 111|1100011|000100011000|11001010100011
0f 111|1100100|000010101001|10101111011011
10 111|1101001|000100111100|01110111011010
BX = 110 Event : 23
00 011|1110000|000011011010|11100011110010
01 100|1110000|001010110000|11110110010111
02 011|1100101|001110011100|10100001110101
03 011|0010011|001111111000|01011010001011
04 100|0100000|001111110111|01011001111110
05 011|1110000|001010100011|11010110000000
06 101|0010001|000010110110|00111101100100
07 101|1110000|001010101011|11100100111001
08 010|1100110|000111110101|10010010010001
09 101|0001111|001011110011|00011001001001
0a 010|1100011|000111101110|11001001100011
0b 010|1110001|000100000000|10110000111000
0c 101|1110100|001101010100|10001000100001
0d 110|0011101|001000110100|00101011110001
0e 110|1110010|001101111011|10100010011010
0f 110|1110001|000011001010|10110101000011
10 001|1110110|000000101111|01110010001011
11 001|1100100|000100011010|11000001001011
12 111|1100111|001100000000|10001101010100
13 111|1100101|001101110011|10100001100101
14 111|1110101|000000101010|01111101111100
15 000|0010000|001001111000|00110011011100
16 111|1100111|001011010111|10001011000101
17 111|1110001|000100001000|10110000010001
BX = 111 Event : 24
00 011|0001111|000111010111|00000000100100
01 011|1110001|000110001101|10101101000101
02 011|1110110|000000101101|01110010001011
03 011|1110110|001000101111|01110001101100
04 100|0010100|000110110000|01100100100100
05 011|1110101|000001100011|01111011111000
06 011|0010001|000100100010|01000010101111
07 011|1110000|000011011010|11101101110000
08 101|0100010|000001010001|01101001100100
09 101|0001111|000000101000|00010101010111
0a 010|1110000|001010101011|11100100101001
0b 010|1101000|001001001100|01111100111101
0c 110|1100011|000010010111|11010000010100
0d 110|1100100|000100100010|10110000111011
0e 111|0100001|000110100110|01100100111000
0f 000|0100000|000001001100|01010110100001
10 000|1100100|001110110011|10101110000011
11 000|1110101|001000110110|01111100100110
12 000|0001111|000000000111|00100101110001
13 000|0010100|001100010000|01100001011010
14 111|1100011|000010110001|11001111110100
15 111|0100010|000101100001|01101100011100
16 111|0001111|001011010010|00011011001001
17 000|0011111|000101111101|01010011111111
18 111|1110110|000001010011|01110100101110
19 111|1110110|001000110110|01110001010101
1a 000|1110001|001000111110|11111111010110
1b 000|0010001|000101011101|01000001100100
1c 111|1100111|000010000101|10000111001111
1d 111|1100110|000010001010|10010001000010
BX = 000 Event : 25
00 010|1110000|001100111101|11111101011000
01 010|1100011|000101001011|11001011001011
02 110|1100100|000000100011|10111001000011
03 001|0100001|000011110001|01100001111001
04 001|1100011|000101001011|11110100100000
05 000|1110000|001010010110|11011110110111
06 000|0011101|000001001001|00111011010010
07 000|1110011|001010101110|10010101001101
08 000|0011101|000110010111|00101011100010
09 000|0001111|001110100001|00010000001010
0a 000|1110000|001011001010|11111000011101
0b 000|1110011|001000111001|10001111110101
0c 000|1110000|001101000111|11100101010001
0d 111|1110011|001000111001|10010111010010
0e 111|1110011|001000001000|10010111010010
0f 000|1110000|001111111110|11110110010111
10 111|1100011|000100011000|11001010100011
11 111|1100100|000010101001|10101111011011
BX = 001 Event : 26
00 011|0011100|001000110100|00010000111100
01 101|0001111|001011110110|00001000101110
02 010|1110110|001001000001|01110110101010
03 010|1110001|000100000000|10101110100011
04 001|0010001|001101111101|01000110101110
05 110|1110001|000011001000|10101110001011
06 001|0010000|000000101000|00110100101111
07 111|1100100|000010111001|10101101001011
08 000|0010101|001001110011|01101111110110
09 111|1100011|001001010110|11110001111000
0a 111|1110101|000100001000|10000000110111
0b 111|0011100|000011010100|00000100111110
0c 000|1110000|001000100010|11110100000010
0d 000|0010010|001100011010|01001110010110
0e 000|1110000|000011001000|11100000111101
0f 111|1100100|000101001000|10111001011011
BX = 010 Event : 27
00 011|1110000|000110100001|11011100010010
01 011|0011101|001101001111|00111010001111
02 100|0100000|001010101011|01011010001100
03 011|1101000|001001110011|01111111010100
04 010|1110000|000000111010|11110010011011
05 010|1110011|000001110111|10010100010110
06 110|1110000|000001011011|11010101110000
07 110|1110010|001101001010|10011110010000
08 001|1100100|000111110101|10111010001011
09 110|1100011|001101110101|11100110011111
0a 110|1110110|001000000000|01111000010111
0b 001|0001111|000111101011|00011001011111
0c 110|0011100|001100111101|00011010011110
0d 000|0001111|000001110110|00010001110100
0e 111|1100011|001001100110|11101011010111
0f 111|1100011|001001001111|11101011010111
10 111|1110000|001101110110|11100111100110
11 000|1100100|001011110011|11111101101001
12 000|0001111|000100110100|00001101110011
13 000|0001111|001110110110|00010010010010
14 000|0001111|000010001101|00010010111000
BX = 011 Event : 28
00 011|0011111|001101011110|01010001001110
01 011|1110001|001101100110|10101110111010
02 011|1110001|001111110111|10110000101000
03 011|0011100|001010111000|00100101111101
04 010|1100110|000010101001|10001110111011
05 010|0010000|000111000010|00111000001001
06 110|1110000|000110010111|11010111011110
07 001|1100100|001001011011|10110110000011
08 110|1110000|000001101010|11010011001011
09 110|1110010|001010101011|10011100101010
0a 110|1100011|001110100100|11101100011111
0b 110|0011111|001101000010|01010001011101
0c 000|0011111|001101100100|01010001111010
0d 000|1110001|001010100011|10101110101011
0e 000|1110001|001010100110|11111110011111
0f 111|1100111|001001111000|10001000101110
10 111|0011110|000000110111|01000000110101
11 000|1110100|000011001010|10000011000011
12 000|0010100|000010100111|01100110000101
13 000|1110000|001101011100|11110010110011
14 111|0010000|000111100110|00111001011100
15 000|0100010|001101100110|01101010011111
16 111|1110000|000000101101|11001111110110
BX = 100 Event : 29
00 100|0010001|001011110011|01000101111010
01 011|1110001|000011010010|10111011000100
02 011|0010100|000100011000|01100000101101
03 011|1110000|001011100001|11010000000110
04 010|1100100|000111100011|10111110010011
05 010|1100100|000100111001|11111010110001
06 001|1100011|001011100001|11010000110100
07 001|1110001|000001100101|10111100010011
08 001|1100011|001011100001|11010111100101
09 000|0011100|001010010100|00000100110110
0a 000|0010001|001110101001|00111111010101
0b 000|0010001|001110011100|01000101110010
0c 000|1110100|000011100100|10000101001111
0d 000|0011111|001000101100|01001100100111
0e 111|1110000|001000001011|11000100001010
0f 000|0011110|001010110101|01000000000001
10 111|1100100|000111101110|10110101010011
11 000|0011111|001010101110|01001110100100
BX = 101 Event : 30
00 011|1100111|000010010010|10001001110101
01 010|1110101|001000101100|01111110111010
02 010|0011100|001101100001|00000000101011
03 101|0011101|001000010010|00110010110101
04 010|0010101|000010011111|01101111010001
05 010|0001111|000010111110|00001000001000
06 001|0011110|000100010010|01000011010000
07 001|1100100|001011010010|10111000000011
08 110|0010001|000111011110|01000000000010
09 110|1100011|001001111101|11010001011100
0a 001|1100101|000100011010|10011111101101
0b 000|0011100|001000101001|00011011101000
0c 111|1110010|000011110011|10100001011100
0d 000|0011110|001111100010|01000111111000
0e 000|1100100|001010000000|10111000110011
0f 111|0010001|000111100001|00111101001101
10 000|0010000|001110000111|00110000000001
11 000|1101001|000010010111|01110011101101
12 000|0011100|001000010111|00011100110010
13 000|1100011|001011111110|11111001001001
14 111|1100011|001110001010|11011111110110
15 000|0001111|000010010000|00000111010011
16 111|1110111|001111101010|01101011010010
17 000|1110000|001011001111|11101010111011
18 000|0001111|000100100111|00010110011011
BX = 110 Event : 31
00 100|0011101|000011001101|00110011100001
01 011|0011111|001001000011|01010011011010
02 011|1100011|000101001110|11100100110111
03 011|1110001|000011110011|10110011110101
04 011|1100101|000010111110|10100000100101
05 011|0010000|000111001010|00101000111101
06 011|1100011|000100111110|11110000000000
07 011|0010100|001100001000|01100001000100
08 010|1100100|000010000101|10111100010011
09 101|0011101|001010101011|00111000010001
0a 010|0010101|001010001010|01101001100100
0b 010|0010010|001001000100|01010011101000
0c 010|0001111|000100110001|00000100001110
0d 110|1110000|000101110000|11110010000100
0e 001|0010001|000111110011|01000100001001
0f 001|1110111|000011111110|01101100110111
10 001|0100010|000100001000|01101010000010
11 000|1101001|000000100000|01111000101001
12 111|1100011|000101000001|11111000111001
13 111|0011101|000100001101|00101100111011
14 111|0001111|000110111000|00001110011001
15 000|0001111|001001111010|00001101001101
16 111|0011100|000110110001|00100100110011
17 111|0001111|000010000000|00100010011110
18 000|1100100|000010010111|10111101000011
19 000|1100100|000010110001|11000000000011
1a 000|0011101|001010100011|00110001110010
BX = 111 Event : 32
00 100|0011100|000011111000|00010010100100
01 011|1100100|000111000111|10111100101011
02 011|0001111|000101000110|00001010101110
03 011|1100011|001010001100|11001111111100
04 011|1110000|000011110011|11101011101010
05 011|1100100|000100100010|10110110010011
06 101|1100011|000000010100|11011111011110
07 101|1110010|000110110001|10101000101010
08 101|1100111|000111001010|10001101010100
09 101|0011101|000001101000|00101101001010
0a 001|1110100|001000001011|10000111011011
0b 001|1100011|001011111110|11010111011101
0c 000|0001111|000010010010|00100000100101
0d 111|1110111|000011011100|01101110001100
0e 000|0011100|000011101100|00011010010110
0f 111|1110001|000110011111|11000001011101
10 000|0010100|000010010000|01100000001000
11 111|1101000|000010111011|01111111001100
BX = 000 Event : 33
00 011|1101000|001011111001|01111010110111
01 011|1110000|001101010111|11100101111000
02 011|1110001|001101001111|10111111011111
03 100|0010010|000111000010|01001001011011
04 011|1100101|001101111010|10100011000101
05 011|1100011|000000100110|11001101000100
06 101|0011101|001111011010|00111000100000
07 010|1100011|000010000101|11001000110011
08 001|1110000|001101100100|11101001001101
09 110|0011110|000011001101|01000001110000
0a 110|0011100|000101101011|00100110110001
0b 110|1110000|000110101001|11101110010111
0c 001|0011101|001111011010|00101011111000
0d 001|0100001|001111011111|01100011101110
0e 001|1110111|000000111111|01101101101101
0f 001|0011101|000001110101|00110000011001
10 001|0001111|000010101100|00010111011111
11 110|1110001|001101100110|11111110111110
12 111|1110000|000100000000|11000101010001
13 000|1100011|000101000011|11011111010110
14 111|1100011|001011101100|11111001110001
15 111|0011101|001111100010|00110111001111
16 111|1110000|000001001001|11111100101001
17 000|1100011|001001100110|11101010110111
18 000|0010100|000111110011|01100100101011
BX = 001 Event : 34
00 011|0011111|000101111101|01010000010011
01 011|1110000|001101010111|11000110000000
02 011|1110100|001010010110|10000010111011
03 100|0011110|001101111011|01000000010000
04 011|1100111|000111000010|10000101010000
05 010|1100110|001101111101|10010001111010
06 010|1100100|001101110000|11111100111001
07 010|0011100|001000110110|00100001111001
08 001|1110010|001010101000|10011111101110
09 001|1100111|000010001000|10000110010111
0a 110|0010010|000000000111|01010001011001
0b 000|0100010|001101000111|01101100000110
0c 111|1101001|000101010000|01110111101010
0d 111|1110100|001010100001|10001100101010
0e 000|0011100|001101001010|00001010000101
0f 111|1110100|000101101110|10001000011001
10 000|0011110|001101001100|01000000100110
11 111|0100000|000001110111|01011010001100
12 000|1110000|001010100011|11101110001000
13 111|0011100|000111111011|00100010101101
14 000|1100111|000110100110|10001010101101
15 111|1110011|000001001001|10010101101100
16 111|1110011|001101110110|10010010000010
17 111|1100101|001110001111|10011110001110
18 111|1100011|001011110001|11001001110011
BX = 010 Event : 35
00 011|1110000|001000011111|11110000000110
01 101|0011100|000101100011|00011101100111
02 010|1110001|000110001101|11000001011101
03 010|0001111|000100011000|00011101101000
04 001|1110000|001001000110|11101000001110
05 001|1100011|000010111011|11110001011000
06 110|1101000|001110010111|01111110000101
07 111|1100011|000011000001|11011110001110
08 111|0010010|000000100011|01001001110010
09 000|1110101|001111101111|01111110010011
0a 000|1100011|001001001100|11101001000111
0b 000|0011100|001010110000|00010011001001
0c 000|1100011|000001111110|11010011111100
0d 000|1110010|001011011100|10100010111010
0e 111|1110000|001010011110|11001110001000
0f 000|0010101|000101010101|01101010010001
10 000|1100100|000000011110|11000100110011
11 000|0011100|000011100110|00100001010100
12 000|0011100|001111011010|00001010101010
13 000|1100011|001010001100|11100110100111
14 000|0011100|000110011100|00001101110011
15 111|1110000|001010110101|11010110101111
16 000|0100001|001000111011|01101000001101
BX = 011 Event : 36
00 101|1100011|000010010000|11100111110111
01 010|1100100|000010010010|10101101001011
02 010|0011101|000110100100|00110111000111
03 101|1110000|001111100101|11011010001100
04 001|1100011|001101101000|11101011101111
05 110|1100011|001001110000|11101010101111
06 000|1110010|001100101110|10100011001001
07 000|1100011|001110100001|11010110011101
08 111|1110011|000000101010|10011000010001
09 111|1101010|000100110100|01101110001010
0a 000|1110000|001101110110|11101010100011
0b 111|1110001|001100101110|10110010110110
BX = 100 Event : 37
00 011|1100011|000101000001|11100000010110
01 011|1101001|001001101000|01110100101100
02 011|1110000|001111111001|11010101111000
03 010|1110101|001000011101|01111001010101
04 010|1110000|000001001100|11000111000111
05 001|0010000|000100101010|00110001010100
06 000|0011100|000011101001|00010000110101
07 000|1100100|000100011010|10111010010011
BX = 101 Event : 38
00 011|1110110|001001000001|01110110101010
01 011|1100111|000000011110|10001001101101
02 011|0011100|001000110100|00010000111100
03 101|0001111|001011110110|00001000101110
04 010|0010000|000000101000|00110100101111
05 101|1100100|001001011011|11111011011001
06 111|0011110|001000100111|00111110100001
07 000|0011100|000011011111|00010010101100
08 111|1110101|000100001000|10000000110111
09 000|1110000|001000100010|11110100000010
0a 000|1110000|001000100111|11111011001010
0b 000|1110000|000011001000|11100000111101
0c 111|1100100|000101001000|10111001011011
BX = 110 Event : 39
00 011|1100011|000001111000|11011010011101
01 011|1101000|001100011101|01111100100110
02 100|0011100|000001110010|00001011010111
03 010|1100101|001010000111|10100001001101
04 010|1110110|000100010000|01110110000011
05 101|0011110|000101100001|01001001010001
06 101|1100100|000010010111|11000000011011
07 110|1100100|000001111011|10111100011011
08 110|1100011|000111101110|11110000001000
09 001|1101000|000000011110|10000010001010
0a 110|1101000|000000101000|10000010110001
0b 001|1110000|001010101000|11011000000110
0c 110|1100011|000110111101|11100110111111
0d 110|0011100|000100000000|00000001001000
0e 001|1110110|000100001101|01110011101000
0f 111|1100101|000011000001|10101011010011
10 111|0011101|001111100111|00110000101000
11 000|0010011|000010100010|01010111111101
12 000|0010001|000101011101|00111111100100
13 000|1101000|000010000011|10000000100011
14 000|1110001|000100010000|10110111110000
15 111|1101000|001100010000|01111100001110
16 111|1101000|000010100111|01111010001000
17 000|0010011|001100001101|01011101000110
18 111|1100100|001101110000|10111010110011
19 000|0001111|000110110101|00010111000001
BX = 111 Event : 40
00 100|0011100|001001000001|00010010011101
01 011|1100100|001101101110|10110110010011
02 100|0100000|001111010101|01011011001111
03 101|0011100|000000110111|00011000110110
04 010|0011100|001010101000|00000100001010
05 010|0010011|000101011101|01011001000000
06 001|1100011|001100010010|11110001011000
07 110|0011100|000100010000|00011111010110
08 110|0100010|001000000000|01101011001011
09 110|0100010|001010110000|01101001100100
0a 001|0011100|000111111011|00011010011110
0b 000|0011111|000001001110|01010101001001
0c 000|1110011|000011101100|10010111101001
0d 000|1110001|001101110011|10110101110010
0e 111|0001111|000000001100|00001000110101
0f 000|0010000|000010010101|00111000111110
10 111|1110000|001010101110|11011000110101
11 111|1110001|000110001010|10110011001101
BX = 000 Event : 41
00 100|1100011|000010101111|11111001100001
01 011|1110001|000011101100|11111111101101
02 011|0010001|000111101110|00111101101011
03 011|0011110|000000101000|00111110000100
04 011|1100011|000000000111|11101000101111
05 100|0001111|000100100010|00001001111001
06 010|1100011|000010000000|11110100011000
07 010|0011100|001111010101|00011001001100
08 101|1110000|000011010100|11111011001010
09 010|0011100|001011000000|00100011100001
0a 110|1110000|000001000001|11101110101111
0b 001|0011101|000011100100|00101101110110
0c 110|0001111|001110011001|00100010110100
0d 001|1100101|001001010110|10100001100101
0e 001|0011101|000110010100|00110001110010
0f 000|0011111|001111011010|01010001111010
10 000|0001111|000101010101|00011110001110
11 000|0011101|001111101010|00111010001000
12 111|0011100|001011100100|00010101100110
13 000|0011100|001101011001|00100000010001
14 000|0100000|000110110001|01010110110000
15 000|0010001|000111000101|00111101111010
16 111|0010001|001001100001|01000110110110
17 000|1110100|000101100011|10000010101011
18 111|1100111|000111110000|10000011010001
19 111|0001111|000110110000|00100000101100
1a 111|0001111|001010000111|00000101000011
1b 000|0011111|000111111110|01001101000100
1c 000|0001111|000100011010|00011100000110
1d 000|0011100|000110001010|00100110100010
1e 000|0011101|000011100100|00110100000111
1f 000|1110000|001111110100|11110101001000
20 111|1110001|000110101110|10101100110101
BX = 001 Event : 42
00 011|1110101|000000110010|01111101010101
01 100|0011100|000110000010|00001110000010
02 010|1100100|000010000101|10110000110011
03 010|1110001|001101000111|10101110001011
04 010|0011100|000101101011|00011010001000
05 010|0001111|001001001001|00000010000110
06 010|0011100|001011000000|00100000110111
07 001|1110000|001010010110|11101001010101
08 110|1110000|000001011000|11101101001001
09 110|1100011|001110000111|11001011110011
0a 001|1110000|001000111001|11111000000101
0b 000|0001111|001011111110|00000000100100
0c 000|1110000|001101111011|11111011001010
0d 000|0010101|001101110011|01101110000111
0e 111|1110000|001111011000|11011110011000
0f 000|1100011|001110000000|11000110110011
10 111|1110000|001111111001|11000010111100
11 000|1110001|000001011011|11111111001110
12 111|1110000|000000101101|11011000111101
13 000|1110001|000110100001|10110100100100
14 111|0011110|001111111100|01000000010000
15 111|0010001|000100110110|01000000101111
16 111|0011100|001011000010|00000010011010
17 000|1110000|000001011011|11111010000011
18 000|0001111|001001100011|00000110101101
19 111|1100111|000000100110|10001100110100
1a 000|0100000|000100001010|01011111000001
1b 000|0100000|000011000101|01011111000001
1c 111|1110101|000001001001|10000000010000
BX = 010 Event : 43
00 011|1100100|001011110011|11000101011011
01 011|1100011|000100011010|11011011101101
02 100|0100000|001011011100|01011101110000
03 100|0010011|001011011010|01011101110011
04 011|1110001|001101100110|10110111011000
05 011|1100011|000110110101|11010101101101
06 101|1100100|001011111110|11000101010011
07 010|1100100|001110011110|11111011001001
08 010|0011111|001101000111|01010101010000
09 010|0010000|001011111001|00111010001010
0a 101|1110001|001100101011|11000001110101
0b 010|1100011|000000101000|11100110000111
0c 001|1110001|001010011011|10110011010101
0d 001|1100011|001000111101|11001111101100
0e 001|1110001|001111000110|10111010000101
0f 000|1100011|000100100100|11111000111001
10 000|0010000|001010000101|00110110111110
11 111|1110110|001000001101|01110011000001
12 111|1110001|001111011101|10110100000100
BX = 011 Event : 44
00 011|1110000|000011001000|11000010000101
01 011|1100011|000010101111|11100011010110
02 011|1110001|000100001101|10111111111111
03 011|1110100|000001110010|10000110100101
04 010|1100110|000000001110|10011001010111
05 010|1110100|001100110011|10000111100011
06 101|1100011|000010010111|11101000110111
07 101|0011100|001010101000|00000101011100
08 010|1110000|000011111000|11001011101010
09 010|1110001|000110000111|10101110001011
0a 010|1101001|000100011101|01111000001001
0b 010|1100011|000010111110|11100000110110
0c 010|1110011|000000111100|10010011010000
0d 101|1110100|000001100011|10001100001011
0e 101|1100111|000001111110|10001011011100
0f 101|1110000|000001101000|11011001110100
10 001|1110100|000011000101|10000111110010
11 001|0010100|000100011101|01100110110010
12 000|0011100|000000110010|00100111011110
13 111|0010011|000100010000|01010101011000
14 000|0010000|000010101111|00110010110110
15 000|1101001|000010110001|01110001101111
16 000|1100011|000010011111|11100001000110
17 000|0011111|000110010111|01001110110011
BX = 100 Event : 45
00 011|1110101|000110001111|10000000000000
01 101|0001111|001010000111|00000111101010
02 010|1110010|001101101110|10101001110001
03 101|0100001|000110100001|01100111000011
04 101|1110000|000101100110|11000011001011
05 110|1110000|000101110000|11010101010001
06 110|1100100|000010100100|10111001111011
07 001|1110111|001001000110|01101011111001
08 001|1110000|001111100111|11010101010001
09 001|1100111|000010101001|10000101101000
0a 110|0010010|000110110011|01010011110111
0b 000|0010010|000010011100|01010000100101
0c 111|0010100|001001111101|01100111001111
0d 111|1100011|001001110011|11100000101110
0e 111|1110110|000000110100|01110011011001
0f 000|1101001|000110111101|01111000001001
10 000|0010001|000111101110|01000110100111
11 111|1110000|000011101100|11001110010000
12 000|0010000|000110101011|00110101100100
13 111|1100011|000000100011|11000111111011
14 111|1110001|000011011010|10111100001011
15 000|0011100|000001101010|00001111100011
16 000|0011101|001101111011|00101011010011
17 000|0010000|000111010111|00101011000101
18 000|0010000|001101111010|00101100101110
19 111|1110011|000011101001|10010111000010
BX = 101 Event : 46
00 011|0001111|000100100010|00000000100100
01 100|0001111|001100000000|00010101011110
02 011|1110000|000110101001|11100110101111
03 011|1100011|000110101000|11100110101111
04 011|1110011|000011001111|10011010000110
05 011|1110000|000000101111|11101111000111
06 010|1110000|001010110101|11011100110001
07 010|1101000|000100110100|01111000111000
08 101|1110100|000100010010|10001010011110
09 010|0010001|000100111001|00111110000010
0a 001|1110101|000011100110|10000000001000
0b 001|1110000|001111011101|11101101100000
0c 001|1110100|000001010011|10001000011001
0d 001|1101010|000111001100|01101110110010
0e 001|1110000|001101111011|11111000010101
0f 111|0001111|000100101010|00000000010101
10 111|1110110|000001110000|01110111001001
11 111|0010010|000010001010|01001110000111
12 000|0010000|000101001110|00110111110011
13 111|1100100|000000001110|11000011111011
14 000|1100110|000000010110|10010011100001
15 111|1100101|001110011110|10100011100100
16 000|1110000|001101000111|11101101101000
17 000|1100111|000010010101|10000100010000
18 111|0011100|000001100101|00000110001000
19 111|0011100|000001001100|00000110001000
1a 111|1110001|001010100001|10101111100010
1b 000|1110011|000000111111|10001101111000
1c 000|1100011|001101111000|11111001100001
1d 111|1110100|000001110000|10001010000111
1e 000|0010001|000100110001|00111111100100
1f 111|1100111|000100001101|10001001011110
20 000|1100011|001010000010|11101000101111
21 000|0010000|000110111101|00110001111010
BX = 110 Event : 47
00 011|1101001|001011010010|01110101000100
01 011|1100011|001101110000|11011010110101
02 011|1100100|001101101110|10110001000011
03 011|0011100|001011001100|00100010101101
04 011|1101010|000001111011|01101100100100
05 011|0010000|001011010111|00101000010111
06 011|0010000|001011110001|00101001011011
07 100|0001111|000010010101|00001001111001
08 010|1100011|000101001110|11110101100000
09 010|1100111|000010001000|10001101011100
0a 010|1100110|000100100111|10010010101001
0b 101|1110000|001100101110|11000101000001
0c 110|1100011|000100100111|11101111011000
0d 001|1110000|001011100100|11010110011000
0e 001|0010000|001010000000|00101110010000
0f 001|0011100|000001101101|00010101110100
10 110|1110000|001101000000|11001011110010
11 000|0011100|001010111000|00011011101000
12 000|1100101|000111001010|10101000100100
13 111|0011100|001000010000|00010001111111
14 000|1110000|000110101110|11100110011111
15 000|1100011|001111111101|11100110010111
16 111|0010000|000001110110|00101000010000
17 000|1110100|001011000000|10000110000101
18 000|1110000|001111011101|11110000000110
19 000|1110000|001101101110|11011001111100
1a 111|0010000|000010110001|00110110100000
1b 000|0010101|000001111011|01101010100000
1c 111|1100100|000010100111|10101111101011
1d 000|1100101|000111110101|10101010001011
1e 000|1110000|001111111100|11100101001001
1f 000|1100011|000110101000|11101000001111
BX = 111 Event : 48
00 011|1100011|001001000111|11000110101011
01 100|1100011|001001010001|11110001100000
02 011|1110000|000111111011|11101100100001
03 101|0100010|001000100010|01101001110011
04 010|0011101|000111111110|00110111100101
05 101|1101001|000011000011|01110101001100
06 101|0010100|001001001100|01100110000101
07 101|1110000|000001011000|11011011001011
08 110|1110100|001000111110|10000100100000
09 110|0011100|000001001110|00011010001111
0a 000|1101001|000001110110|01110101100011
0b 000|0011110|001010010100|00111110100001
0c 000|0010101|000010111110|01101011000101
0d 000|1100011|001001001100|11110000001000
BX = 000 Event : 49
BX = 001 Event : 50
BX = 010 Event : 51
BX = 011 Event : 52
BX = 100 Event : 53
BX = 101 Event : 54
BX = 110 Event : 55
BX = 111 Event : 56
BX = 000 Event : 57
BX = 001 Event : 58
BX = 010 Event : 59
BX = 011 Event : 60
BX = 100 Event : 61
BX = 101 Event : 62
BX = 110 Event : 63
BX = 111 Event : 64
BX = 000 Event : 65
BX = 001 Event : 66
BX = 010 Event : 67
BX = 011 Event : 68
BX = 100 Event : 69
BX = 101 Event : 70
BX = 110 Event : 71
BX = 111 Event : 72
BX = 000 Event : 73
BX = 001 Event : 74
BX = 010 Event : 75
BX = 011 Event : 76
BX = 100 Event : 77
BX = 101 Event : 78
BX = 110 Event : 79
BX = 111 Event : 80
BX = 000 Event : 81
BX = 001 Event : 82
BX = 010 Event : 83
BX = 011 Event : 84
BX = 100 Event : 85
BX = 101 Event : 86
BX = 110 Event : 87
BX = 111 Event : 88
BX = 000 Event : 89
BX = 001 Event : 90
BX = 010 Event : 91
BX = 011 Event : 92
BX = 100 Event : 93
BX = 101 Event : 94
BX = 110 Event : 95
BX = 111 Event : 96
BX = 000 Event : 97
BX = 001 Event : 98
BX = 010 Event : 99
BX = 011 Event : 100
