BX = 000 Event : 1
00 011|1110110|000000101001|00111010010000
01 100|1110010|001010100111|10010111101010
02 101|1110010|000101010110|10000010000110
03 101|0100001|000011000111|00110000100101
04 111|1110011|000101011101|01010100101111
05 111|1110101|000001000010|01000100001111
06 111|1100111|001001011000|10111111010110
07 111|1110011|000101100000|01011010011000
08 111|1100111|001111111100|10111110010011
09 000|0010101|000101111101|00110111010100
0a 111|1100111|001111110010|10111101010110
0b 111|1110110|000010010111|00110011110010
0c 111|1100101|000100001011|01110000011011
BX = 001 Event : 2
00 011|0010101|000100000110|11010110010000
01 011|1110010|000111111100|01100110101110
02 011|1110010|001000011011|01100010000110
03 101|1110100|001111001110|01001110010100
04 010|1110100|001000010001|01001011111011
05 001|1101001|000100100011|00110101001101
06 110|0010101|000100011011|00110100111010
07 110|1110010|000111010001|01100111100000
08 111|1101000|001110001001|00111101001110
09 000|1101010|000110011111|00110011011110
0a 000|1110010|000010110101|10010100011001
0b 111|1110010|000000110011|01101000000001
0c 000|1110100|001111101000|11000100000111
BX = 010 Event : 3
00 100|1101000|000110101001|11001100001110
01 011|1110101|000001000000|11001011000111
02 101|1100101|000110101110|01100100000000
03 000|1101001|000110010010|11010000100010
04 000|1110010|001010100000|10100001101100
05 000|0100001|001100111111|11011100100011
06 000|1110101|000010011001|01000010101101
07 111|1100101|001010111101|01110100011010
08 000|1110010|000101110100|01101101010101
09 111|1100110|001001010010|10110100011101
0a 000|0010100|001110001110|00101110010010
0b 000|1100101|000100010110|10011001111000
BX = 011 Event : 4
00 011|0100000|000111010001|00100001100100
01 011|0010100|001011110001|11011110111101
02 011|1110011|001100000110|10101101110111
03 001|0010100|001011110001|11011010001001
04 001|1100101|000001101010|10100101010000
05 000|0010100|001011001101|11011100110011
06 000|0010100|001101010000|11011100111101
07 000|0010100|001011111011|11011101111000
08 000|1110010|001111000110|10100111110111
09 000|1110011|000101000100|10101111001010
0a 111|1100101|000001000011|10100011000101
0b 111|1110010|000100110100|10011111111001
0c 000|1100111|001110010001|11000010000001
0d 111|1110010|000000010111|01110010101111
BX = 100 Event : 5
00 011|0010100|000001110100|11011000010100
01 010|0010100|001001001110|00101110100010
02 101|1110100|001000001001|11000001111110
03 001|1110100|000101011101|10111110101110
04 110|0010100|001000101010|00101110001000
05 000|1100101|001101011000|10000000111011
06 111|0100000|000101110111|00101001111100
07 111|1100110|001111101111|10110010110111
08 111|1110100|000101010110|10111110001110
09 111|1110110|000010010100|11010001100110
0a 111|0010100|001101001001|11011101111000
0b 000|0010100|001000011101|00101110110111
BX = 101 Event : 6
00 100|1110110|000011001010|11010010110111
01 010|1110010|001111100101|01110101001110
02 010|1100101|000100011011|10010011100010
03 010|1100110|000011110111|10101111001001
04 000|1110101|001110100111|11001010101100
05 000|1100101|000100010110|10100110010010
06 000|1110011|000101001110|01100001001111
07 000|1110100|001010010101|11000001111001
08 111|1100101|000100000110|01100100100111
09 000|1110101|001100101101|11001010000101
BX = 110 Event : 7
00 011|1110100|001100011000|01001000010101
01 010|1110010|000011100001|01101110000001
02 010|1101000|001101100010|01000001000001
03 110|1100101|000011100000|01101101111010
04 001|1110010|001111011000|10001101000110
05 111|1100101|000001001001|01101111001101
06 000|0010101|000011100111|00110110111111
07 000|1110110|000011100001|00111001010100
08 000|1101001|000011100000|00111010010010
09 111|1110110|001111011000|00111011111101
0a 000|1100110|000100011101|01010110010011
0b 000|1110010|001001100111|01101010100101
0c 000|1110010|001010100101|10010100001110
BX = 111 Event : 8
00 011|1100110|000100010001|01010111111100
01 101|1100101|001010111011|10010111111101
02 101|1101000|001010110110|01000110011000
03 101|0010100|000001101010|11011101011101
04 001|1110110|000111100101|11010010010111
05 001|1100110|001011000011|01010100111010
06 001|1110010|000000100001|01111010111110
07 111|1110010|001111000001|01110001110011
08 111|1101001|001011010101|00111000100100
09 000|1110010|000000010010|10001100110000
0a 111|1100111|001011000101|01001001011111
0b 111|1100110|001101110100|10101010000111
0c 111|1110011|001100010110|01010101101011
0d 000|1110010|001111101010|10011011100001
0e 111|1110110|000101101010|00110111010111
BX = 000 Event : 9
00 100|0010100|000110110001|00101100001110
01 011|1110011|001110101101|01100000101110
02 011|1101001|000110110110|11010010010000
03 110|1110010|000101111010|01101101111011
04 111|1101001|001101111010|11010100001010
05 000|1100101|001011001000|01101100011011
06 000|0010011|000110011111|00100100010101
07 111|1110101|000000101110|11001000001101
08 111|1110010|000010100011|01111001000000
09 000|1110011|000010011100|01011111110010
0a 000|1110010|001001110100|01100011011110
0b 111|1100101|000001001001|01110011110100
0c 111|0100010|000000011001|11010110110101
0d 111|1110010|000000100100|01100111100000
0e 111|1110010|000000110110|01100011100011
0f 000|0100001|000000100001|00101111001100
10 000|1110101|000000110000|11001000111110
BX = 001 Event : 10
00 100|1110011|001100110010|10110000010110
01 100|1110010|000011001111|10001001010100
02 101|1110110|001100011011|11010011101110
03 101|1100110|001111111001|01011000111111
04 111|1101001|001011111001|11010010010000
05 000|0100001|000010111011|00101011000000
06 111|0100001|001100011000|11010111101001
07 111|1110010|001000001100|01110001100010
08 111|1110110|001100000001|11010011011101
09 111|1100101|000001011101|01101100101100
0a 000|1110100|000111011000|11000001001000
0b 111|1110101|001111101000|00111101110101
0c 111|1110100|001000011001|11000000010110
0d 111|1101001|001111100111|00111100010001
0e 111|1100110|000110000000|01100001111011
BX = 010 Event : 11
00 011|1110110|001111000110|11010010101100
01 101|1110101|000000110000|01000100100101
02 000|1110100|000101010110|01001010100011
03 000|1101001|001111111100|11010101101101
04 000|1110101|001110100111|11000101101001
05 111|1110010|000010100001|10001000111001
06 111|1100101|000110100111|01111111000111
07 000|1100101|001111100101|10010111010001
BX = 011 Event : 12
00 011|1110010|000000100001|10000110011111
01 011|1110010|000010011110|01111011000100
02 010|1100101|001110010011|01101010000101
03 010|1100101|001001100010|10100000001101
04 101|1110010|001010100000|01100011000010
05 111|1110100|000010011100|11000010101010
06 000|1110010|000011001010|01111100111101
07 000|1110011|000111100000|01011010001000
08 000|1100110|000111000000|01100001111011
09 000|1100101|001000100100|01100110100111
0a 111|1100110|000100011101|01011111110000
0b 000|1100110|000100101000|10111000001111
BX = 100 Event : 13
00 010|0010101|000001000001|11010100001100
01 010|1100101|001011011100|01110011000111
02 101|0100000|000000010111|00101001011101
03 101|1101000|001000110001|11000110110010
04 001|1110110|001010110000|11010010010111
05 110|1100101|001011110110|01111101111001
06 110|1100101|001111110100|01111101010111
07 111|1100111|001000111001|01010000001111
08 000|0100010|000000110100|11010101111000
09 000|1110101|001100101101|01000000011111
0a 111|1101001|001011010111|00111000101111
0b 111|1110011|000111010011|10101111010101
0c 000|1110110|001101000111|11010001000101
0d 111|1101000|001000100111|00111111100011
0e 111|0010101|000110001111|11010101100110
0f 000|1101001|001010101011|11010101010001
BX = 101 Event : 14
00 011|1110101|001010010000|11001001011010
01 100|0010011|001110001001|00100111110100
02 101|1110110|000111110010|11010110101100
03 101|1100101|001111101010|10010100101010
04 010|1110010|001111011000|01111110010101
05 001|1110110|000111100101|11010110111101
06 110|1110010|000111110101|01101001000010
07 000|1100110|000011101111|01010011000000
08 000|1100111|000010001110|10111101110010
BX = 110 Event : 15
00 101|1110011|000000100110|01011111001100
01 010|1101000|001000111110|11001000111100
02 101|1110010|001010101010|10001100110000
03 101|1110100|001101000111|11000000011100
04 000|1101001|000100011101|11010000110011
05 000|1100111|001101001011|11000000101001
06 111|1110100|001100111111|11000000010001
07 111|1100101|001010101011|10001011111110
08 000|1110100|000100111001|10111101000110
09 111|1100101|001011111010|10000001111110
0a 000|1100101|000001001110|10001010110000
0b 111|1110011|000000010100|01011101100011
0c 111|1100110|001011001111|01011110000001
0d 111|1110010|001110111111|01100101000000
BX = 111 Event : 16
00 101|1100101|000001000011|10000011001100
01 101|1100101|001001011000|01111100001001
02 110|1100111|000010000100|01001001010100
03 001|1100101|001101110100|01111100001111
04 000|0100000|000000100110|00100000100000
05 111|1100101|000001010101|10100000011001
06 000|0010100|000001100111|11011010111001
07 000|0100001|000010100011|11011110000010
08 111|1110010|000000110110|01111101111111
09 111|1100101|000001001001|10010100110101
0a 000|0010100|001010111000|00101101000011
0b 111|1110100|000101100000|11000101001110
0c 000|1100110|000001100101|10110010011100
0d 111|0100000|001111011000|00101010101011
BX = 000 Event : 17
00 011|1110010|001010010101|01111100001011
01 101|1100101|001101010011|10000010101011
02 101|1100101|001011001010|01111111111110
03 010|1110010|000101101101|01111110001010
04 000|1100101|001110000001|01111110111011
05 000|1110010|001010110010|10100000010100
06 111|1110010|001100001001|01100001110000
07 000|1100101|001010110001|10100001101100
08 111|0010011|000100011011|00100000111011
09 000|1110011|000111111111|10110001101110
0a 000|1100101|000110011111|10011010111010
0b 111|1110100|001111010011|01001101011101
0c 000|1110011|001100000100|10110000101100
0d 000|1100101|001111011010|10011111110111
BX = 001 Event : 18
00 011|1100101|000111000101|01111001001100
01 100|1110010|001100101000|10010001001110
02 100|1110010|001010011101|10001100001001
03 010|1100101|000110010111|10000111000001
04 010|1110010|001101000010|10001010010110
05 010|1110100|001110101010|11000100111110
06 001|1100101|001000010101|10000111010010
07 110|1110011|000101010110|10101111101010
08 111|1100101|001001011000|01110001110100
09 111|1100101|000100010011|01100111001110
0a 111|1100101|001101011101|01100100010001
0b 000|1100110|000110111011|10110111101110
0c 111|1110010|001000011011|10000111010110
0d 000|1110010|000101010011|01101101001010
0e 111|1100101|001011010111|01101010101100
0f 000|1100110|000001100010|10101000100011
10 000|1110011|000111011101|10110000010001
11 111|1110011|001000001110|01011000111011
BX = 010 Event : 19
00 011|1110100|001111010001|01010000010010
01 100|1101001|001001010101|11010001001001
02 101|1100111|000110100100|10111101010110
03 110|0100010|000001000000|00110101000000
04 111|1110010|001001101111|01101111000011
05 111|1110010|001010010000|10000111001011
06 111|1110010|001110110100|01101010000100
07 111|1110010|001001111100|10011011110001
08 000|1100111|000100001011|11000000111001
09 000|1100101|000001100111|10010110000011
0a 111|0010101|000001000001|00110011110110
0b 000|1110011|000010111000|01010110110010
0c 111|1100110|000001111111|10110100100110
0d 111|1100101|000101111101|01111010000100
0e 000|1110010|000100111110|01101000111000
0f 000|1100110|000011101111|10110011011001
BX = 011 Event : 20
00 011|1100111|000110010010|01001111110011
01 011|1110011|000011011111|01010001111010
02 011|0100000|001010011010|00100110000000
03 011|1110011|000101011101|01011001110010
04 011|1110101|001101001100|11001000111110
05 010|1100111|000011011101|01010010001001
06 010|1110101|000101111100|00111100100100
07 010|0010011|001101110010|00100101100101
08 010|1110101|001010101010|11000110100101
09 010|1110101|000101100101|01000101000000
0a 010|1110101|001110111111|11001100100100
0b 101|1101000|000011100010|00111100111101
0c 001|1101001|001000100100|11010000110011
0d 001|1100111|000001011101|01001110100000
0e 110|1110100|000101001011|01001111000000
0f 001|1100101|000010001110|10100001100001
10 110|0010100|000001011101|00101100000011
11 110|1101000|000001010000|01000100011110
12 001|0010100|000001011000|00101100011110
13 111|1101001|000101111011|00111100000000
14 111|1101001|001000100100|11010011111111
15 000|1110010|000101001001|10001000001101
16 000|0010011|001101110010|00100100101010
17 000|0010100|000001010000|00101011111110
18 000|1110011|001100101010|10110000000110
19 111|1100111|001111011101|10111111101100
1a 000|1110010|001000010001|10001110111111
1b 111|1100110|000100011000|01011100111001
1c 000|1101000|001101001110|11001010001111
1d 111|0010101|001001000001|11010110111010
1e 111|1100110|001000101111|01010111111100
1f 111|1100101|001000011000|01101110010000
20 111|1110100|000100111001|01000111000011
21 000|1101000|001010101110|11001000000100
BX = 100 Event : 21
00 011|1110100|001111100011|01001101101000
01 100|1110010|001111001100|10001110100011
02 011|1100101|001011110110|10010111111101
03 010|1100101|001111111001|10100101110111
04 010|1100101|001101101010|10010010100101
05 010|1110100|001001110110|01000110000111
06 010|1100101|001001000001|10011010011001
07 001|1100101|000110011010|10001101000110
08 110|1100101|001101101111|10010000110000
09 000|1100101|001011111011|10011000110101
0a 000|1110010|001010100101|01100110110100
0b 000|1110010|000101000110|01110101100100
0c 111|1100111|001111100101|01001100111101
0d 000|1101000|001011110001|11001101101100
0e 000|1100101|001011001111|10011001101101
0f 111|1101001|001000011111|11010101101101
10 111|0010100|001000110100|11011011110011
BX = 101 Event : 22
00 011|1110100|001010001000|01001001101101
01 001|1100110|001101101101|10101001000100
02 001|1110011|001101000111|10110000000000
03 111|1101000|000100011101|11001100011001
04 111|1110100|000111101010|01000110000111
05 111|1110010|001000011011|01110010101111
06 111|1100101|001000011101|01110001011000
07 000|1110010|000000010100|10000110100100
08 000|0100001|001000000111|00101011000110
09 000|0100001|000111011000|00101011000110
0a 111|1110010|001001111110|01110111011000
BX = 110 Event : 23
00 011|1110010|000000001111|01100100001111
01 001|0010100|001011011100|00101101100011
02 111|1101010|001001011000|11011000000111
03 111|1110100|000111110101|11000011000101
04 000|1100111|001011000101|01001111100011
05 111|1110010|000101101101|01101011100010
BX = 111 Event : 24
00 011|1110100|001111100011|01001101101000
01 100|1110010|001010110100|10011100111001
02 011|1100101|001011110110|10010111111101
03 010|1100101|001111111001|10100101110111
04 010|1100101|001101101010|10010010100101
05 010|1110010|001100100011|10010101010000
06 010|1110100|001001110110|01000110000111
07 101|1100111|000010001011|11000010101000
08 010|1100101|001001000001|10011010011001
09 110|1100111|000100100101|10111110100100
0a 110|1100101|001001000110|10011111100001
0b 110|1100101|001000101010|01100111000010
0c 001|1100101|000110011010|10001101000110
0d 000|1100101|001011111011|10011000110101
0e 111|1100111|001111100101|01001101000010
0f 111|1100101|001010110110|10011100001110
10 000|1100111|001110001110|11000000101110
11 000|1110010|000101000110|01110101100100
12 000|1100101|001011001111|10011001101101
BX = 000 Event : 25
00 011|1110100|001010001000|01001001101101
01 100|0100001|000000100100|00101100111001
02 100|0100001|000000100001|00101011000000
03 010|0100000|000000010100|00100101001100
04 010|1110101|000000011100|11001101100101
05 001|1100101|001001000110|10001101100010
06 001|1100110|001101101101|10101001000100
07 001|1110011|001101000111|10110000000000
08 111|0100001|000000001111|00110000101111
09 000|1110010|000000010100|10000110100100
0a 111|1100101|001000111110|10010000001110
0b 000|1100111|000101111101|10111001010111
BX = 001 Event : 26
00 100|1110010|000111101010|10010000110010
01 011|1110010|001110111010|10011000111100
02 011|1110011|001110110100|01010011011101
03 010|1100101|000110111001|10011111001011
04 101|1101001|001000011111|00110100010000
05 010|1101001|001010101110|00111000111010
06 010|1101001|001011111011|00111011010100
07 010|1110101|000000101110|00111111111000
08 101|1101000|000100100101|01000110100011
09 010|1101000|001101001001|01000010001110
0a 000|1110010|000001000010|10000000011110
0b 111|0100010|001110111100|00110101100100
0c 000|1110010|000000001111|10000000100100
0d 111|1110110|001010110010|00111000101110
0e 000|1100101|001001001011|01100111001110
0f 000|1110010|001001101001|10100010001101
BX = 010 Event : 27
00 011|1110011|001100111101|01011101111001
01 010|1100111|001000011010|10111001111001
02 001|1100110|001011010101|10110110001010
03 110|1110010|000011100001|10001000101110
04 110|1100101|001101111010|01111111000111
05 110|1100101|000010000110|01110110001111
06 110|1110010|000111100101|10101000010011
07 111|1110010|000101100101|10010111010100
08 111|1110100|000011011111|10111011001001
09 111|1100111|000011011101|10111001111001
0a 111|1100110|001011110001|10110101011000
0b 000|1110100|001010100010|11000000110111
0c 111|1100110|000110110011|01011111010100
BX = 011 Event : 28
00 011|0010100|000110100001|11011010101110
01 010|1101001|000111000011|11010101010001
02 000|1101001|000110100001|11010110011001
03 000|1100111|001011010010|01000111100000
04 111|1100111|000010001011|11000010010111
05 111|1101000|001010110011|01000110101000
06 111|0010100|001111111110|11011001110100
BX = 100 Event : 29
00 010|0100010|001111001001|11010110000000
01 010|1100110|000100011101|01100001000011
02 010|1101000|000110100001|11001101010110
03 101|0010100|000010010001|11011000111111
04 111|1110010|001010100101|01111011000100
05 000|1110100|000101101010|01001011111011
06 111|1100101|001111110111|10000101101000
07 000|1100101|001110000110|01100110011100
08 111|1100101|001011110110|01111100011010
09 111|1110010|001010110111|01111001111100
0a 000|1110011|000111111111|10101101001011
0b 111|1100110|000100000001|01011111001111
0c 000|1100101|001111011101|10010110111011
0d 111|1100101|001000100100|01101011111010
BX = 101 Event : 30
00 011|1110100|001001101111|01001110111010
01 011|1110110|000111011101|11010111011000
02 011|1110011|001010001011|01010011101101
03 100|0010011|001110001001|00100111110100
04 100|0100000|000001000000|00100110100101
05 101|1110110|000111110010|11010110101100
06 101|1100101|001111101010|10010100101010
07 010|1110101|001010010000|11001001011010
08 010|1110101|000010100110|11001001110000
09 010|1110010|001111011000|01111110010101
0a 001|1110110|000111100101|11010110111101
0b 110|1110010|000111110101|01101001000010
0c 001|1110011|001010011010|01010101011011
0d 000|1100110|000011101111|01010011000000
0e 111|0100001|001001111110|11011001001100
0f 111|1100101|000001100101|10100111010000
10 000|1100111|000010001110|10111101110010
BX = 110 Event : 31
00 100|0010100|001011110001|00110010001011
01 011|1100110|000110000011|10101000001101
02 011|1100101|000001100111|01111001111110
03 010|0010101|001011110001|00110110011010
04 010|0010101|000001001001|00110110101010
05 010|0010101|000010001110|00110111001001
06 101|0010101|001101101111|00110101001010
07 010|1100101|001000101010|01111100001001
08 101|1101000|001011010111|00111110100110
09 001|0010101|000011101111|00110110111111
0a 110|1100110|001101101010|01011101110110
0b 110|0010100|000110110011|11011011111000
0c 000|1100101|000110110110|01100110011100
0d 000|1100111|000100100011|01000111000100
0e 000|1110100|001110110100|01010000000010
0f 111|1101001|001011101100|00111000000011
10 111|1110100|001100000110|01001001111000
11 000|0010101|001010111011|00110110101111
12 000|1101010|001101110100|11011000100011
13 000|1100110|000011101111|10101010000001
14 000|1110010|001111010001|10011011010000
BX = 111 Event : 32
00 010|1110011|000010100001|10101110001101
01 000|0100000|000111001011|00101000010011
02 111|1110010|000010110011|01111001110111
03 111|1110011|001000001100|01011011011010
04 111|1100110|000111001000|01010111110111
05 111|1100111|000001010101|01001110100110
06 000|1110011|001000011001|10101110111111
07 111|1110100|000101011000|11000010110101
08 111|1110010|001111010110|10000100010000
09 000|1100101|000100011011|10100010001101
0a 000|0100001|000111001011|00101011111111
0b 000|1101000|001101111010|11001110110011
0c 111|1100110|000001111111|01010011000110
BX = 000 Event : 33
00 011|1110100|001110100101|11000000000000
01 011|1110100|000000110110|11000011111100
02 011|0100001|001111100101|11011111101011
03 011|1110010|000101100010|01110101011001
04 011|0010100|001101111100|11011101001101
05 011|1110010|000101101101|01110011001010
06 101|1100101|000001000011|01101010110001
07 010|0010100|001111100101|11011111100010
08 101|0010100|000001111111|11011011010011
09 110|1100101|001001000011|10011100001110
0a 110|1101000|001010110001|11001100110101
0b 110|1100101|000100010110|01111011111001
0c 001|1110101|000000110000|11001100010011
0d 001|1110010|000000111000|01100001110101
0e 000|1110101|000000111011|11001111010010
0f 111|1110010|000111011011|01110001010111
10 000|1100111|001001100010|01001011101001
11 000|1110011|001010110100|10110100100011
12 000|1100101|001111101111|10011110101001
13 111|1100101|000001100010|01101001110100
14 000|1110011|001100100101|10101100001010
15 000|1110100|001001101001|01001010001000
16 000|1100101|000110010111|10011010000011
17 000|1110011|001100110000|10111001100000
BX = 001 Event : 34
00 011|1100111|001111100000|11000100010001
01 011|0010011|001011011010|00100111111111
02 101|0100000|001010110010|00100101100110
03 001|0100001|000100110010|11011001101100
04 000|0100000|001010000001|00100110000000
05 000|1110010|000000110110|10010000011100
06 111|0010011|001111101111|00100100100000
07 111|0100001|000000111011|11011010110101
08 111|1110010|000011001111|10101010000001
09 111|1110110|000000111011|11010110010001
0a 111|0100001|000111001011|00110001001010
0b 111|1100110|001110010001|10110100100001
0c 111|1110100|000111110111|11000001010010
0d 000|1110110|000111010001|11010111011000
0e 111|0010101|000001010101|11010100101011
BX = 010 Event : 35
00 100|1110100|001100010110|11000011001011
01 011|1110010|001010101100|10011101111011
02 010|1101001|001000100111|11010100001111
03 101|1110110|001100000110|00111011111101
04 001|0010100|001101100101|00101100110011
05 111|1110110|001100001100|00110011101101
06 111|1100101|000011110111|01101111111111
07 111|1110100|000000101011|11000000001011
08 111|1110010|001100100011|01111011001001
09 111|1100101|000001111111|01110101101110
BX = 011 Event : 36
00 011|1100101|001010101011|01101110010000
01 100|1100101|001010101110|10011011010001
02 011|0010100|000011100000|11011100101000
03 011|1110010|000101110010|01110011001010
04 101|1100101|001101110100|01101000010110
05 101|1100110|000011111111|01100001110101
06 101|0100001|000011011111|11011101000011
07 010|1110101|000000101110|11001110100001
08 110|1100101|000100000001|10011110110101
09 110|0100001|000101101000|11011110101100
0a 111|1110010|000101101010|01101011110010
0b 000|1110010|001010000001|01110000111100
0c 000|1100101|000110110110|10100101010000
0d 000|1101000|000001111001|00111110110001
0e 111|1110010|000101001110|01111011100101
0f 000|1100101|000110111011|10010101100111
10 000|1110011|001100000110|10110011010110
11 111|1100101|000100101101|01111110000100
12 000|1110010|000101110010|01110111011101
13 000|1110010|000001000010|01110111101110
14 000|1100101|000001000011|01111001000111
15 111|1110010|001111001001|01110101101010
16 111|1100101|000100010110|10000001110011
17 000|0010100|001000010010|00101110101101
18 000|1110101|000000010100|11001110110111
19 111|1110010|000101100101|01101111110100
BX = 100 Event : 37
00 011|1100110|001000100100|10101010110011
01 100|1110101|000111101101|11000110001010
02 010|0010100|001001001000|00110010101011
03 010|1100111|000100000100|01001011011110
04 001|1100111|001001000110|01001110110110
05 110|1110010|001100000100|10101001010101
06 111|1101001|000011101010|11001111101011
07 111|1101000|000001010101|00111111011000
08 111|0010101|001011111011|11010111001010
09 111|1100111|000001111100|10111101000000
0a 111|1100111|000110000000|10111011110011
0b 000|1110010|000000000111|10000100000101
0c 111|0010101|000011100111|11010100000001
BX = 101 Event : 38
00 011|1110101|000000101110|00111111111000
01 100|1110010|000111101010|10010000110010
02 011|1110011|001110110100|01010011011101
03 010|1100101|000110111001|10011111001011
04 101|1101001|001000011111|00110100010000
05 010|1101001|001010101110|00111000111010
06 010|1101001|001011111011|00111011010100
07 101|0100001|000000010111|00101110100010
08 010|1110010|001001101001|01110011110110
09 010|1101000|001101001001|01000010001110
0a 101|1110010|000000000000|10001010110111
0b 000|1110010|000001000010|10000000011110
0c 111|0100010|001110111100|00110101100100
0d 000|1110010|000000001111|10000000100100
0e 111|1110110|001010110010|00111000101110
0f 000|1100101|001001001011|01100111001110
10 000|1110010|001001101001|10100010001101
BX = 110 Event : 39
00 011|1110100|001100010110|01001011001111
01 100|1100101|000100001001|10001110101010
02 101|1100101|000100010110|01111001000111
03 110|0100000|001111001100|00100100011100
04 000|0010101|001101111111|11010101111011
05 111|1110100|000000100100|11000100111000
06 111|1110010|001100101000|01101000010001
07 000|1110101|001001110110|01000011100011
08 111|1100101|000100011011|01110001111001
BX = 111 Event : 40
00 011|1110010|001100001110|01101100011110
01 101|1100101|000010001110|01111011110011
02 101|1100101|000001111111|01111011110011
03 101|1110011|000100111100|01100000010011
04 010|1110010|000101110111|10010001001110
05 010|1100101|000101111101|10010001110011
06 110|1100110|000100000001|10111000010101
07 110|1100101|000001100010|10000010001111
08 110|1100101|000001001001|10000010001111
09 000|1110011|000011011100|01100001001010
0a 000|0010100|001101100010|11011011000011
0b 111|1110010|000011001101|01110100110011
0c 000|1100110|000001110100|10110010010110
BX = 000 Event : 41
00 011|0010101|000001000011|11010110100000
01 011|0100001|000100110111|00110001011111
02 101|1101001|000001110010|11010101000110
03 010|1110110|000001000010|11010111001101
04 010|1101001|000001000001|11010111100001
05 101|0010100|001011000101|11011100010011
06 010|1100111|000011100111|01001001110101
07 101|1101001|000011110100|00111011111011
08 010|1100101|001101001110|01100101110101
09 110|1110100|001010011010|10111010101101
0a 110|1110010|000010100110|01101010111011
0b 001|1100101|000100010001|10100001100110
0c 001|1100111|000001101010|10111110001110
0d 001|0010011|001001010101|00100100010101
0e 111|0010101|000001110111|11010110100101
0f 111|1110100|000011010111|01010001001001
10 111|1110010|001100000001|01100011101001
11 111|0010100|001011001101|11011100001000
12 111|1100101|001000011010|10100011100001
13 000|0100000|000000011110|00100100000010
14 111|1100110|001011110110|01100010100111
BX = 001 Event : 42
00 011|1100111|001000101111|01001000111110
01 010|1100110|000001101111|10101000101000
02 110|1100101|001001000110|01101111011110
03 001|1100111|000001000011|10111010011111
04 111|1110010|001111001100|10000111110111
05 111|1110010|001110110010|01100001101011
06 000|1110011|001001110001|10110100011000
07 000|1100101|001010110001|10001001101101
08 111|1110010|001000010001|01110100101101
BX = 010 Event : 43
00 011|1110010|000011010100|01100111101011
01 100|1101001|001011001010|11010010010110
02 011|1100110|000110110011|01011000011000
03 011|1110011|000101001110|01100000000010
04 011|1100101|000001001011|01110111101110
05 100|1101000|000100100011|11000110110111
06 011|1110101|001001101111|01000101010110
07 101|1100101|000001111111|01101000100001
08 010|1100110|001110010011|01011000001101
09 101|1100110|001011011010|01011100010111
0a 110|1110100|000011011001|01010000100010
0b 001|1100101|001101101101|10001000001001
0c 110|1110101|000100111100|01000011011000
0d 111|1110101|000111110111|11001010010110
0e 000|1100101|000100000100|01111010100101
0f 000|1100110|000110000011|10110001110101
10 111|1110011|001101001100|01010010011011
11 000|1110010|000101101101|10000111100110
12 111|1100111|001011010010|01001011010011
13 111|1100101|001011011111|10010100001001
14 111|1101000|001110001100|01000011101100
15 111|1100110|001001000001|01011000101110
16 111|1101000|001111111110|01000001001100
17 111|1100101|001111111001|01110010101011
18 111|1100101|001110001110|01101111111111
BX = 011 Event : 44
00 011|1110010|000010011110|01101000011100
01 011|1110010|000101111010|01101110111101
02 100|1101001|001101111100|11001111011010
03 100|1100111|001001011010|11000010000111
04 101|1110100|001000000111|01001000100110
05 101|1110100|000111100000|01000111011001
06 000|1110110|000000100100|00111001011111
07 000|1100101|000101111101|01101111011110
08 111|1110010|001100110101|01111111110010
09 111|1100111|000111000011|11000010111001
0a 111|1110110|000000000111|00111000111001
0b 111|1100110|001001100010|10111000100000
0c 111|1110010|001010100000|01100010000110
0d 000|1100101|001000101010|10011000110101
0e 000|1100101|001011110100|10000101011101
0f 111|1100101|000001010101|01111011111110
10 111|1110010|001101001100|01110000011011
BX = 100 Event : 45
00 011|1110010|000111101000|01110101011001
01 010|1101001|000010000110|11010100000100
02 010|1101001|000010000100|11010110111010
03 101|0100000|000000110011|00100101111011
04 110|1100110|001101111010|01011110011101
05 111|1110110|001010000011|00111010100001
06 111|1110100|000011100001|01001011001010
07 111|0100001|001100000110|11011101001101
08 111|1110010|000111111100|01110101001001
09 000|1100101|000010001001|10010110001110
0a 111|1110010|000010011001|10100011011010
0b 000|1110010|000011000010|10001001101010
0c 000|1110101|000111101000|11000111010111
0d 111|1101001|001011010010|11010110000011
0e 111|0010100|001011101110|11011011110011
0f 111|1110010|000111100101|01110100111110
10 000|0100010|000001000000|00110101011111
11 111|1110010|000111001011|01101100111010
BX = 101 Event : 46
00 011|1110010|001100110111|01101100110100
01 011|1110010|000111001110|10001011011101
02 011|1110011|000101000100|01011010010011
03 011|1110010|001010000001|01110101101111
04 100|1110100|001100000001|11000010011111
05 100|1100101|000110000000|10001001011101
06 010|1110010|000000111111|01100111111111
07 001|1110101|000010100001|01000001000101
08 110|1110101|001001110110|01000011011000
09 110|1100101|000100010001|10001101111110
0a 111|1100101|001111110100|10000000110000
0b 111|0010100|000010001011|00101100101101
0c 000|1100110|001001001000|10110011111010
BX = 110 Event : 47
00 100|0010100|000001111001|00110001100110
01 011|1110101|001111000100|00111100011110
02 011|1110011|000000101011|10101101000110
03 100|1100111|000001001110|11000100100111
04 011|0010101|001110010001|00110011101011
05 010|1100101|000001001011|10010100011001
06 101|1110010|000000100001|01110001001100
07 110|1101000|000110100111|01000100111111
08 111|1110010|000000110000|01101100101111
09 111|1110010|000000001111|10100010110100
0a 111|1110010|000000100001|01100111101011
0b 111|1100101|001101110111|01100111111010
0c 111|1110010|000000111011|01100100110110
0d 000|1110010|001110111100|10010011111101
0e 000|1110011|000000011110|10101110101001
0f 000|1110101|000101011000|11001010100110
10 000|1100101|000001001001|01100101100100
11 000|1110011|000000010111|10110110010000
12 000|1110100|000000101001|10111010110011
13 111|1110100|001110110010|01001001000001
14 111|1110101|000111010001|00111101001111
BX = 111 Event : 48
00 011|1100101|001011101110|10100111101011
01 100|1110011|000111110111|10101010001011
02 100|1100111|001111111110|10111111111100
03 101|1110010|000010110011|10011100011000
04 010|0010100|001111110100|00101100110011
05 010|1100110|000100100000|10101110101101
06 010|1100110|000001000001|10110010101100
07 001|1100111|000001110010|01001110010000
08 001|1110011|000111110111|01010110100010
09 110|1110010|000010101001|10010010001010
0a 000|1100110|000001110111|10101110000001
0b 111|1100110|001010111101|01010011111000
0c 111|1100111|001110000100|01010010110101
0d 000|1100110|000001100101|01010110011110
0e 111|1100110|001011010101|10110000001011
0f 000|1110010|000010111000|10010100111010
10 000|1110010|000010100001|10010100111010
11 111|1110010|000011001010|01110011100000
12 000|1110010|000010110011|10010100111111
BX = 000 Event : 49
BX = 001 Event : 50
BX = 010 Event : 51
BX = 011 Event : 52
BX = 100 Event : 53
BX = 101 Event : 54
BX = 110 Event : 55
BX = 111 Event : 56
BX = 000 Event : 57
BX = 001 Event : 58
BX = 010 Event : 59
BX = 011 Event : 60
BX = 100 Event : 61
BX = 101 Event : 62
BX = 110 Event : 63
BX = 111 Event : 64
BX = 000 Event : 65
BX = 001 Event : 66
BX = 010 Event : 67
BX = 011 Event : 68
BX = 100 Event : 69
BX = 101 Event : 70
BX = 110 Event : 71
BX = 111 Event : 72
BX = 000 Event : 73
BX = 001 Event : 74
BX = 010 Event : 75
BX = 011 Event : 76
BX = 100 Event : 77
BX = 101 Event : 78
BX = 110 Event : 79
BX = 111 Event : 80
BX = 000 Event : 81
BX = 001 Event : 82
BX = 010 Event : 83
BX = 011 Event : 84
BX = 100 Event : 85
BX = 101 Event : 86
BX = 110 Event : 87
BX = 111 Event : 88
BX = 000 Event : 89
BX = 001 Event : 90
BX = 010 Event : 91
BX = 011 Event : 92
BX = 100 Event : 93
BX = 101 Event : 94
BX = 110 Event : 95
BX = 111 Event : 96
BX = 000 Event : 97
BX = 001 Event : 98
BX = 010 Event : 99
BX = 011 Event : 100
