BX = 000 Event : 1
00 011|1110010|000001101010|01101000001011
01 011|1100101|001111111101|11011100110111
02 011|1101010|001010000000|00101011111101
03 010|1110000|000011110001|10011001000101
04 010|1100110|000000011011|11101010001100
05 010|1100100|001001001111|01101111000011
06 010|1110000|000100000011|10001010110011
07 010|1110010|001100101110|11011100101011
08 001|0010001|001001111000|00000011010100
09 001|1100111|001011011100|01000100001001
0a 110|1110101|001011001010|00111010011011
0b 111|1110000|001101011110|10011011010011
0c 000|0010001|001001000111|00000011011100
0d 111|1101000|001011010111|01000001111010
0e 000|0100001|001010101000|00100111011001
0f 000|1110100|001011010100|01001010110101
10 111|1110000|001100110101|10100110101111
11 000|1110110|001000101100|00110100001111
12 000|0010001|001001110101|00000000100111
13 111|1101010|001110011110|00101010101110
14 000|1110011|001111111001|11101010000000
BX = 001 Event : 2
00 011|1100111|000100010101|01001100001100
01 011|1110000|001111010000|10011001011101
02 100|1110010|000001001100|11100001111011
03 101|1110100|000001100011|11111000101001
04 010|1110011|000000101111|11101101000011
05 010|0100010|001111111110|00101011101000
06 110|1110010|000001001100|11100101100110
07 001|1110010|000001000110|11100001000101
08 110|1101000|001100001101|01000010001010
09 001|1110010|001010111101|11100101010111
0a 110|1100100|001100010111|01110011110011
0b 110|1110010|000001110101|11010111101001
0c 111|1100011|001110101011|10100010110110
0d 000|1110000|001010111010|10100100010010
0e 111|1110010|000001010110|11100000100101
0f 000|1110110|001000010000|00110011111000
10 000|1110000|000100000000|10000010100100
11 000|1100100|001101111010|10000011000011
12 000|0100001|001101001111|00011111111100
13 111|1100100|000101001011|01111010000011
14 111|1100011|000111011001|10010010100100
15 000|0011111|001000000011|00001010111000
16 000|1100100|000001111110|11001111100001
17 000|1100101|000010010111|11010101010001
BX = 010 Event : 3
00 100|1110011|000000111100|11101110011001
01 011|1100111|001110010100|01001101101011
02 011|1110101|000101101001|00111010011011
03 011|0100000|000100010101|00010101110101
04 011|1100101|001001111010|11011100100111
05 011|1110100|001101111000|01000101011110
06 100|0010011|000101011011|00011010001011
07 101|0010010|000111101001|00010001110000
08 010|1110001|000101101110|11010011010111
09 101|0100010|001111100101|00101010011111
0a 101|1101001|001011100100|00110100010100
0b 001|1101010|000111001100|00101010000110
0c 001|0010010|000110101101|00001011011011
0d 110|1110101|000110011111|00111010001011
0e 111|1100111|000001111110|01001100111100
0f 000|1100100|001011110011|01110001010011
10 000|1100011|000000010110|10001101001100
11 000|1100101|001111111101|11011101010111
12 000|1100011|000100110110|10001101011100
13 111|1110001|000000111111|11001011010000
14 111|1110001|000011110110|11001010011001
15 111|1100101|001011100100|01011110010110
16 111|1110000|001101011100|10100110010111
17 000|0010010|000000001100|00001110111100
18 000|0011111|001101010010|00010000111111
19 111|1100101|001011100111|11010111100000
1a 000|1100101|001001001111|11011010100000
1b 000|1110100|000011001000|11111010110101
1c 111|1110010|001011011110|01100000000110
BX = 011 Event : 4
00 011|1100111|001100010000|11110010000001
01 100|1110000|001011010111|10110111111110
02 100|1100011|001100010010|10110110000001
03 011|1110000|000000101101|10011000010110
04 011|1110010|001101010100|11011101011010
05 100|1110000|001011000111|10110001101100
06 011|1110100|000001110000|11111001101111
07 011|1110101|000001011110|01000010010100
08 100|1100101|000010011111|11100011001110
09 011|0100000|000000111010|00011110100100
0a 101|1110010|001100101011|11011101010010
0b 010|1100110|001011100111|01010101101000
0c 010|1110001|000001110101|11000001100011
0d 001|1100100|000001111000|11000010001001
0e 110|0100000|000000101111|00011110010101
0f 110|1110010|000001011110|11100101001111
10 110|1110101|001101001111|11111110100110
11 001|0010010|000010101111|00001010001000
12 001|1110000|001011011100|10110011000011
13 110|1100111|001011111110|11110110010110
14 001|1100011|000000001001|10110100110000
15 000|1110110|001000000000|00110101000101
16 000|1110000|001010111010|10000011110011
17 000|1100101|000100110110|01101010000011
18 111|0010010|000010111001|00001001101010
19 000|1100100|001100010010|01101101100011
1a 111|1100101|000010110100|01100110001100
1b 111|1100101|000000011110|01100011110100
1c 111|1100110|000110111010|11100101100101
1d 000|0011110|001101001010|00000110001001
1e 111|1100011|000111100110|10010010110100
1f 000|1100100|000000011011|11001001100001
20 000|1110001|001000000101|01111011111011
21 000|0011111|001000100111|00001101010011
22 111|1100110|001011011111|01010101001000
23 000|1100100|000111000111|10000000100011
24 000|1100111|000010010111|11111001001101
25 000|1110011|000101111011|11101011000110
26 000|1100100|000101011101|11010000111001
27 000|1100100|000100111001|11010000111001
28 111|1100101|000000100011|01101011001011
BX = 100 Event : 5
00 011|1110011|001011001010|01010001111010
01 100|1100110|000010011010|11101100110011
02 011|1100100|000010000011|10111110110001
03 011|0010001|001011111011|00000010011000
04 011|1101000|000110111111|01000010010010
05 011|1100101|001001110101|01100000011101
06 011|1100110|001001100110|01011001111111
07 101|1110100|000110001010|11110101110101
08 101|1110110|001100110101|00110011101000
09 110|1110000|000100000011|10110011010010
0a 110|0010011|001101111000|00011001001000
0b 110|1110000|001010010110|10101010110011
0c 001|1110100|001011000010|01001010001110
0d 000|1110000|000100010000|10011111110110
0e 111|1110011|001000111110|01001111011110
0f 000|0100000|001000011101|00010111100011
10 111|0100000|001000000011|00011000010111
11 000|1110001|001000100100|11001111100011
12 111|1110010|001101000101|11011001001111
13 111|1100011|001001101011|10100101110111
14 111|1100100|001101110101|01101111111011
15 111|1110011|001000010000|01010000110100
16 111|1100011|000111110000|10000110000011
17 000|0011110|001000100111|00000111111000
18 111|1110011|001010100001|01010100111110
19 111|1110011|001011010010|01010001011011
1a 111|1100101|000110111010|01101011101011
BX = 101 Event : 6
00 011|1100100|000000010110|01101100111011
01 011|1110001|000100010010|10111111111101
02 011|1110100|000001000100|01001010110101
03 011|1100011|001110000000|10011000110101
04 011|1110010|001100111000|01100000011101
05 011|1110001|001010100110|01110110100001
06 011|1100100|001110000010|01111001010011
07 010|1100100|000010001010|01111100100011
08 010|1110100|001000100100|11110101001110
09 110|1100101|000010000101|01100001011101
0a 001|1110100|000001101000|01001000010010
0b 001|1110010|000001010110|01100011011001
0c 110|1110010|000110001010|11011001110110
0d 000|1100101|001001010001|01101001000100
0e 111|1100110|000100101010|11101111011010
0f 111|1100110|001100100010|11101111001010
10 111|0010100|001010000000|00100011110000
11 000|1110011|000000110010|01010101001101
12 000|1100011|000111011110|10100101010111
13 111|1110000|001000111110|10101101010001
14 111|1100011|000111101101|10010111100010
15 000|1100011|000110101101|10011000001101
16 111|0010010|000111101001|00010001010010
17 000|1110001|000001011000|10000000110110
18 000|1110011|001011001010|01001111010110
19 000|1100011|000110111010|10111000101001
1a 000|1110100|000101100110|11111100010010
BX = 110 Event : 7
00 011|0011111|000110101110|00010000111000
01 100|0100010|001010111101|00101001000000
02 100|1110011|000011000101|11101100000101
03 011|1100100|000111000111|11000000100001
04 011|1110000|001111101100|10101010100011
05 011|1110000|001010101110|10010010111011
06 011|1110000|001100110000|10110000010101
07 010|1100100|000100100100|01111011101010
08 010|0100001|001100111101|00100101100100
09 010|0100001|001101000101|00100110010111
0a 101|0100001|001111100101|00100010000000
0b 010|1100110|001110000010|01010110001000
0c 010|1100100|001111111011|11000001001001
0d 001|0100000|001010110000|00011011100101
0e 001|0010011|001011100100|00011011111011
0f 110|1110101|000111111110|01000010011100
10 001|0010100|001110101110|00100011111111
11 110|1110011|001010110000|01011000000001
12 110|1100100|001011011100|01110010011011
13 110|1110100|001011001010|11110011101001
14 110|1100011|001110001100|10100011101110
15 000|1110101|001111000011|00111001010101
16 111|1100011|000010010111|10011001100101
17 111|1110000|001111011111|10010101111000
18 000|1110101|001010100001|01000010010100
19 111|1100011|000000011001|10010110001101
1a 111|1100111|001001000111|11111000010101
1b 111|1101000|000100010000|00111100111101
1c 000|1110000|000011100110|10110101100000
1d 111|1110011|000001000100|01010100011110
1e 111|1100110|001110100110|01010101101000
1f 111|1100011|001101110101|10011011000101
20 000|1100100|000110111101|11000000111001
21 111|1110100|001101110000|01000101101110
22 000|0010100|001110100001|00011111101010
23 111|1110010|001010011001|01011111000111
24 111|1110101|001000110110|01000010001100
25 111|1110101|000100010000|00111110010011
26 000|1100011|001011101001|10110000110000
27 000|1110011|001010111010|11101101000011
BX = 111 Event : 8
00 100|0010010|001001110011|00001101110001
01 011|1110101|001111001000|00111100110110
02 011|1110001|000011111011|01110011000110
03 011|1100111|000011000001|01000100100000
04 100|1110010|001011010010|11100011001010
05 100|0010011|000100011111|00011011000111
06 010|1100100|000101011101|01111110101011
07 010|1100011|001011111001|10111001011001
08 101|1110011|000001100011|11101001111000
09 010|1100011|000000010100|10001011011011
0a 110|1110001|000111111110|01101110001011
0b 111|1100011|001011110011|10011101000110
0c 000|1110000|000110010111|10001011010011
0d 000|0100000|000001101010|00011001111110
0e 000|0010001|001100000000|00000101001101
0f 111|0100010|000011111011|00101011001011
10 111|1110001|001000001000|10111110111110
11 000|1110000|001011000000|10011100100001
12 000|0100000|000110011111|00011010101010
13 111|1100101|000111100001|01011101111110
14 111|1101000|001001101011|00111101100101
15 111|1100011|000111101001|10001101011100
16 111|1100110|000100011010|01010011011001
BX = 000 Event : 9
00 011|1110000|000111111110|10011101010001
01 100|1100011|001100010111|10101100001111
02 011|1110001|000100010010|11001010000010
03 100|1100111|000000100000|11111010101100
04 010|1110101|001000000011|00111100010111
05 010|1100110|000100111110|01010110101000
06 010|1100100|000011000011|11001111011001
07 010|1110011|001011001010|11101111000000
08 010|1110001|001100110011|01110001101111
09 001|1110010|001000000000|01011011110011
0a 001|1110110|000110011111|00110010001011
0b 001|1110010|001000001000|01100110010101
0c 110|1110010|000100000000|11011000001001
0d 000|1110001|001000000101|01101100101101
0e 000|0010011|001001001111|00010101011000
0f 111|1100101|001011101100|01100111010100
10 111|1100101|000010101100|01100110111100
11 111|1110000|000000101010|10010111000111
12 111|1110000|001000100100|10110000000110
13 000|0010100|001110000000|00100000000001
14 000|1100100|000101000001|11001000111001
15 000|1100011|000100111110|10010100000100
16 111|1100101|000111000010|11011111111111
17 111|1100111|000101001011|11110111111110
18 111|1110000|001101011110|10001001011101
19 111|1100100|001111111101|10111100111001
1a 000|0100000|000110000000|00011010111001
1b 000|0010001|001011011100|00000000000010
1c 111|1110010|001000101001|01011110001000
BX = 001 Event : 10
00 011|0100010|001000010101|00101011101000
01 100|1100011|000101011101|10110111001000
02 011|1101010|000111110000|00101011000110
03 011|1101000|001100001000|00111111101011
04 010|1100100|000110101000|01101101011011
05 101|0011111|000111111011|00001110110011
06 101|0010010|000111110011|00001110011110
07 110|1110001|000011101001|01111011111011
08 001|1110010|000101110101|01011011000101
09 001|1110001|000100000000|11001001011010
0a 001|0010100|000111000111|00100010000111
0b 001|1101010|000000100000|00101110100010
0c 000|1100011|001001111010|10100100000111
0d 111|1100101|000110111111|01100101110100
0e 111|1100111|000111000111|01001001111101
0f 111|1100011|000010101001|10110011110000
10 111|1100100|001001110000|11001100111001
11 000|1110101|000000110010|01000001101101
12 111|1100100|000101010101|11001010111001
13 000|0100001|001101101011|00100000110111
14 000|0010100|001101100110|00100010000111
15 111|1100011|001100010010|10100111100111
16 000|1100011|000100110100|10011111011110
17 000|1100011|001110110110|10100000101110
18 111|1100011|000111010001|10001010100011
BX = 010 Event : 11
00 011|0011111|000101101001|00010100000110
01 011|1100011|000100110001|10010000011100
02 011|1110000|001111110010|10010100010010
03 011|1110000|001101110011|10101111101110
04 101|0011111|000110000000|00010011111111
05 010|1100100|000000001110|10111011001001
06 101|0010100|000010011100|00100010001110
07 001|1100011|001001111000|10010001110100
08 000|1110000|001010011001|10001111011111
09 000|1110101|000011111011|11111111100101
0a 000|0100000|000110001010|00010111101011
0b 000|0100010|001111110100|00101001000000
0c 111|1110001|001010111000|01101011000111
BX = 011 Event : 12
00 011|1110100|001100110101|11111001010000
01 011|1110001|001111011111|01111100000011
02 011|1100100|001101111010|01110100010011
03 011|1100100|000111101011|01110111100010
04 010|0100001|000000101111|00100111000011
05 010|1110000|001101101001|10001001011101
06 010|1100011|000110111101|10110110111001
07 010|1110011|001101100100|01010010000010
08 101|1100101|000100101100|01100111000100
09 001|0010001|000011000001|00000011101011
0a 001|1100100|000101010011|11000111101001
0b 110|1100100|000110101000|01110111010011
0c 001|1100100|001101111000|11010000011001
0d 111|1100011|001100011010|10001000011011
0e 111|1110000|001111001011|10100001011100
0f 000|1110000|000110001101|10100000111101
10 111|1110001|001111110100|01111000000000
11 000|1110001|000110101110|01111011110011
12 000|1100100|001010000101|10111111100001
13 000|1100111|000110111010|11110101101111
14 000|1100011|000010100010|10100110110111
15 000|1100011|000101010000|10101000101111
16 000|0100001|001111001000|00100000101000
17 000|0011110|000011100110|00000110010001
18 000|1110010|000110011001|11100010101010
BX = 100 Event : 13
00 100|0010100|001001110000|00100101011111
01 100|1110001|000110100001|11001100110110
02 100|0100000|001011000010|00011101110000
03 011|1110100|001011010111|01000100000001
04 011|1110101|000000101111|01000001111101
05 011|1101000|000110101101|01000001011010
06 101|0010101|001011010111|00101110001110
07 101|1100110|001110101011|11101101100010
08 101|1100110|001011110001|11101101011010
09 101|1100110|000100101111|11101100010011
0a 101|1100110|000100100100|11101100010011
0b 010|0010011|000111110011|00010111111101
0c 101|1101010|001011110001|00101110011010
0d 001|1110101|000110110001|01000001010110
0e 001|0010011|000001111000|00011111001100
0f 001|1100100|000111010001|11001100001001
10 001|1100100|000110101011|11001100111001
11 111|0010010|001100000011|00001110101101
12 111|1100100|001110110011|10000100010011
13 000|0100000|001000010111|00010111000110
14 111|1100110|000111000101|11101100011011
15 111|1100110|000101001000|11101100001011
16 000|0011110|000001001100|00000001110000
17 111|1100101|000101001000|01100001100101
18 111|1100100|001001001100|11001011001001
19 111|0010011|000111011100|00011011000111
1a 111|1110001|001111111001|11001001100010
1b 000|1110000|000011011111|10101100010010
1c 000|1110000|001101100001|10101100010010
1d 000|1110011|001000011101|11101000111010
1e 000|0011111|001000101100|00001101011011
1f 111|0011111|001000100100|00010000110000
20 000|1110011|001000100100|11101100001101
21 000|0100010|001011010111|00101101100101
22 000|0010101|001001011001|00101101010011
23 111|1110000|001000111110|10011110100111
24 111|1100100|001011010111|01110011101011
25 000|1100100|000101011010|10111100100110
BX = 101 Event : 14
00 011|1100101|000010000101|11010110111000
01 011|1100011|001110110110|10001110101100
02 011|1110100|001111001011|11111100001011
03 011|1110000|001000110001|10010100111001
04 010|1100110|001101110101|11101000100100
05 010|1100011|000101001000|10100001110110
06 101|0010010|000010001010|00001011100010
07 001|1100110|001011111110|01010111110111
08 001|1110001|001011011100|11000111001101
09 001|1100100|001001010001|01111000011011
0a 001|0010001|000010011111|00000110000001
0b 110|1100100|001011100001|11000111000001
0c 110|0010011|001110000000|00010111111101
0d 110|1100011|000010010000|10100110100111
0e 000|1110000|001011100001|10111001010100
0f 111|0010100|000111010111|00100110011011
10 111|1110110|000000110111|00110011110000
11 111|1100011|000001110110|10011101011110
12 000|1100100|001110101110|01110001011011
13 000|1100100|000010110100|01110110010011
14 000|1100101|001110000101|01011100010110
15 111|1100101|000111110011|01011110010110
16 111|1100100|000000101000|11000100110001
17 111|1100011|000010011111|10101010000111
18 111|1100111|001011111110|11111000010101
19 111|1110011|000011011010|01010101000101
1a 111|1100100|000111001100|10111110101001
1b 111|1110000|000100000011|10100000101101
1c 111|1110000|000011011010|10100000101101
1d 111|1110000|000001110111|10011110110111
1e 111|1110111|001000010000|00101101111100
1f 111|1110010|000110011111|01100010011010
20 000|0010001|000001110110|00000011000101
21 111|1110011|001000010111|01011000001001
22 000|1110011|001010111101|11101010111111
23 000|1110001|000001001001|11010011101110
BX = 110 Event : 15
00 100|1110000|001010111010|10110110110111
01 100|1101000|001101111101|11111110100010
02 010|1110011|001101100110|11100111111011
03 010|1100110|001010000000|01001110011011
04 101|1110000|001111011010|10000101001001
05 010|1100101|001010001010|01101011010011
06 001|0011110|001000001011|00000000000001
07 001|1110011|000100010000|11100111111011
08 110|1110000|001010111101|10001010110011
09 000|1100101|000011000001|01101001111100
0a 111|1110000|001000011010|10011001001101
0b 000|1100111|001110001111|01000011001001
0c 111|1100111|000111001111|01000011000001
0d 000|1100011|000010010010|10011001111101
0e 000|1110011|001000001000|11101101011011
0f 111|1100111|001110011110|01001101111011
10 000|1110010|001000100010|11011001011111
11 000|1100101|001110001010|11100011110110
BX = 111 Event : 16
00 011|1110100|000110000111|11110111000011
01 011|1110101|000000101000|00111101111100
02 100|0010100|001110010111|00100000100110
03 011|1101000|001110110000|01000010010010
04 100|1110000|001000011111|10101100100001
05 010|1100011|000110111101|10111001010001
06 010|1100110|001100010101|11101111011010
07 101|0010100|001111111000|00100111011110
08 101|1110010|001101011100|01100101111110
09 010|1100100|000101011000|11000000001001
0a 001|1110001|001000100100|11000111111100
0b 001|1110010|001101110110|01100110010101
0c 111|1100100|000010100111|10111101001001
0d 000|1100011|001001110101|10100010110110
0e 000|1100101|000010110110|11011100100111
0f 000|1110101|001111000011|01000001011101
10 111|1100100|000110110000|11001010001001
11 000|0011110|001011001111|00001000101100
12 111|1110010|000111111110|11011111110110
13 111|0010101|000100111001|00101110110011
14 000|1100100|000100110001|11001010101001
15 000|1110100|000001000100|01001001000000
16 000|1110011|000001010011|11100111110011
17 111|1110000|001100101110|10101000011101
18 111|1100100|000101000001|01111111101011
BX = 000 Event : 17
00 011|1110001|001000010010|01111101100010
01 011|1100111|001011101001|01000011101001
02 011|1100100|000100100111|01110111100010
03 101|1100111|001100011010|11111000100101
04 101|1100011|001001100001|10111000100001
05 101|1110011|001111011000|11101000101010
06 010|1110000|000000101010|10001100100010
07 110|1110000|001111011111|10011000100101
08 001|1100101|001011010111|11011100110111
09 110|0010011|000101001110|00011110001001
0a 110|1110010|000000101111|11011111000111
0b 001|1100111|001100001011|01000111001111
0c 000|1110010|000011001101|11011000011000
0d 000|1110000|001101011100|10101100101001
0e 000|1110100|001111011010|01000110000101
0f 000|0010100|000010011100|00100010101100
10 000|1101010|000101000001|00101101110011
11 000|1100100|000111011100|10000000110011
12 000|0010011|001011100001|00010101101110
13 000|0100000|000001110010|00011001010010
14 111|1100100|000001110110|01111100111011
15 000|1100110|000000001110|11100100111101
BX = 001 Event : 18
00 011|1110000|001011011110|10100101011001
01 011|1100100|001001011001|11000001110001
02 011|1100101|000000000010|11011101101111
03 011|0010001|001001100011|00000000011000
04 010|1110000|001000000011|10110010010011
05 101|1100101|001011010101|11011000101000
06 110|1110010|000011111000|01100010000011
07 001|1100011|001110001010|10101001001111
08 001|1110010|001010011011|11100100110000
09 001|1110001|001010101000|11010000110010
0a 001|1100100|001100011101|11010000011001
0b 000|1101000|001110001010|00111100110101
0c 000|1110001|000110100001|11010001111000
0d 000|1110000|001011000010|10111001011100
0e 111|1100101|000111010100|01101011010011
0f 111|1110010|001000100111|01101001111001
10 111|1110110|000101100110|00110011110000
11 000|1100100|001010000101|11000010001001
12 111|1110000|001010011110|10010101100000
13 111|1110101|001100111101|00111101101100
14 000|1100011|000000100011|10110010001000
15 000|1100101|001110100001|11010100011001
BX = 010 Event : 19
00 011|1110000|000011101100|10000110110000
01 100|1100011|001001100110|10110010010000
02 101|1110001|000100010010|11010010110111
03 101|1100111|000111011100|01001100111100
04 010|0010101|000101001000|00101111111110
05 110|0011110|000000111100|00000101010101
06 001|1110010|000110011100|01011010100101
07 001|1110001|001010101011|01110110001010
08 001|0100001|001011010100|00100110001001
09 001|1101001|000101000110|00110001111111
0a 111|0011111|001111111110|00001110011101
0b 000|1100101|000100110001|11011010011000
0c 111|1100100|001101110011|01111100101011
0d 111|1110010|000001011000|01100000010101
0e 000|1100100|000001110011|01111110010011
0f 111|1100101|000001111011|01101000011100
10 111|1100111|001110001100|01000111000111
BX = 011 Event : 20
00 011|1100110|000111011110|11110000111001
01 011|1100100|001011100111|10111110101001
02 011|1100100|000100110110|10111110111001
03 011|1100101|000000001100|11011010101000
04 011|1100110|000111011100|01011010010111
05 010|1110100|000101101110|01001000010010
06 010|1110110|001000010111|00110111010001
07 101|1100111|000010001101|01001101100100
08 101|1110100|000100010000|01001100110010
09 101|1110001|001011011110|10111110110100
0a 010|1110001|000001000100|01101111110001
0b 101|1110001|001101000101|10000000011110
0c 101|1100111|000100010010|01001011010101
0d 001|1110001|000110001111|01111000001111
0e 001|1110101|000011011111|11111110111110
0f 001|0010100|000011000001|00100010111011
10 001|1110010|000001001100|01100100010000
11 000|1110000|001101000101|10100000010110
12 111|1110010|000110100001|01100111110011
13 000|1100011|001101111101|10100100100111
14 111|1100100|001010000010|11001111010001
15 000|1100100|000100110110|11000000110001
16 111|1110111|000110000000|00101011111001
17 111|1110010|001000101111|01011100111010
18 111|1110001|000101101110|01110011100101
19 000|1100101|000111101110|01100101000100
1a 000|1100111|001001001001|01001110001011
1b 000|1110000|001011000101|10000011100011
1c 000|1101000|000101010100|01000010101111
1d 000|1100011|000001110011|10100010011110
1e 111|1110100|001010110011|01001001011000
1f 111|1101010|001001101101|00101001001000
BX = 100 Event : 21
00 011|1100111|001010001100|11110100111111
01 011|0010011|000110111010|00011110111101
02 010|1110001|001111111100|01101110001011
03 001|1110100|000110000101|11111001111110
04 001|0010100|001100010010|00100001000100
05 001|1110110|000101100011|00110000101110
06 111|1100101|001001100110|11100001111110
07 000|1100011|000111001100|10010110011101
08 111|1101000|001100000101|00111111010100
BX = 101 Event : 22
00 011|1100011|000010100100|10001110011100
01 011|1100101|001110001100|11100000011111
02 011|0011110|000101111000|00000101000111
03 100|1110000|000011110011|10101001111100
04 010|1100011|000010010010|10011010011101
05 010|1110001|001011011001|11010000110010
06 001|1100101|000101010011|01011011100110
07 110|1110010|000011100100|11100000000110
08 001|1100111|001110101110|01001001101101
09 000|1100011|000010010101|10000111101011
0a 111|1110010|001101101011|01100111011100
0b 111|1100111|000010111001|01001011001101
0c 111|0010001|000010011010|00000110100111
0d 000|1100101|000010110100|01011101100110
0e 000|1101000|000101010011|11111111000001
0f 111|1100011|000010001010|10001111011100
10 000|1100100|001011010101|11010001111001
11 000|0010011|000010110100|00011000101010
12 000|1110100|000110000101|11111000011001
13 000|1100100|001110011100|11010001001001
BX = 110 Event : 23
00 011|1110011|000110000000|11110000111101
01 100|1100100|001101110101|11010010100001
02 011|1110010|001000110001|01100111000100
03 011|0010101|001000111111|00101110101100
04 100|0100001|001010111000|00011111111100
05 010|1100100|001001001001|01110100000011
06 101|0011111|001111111001|00001011100100
07 010|1110100|001000100010|11110011100001
08 001|1110000|000110101110|10110000000110
09 110|1110001|001111111100|01110011111100
0a 000|1110011|000110100001|11101110010001
0b 000|1110000|000110001101|10100010001100
0c 111|1110110|001101000010|00110010001011
0d 000|1100100|000111101110|10111101000001
0e 111|0010001|001011011010|00001000100110
0f 111|1100111|000010010000|01001011100100
10 000|1110001|000011011111|11000010110010
11 111|1100100|000111101001|01111101100011
12 000|0010100|001001011001|00100000010000
13 000|1100100|000001111110|11001000101001
14 000|1110001|001101110011|01111011111011
15 000|1110000|001101100001|10110111101110
16 000|1100100|000111011100|11010001011001
17 000|1100110|000101010011|11101100011011
18 000|1100011|000010000011|10111010011001
19 111|1110001|001111000110|01111011011100
1a 111|1110100|000110010111|01000101000111
1b 000|1110000|000110010111|10101100010010
1c 111|1110001|001001001011|01110101000011
1d 111|1110000|001100110101|10001011010011
BX = 111 Event : 24
00 011|1100111|001010001100|11110100111111
01 010|1110000|000110000000|10100011011010
02 001|1110100|000110000101|11111001111110
03 001|0010011|000101010101|00011101111010
04 110|1110010|001010100011|11100010100011
05 001|1110110|000101100011|00110000101110
06 000|0010100|001100010010|00100001000100
07 111|1100101|001001100110|11100001111110
08 000|0010011|000100011010|00011110001001
09 111|1100111|000010010010|01000101100000
0a 111|1101000|001100000101|00111111010100
0b 111|1110001|001011011100|01101111111001
0c 111|1110001|001010010110|01101111111001
BX = 000 Event : 25
00 011|0010011|000100110110|00010111000001
01 011|1100011|000010100100|10001110011100
02 011|1110010|000001001100|11100001011100
03 011|0011110|000101111000|00000101000111
04 011|1100011|001011110001|10101111011000
05 010|1100011|000010010010|10011010011101
06 101|1110000|001011010111|10100011001011
07 010|1100011|001011011100|10001001000011
08 001|1100101|000101010011|01011011100110
09 001|1100011|001011100001|10010001101100
0a 110|1110010|000011100100|11100000000110
0b 001|1100111|001110101110|01001001100101
0c 000|1110011|000001010011|11110010000011
0d 111|0010001|000010011010|00000110100111
0e 000|1100111|000101001011|11111001101101
0f 111|1110000|000110100100|10101110000000
10 111|1100011|001001110011|10010100010101
11 000|1100101|000010110100|01011101100110
12 111|1100011|000010001010|10001111011100
13 111|1110001|001101011001|01101110010011
14 000|1100101|000101001011|11010101100000
15 000|1100111|000101001110|11110010100000
16 000|0010011|000010110100|00011000101010
17 111|1110010|001011010100|01100010110010
18 000|0010001|000010000011|00000111010100
19 000|0011111|001011000101|00001011100100
1a 000|1110011|000000110100|11101111100000
BX = 001 Event : 26
00 011|1100111|001010001010|01000110010111
01 011|1101000|001101111010|01000000110011
02 011|1110100|001101100110|11111011111011
03 011|1101000|001100001000|11111101100010
04 011|1110001|000101100110|11001011110000
05 010|1100111|001011011111|01000111100111
06 101|0011111|001000111011|00010100101011
07 101|1100111|001110010111|11110011101000
08 101|1100101|000010011111|11010111100000
09 010|0011111|001000011111|00010001110011
0a 010|1110010|000100010101|11010111111001
0b 001|1110010|000001001100|11100000110101
0c 110|1100011|001001001100|10110000000000
0d 110|1100101|001101101000|01011110000110
0e 001|1100101|001011110001|01011101111110
0f 001|1100101|001110000000|01011110011110
10 001|1100101|001011111001|01011111011101
11 110|0100000|001101110011|00010110110000
12 110|1110000|000001001110|10001100101001
13 001|1100110|000111011110|11101001010100
14 001|1100101|001001101011|01100110101100
15 000|1100110|001100010000|11101110101010
16 111|1110000|000011011010|10110110101111
17 111|1110011|001000011101|11101001100001
18 000|1110001|001111110111|01110001001000
19 000|1100100|001111111101|01110010000011
1a 000|1100101|000000100011|11011100100111
1b 000|1110001|001111010011|01111001100110
1c 111|1110010|000001000110|11011111110110
1d 111|0010011|001101110000|00010101101110
1e 111|0011111|001111110100|00010010011000
1f 111|1100100|000000100000|11000011101001
20 111|1100101|000110111101|11011001101000
21 000|1100100|000100100010|10111111011001
22 000|1110000|001000100010|10101100000010
BX = 010 Event : 27
00 011|0010011|000110111101|00010110101010
01 100|1110000|000000111100|10101100010010
02 100|1100101|000000011001|11100000000111
03 010|1110100|001101111011|01000111100011
04 010|0100000|000100000101|00010111101011
05 010|1100011|000010001010|10100100111111
06 010|1110101|001101110011|00111100111110
07 101|1110001|000000101010|01111110110000
08 001|1110001|001011000000|11000110001110
09 110|0010011|000111101001|00011011011101
0a 110|1100011|000000011011|10101101100000
0b 001|1100111|001110001111|01000100111000
0c 000|1100011|000010000000|10111010000001
0d 111|1110000|001010111010|10011000111101
0e 000|0011110|000000111100|00000010001110
0f 111|1110010|001011011110|01011111000111
10 000|1100111|001110000010|01001000011110
11 000|1100100|000010010101|10000000110011
12 000|1110000|001100110101|10011100111001
13 000|0010011|001011011111|00011100110111
14 111|1100100|000010111110|01111100011011
BX = 011 Event : 28
00 011|1110000|001000101001|10100010100011
01 011|1110000|001111110100|10100100110001
02 100|0010001|000010000101|00000111101010
03 011|1110001|000101101001|11000011011001
04 100|0010011|001011101110|00011110011000
05 100|1100101|000100101100|11100011001110
06 011|1101000|000100111110|01000010110001
07 010|1110100|001000011101|01001100111010
08 010|1100100|001001110011|01101110100011
09 010|1100100|000110111000|10111100111001
0a 001|1110001|000000110100|11000011010001
0b 110|1110111|001000000000|00101011101001
0c 001|1110110|001111100101|00110001001101
0d 001|1110000|001000000101|10011011011011
0e 110|1101001|000111101001|00111000011001
0f 000|1110000|000000101010|10001100101001
10 000|1100100|000100110110|01110010100011
11 111|1100011|000111000010|10010010101100
12 000|1100011|000000001100|10101111001000
13 111|1110000|001000100010|10101010000100
14 000|1100011|001100001101|10110101111000
15 000|0011110|000000110100|00000010000110
16 111|1100011|001010001100|10010111001101
17 000|1100110|000010101111|11100111011101
BX = 100 Event : 29
00 011|1100011|000111110101|10011111000110
01 100|1100011|000010001010|10110011000000
02 011|1110000|000000101000|10010110111111
03 100|0010011|000101010011|00011101101011
04 010|1100011|000010110110|10110011001000
05 010|1100100|000101011011|11010001111001
06 101|0011111|000110011100|00001111010001
07 010|0010011|001100010101|00010101000010
08 101|1110000|000001100101|10110111001110
09 110|1110100|000011110011|01000110110100
0a 001|1110011|001100111101|11101011000110
0b 000|0011111|000100010101|00010001100100
0c 000|0100000|000101110011|00010101110101
0d 111|0010100|000000011001|00100100001101
0e 111|1110000|000001100101|10011100110001
0f 111|1110001|001010011110|10000001101101
10 000|0100000|000011100001|00010111110010
11 111|1110001|000000101010|01111111100111
12 000|1100101|000111110011|11011011011000
13 111|1110010|001010010100|11011111110110
14 111|0010101|000111011001|00101111110110
15 111|1100011|000100100100|10101010000111
16 000|1110011|001111100111|11101100101100
17 111|1101010|001110101110|00101100000100
18 000|1100100|000111101110|11001110111001
19 111|1110001|001000111011|01101101000101
1a 000|1110001|001111100111|11010011011110
BX = 101 Event : 30
00 011|1100101|000010000101|11010110111000
01 011|1100011|001110110110|10001110101100
02 011|1110100|001111001011|11111100001011
03 011|1110000|001000110001|10010101000001
04 010|1100110|001101110101|11101000100100
05 001|1100110|001011111110|01010111110111
06 001|1110001|001011011100|11000111001101
07 110|1100100|001001111010|01111000101011
08 001|1100100|001001010001|01111000011011
09 001|0010001|000010011111|00000110000001
0a 110|1100100|001011100001|11000111000001
0b 110|0010011|001110000000|00010111111101
0c 110|1100011|000010010000|10100110100111
0d 110|1100011|000111010100|10001001000011
0e 000|1110000|001011100001|10111001010100
0f 111|0010100|000111010111|00100110011011
10 111|0010010|000010001010|00001011100010
11 111|1100011|000001110110|10011101011110
12 111|0010100|001011011111|00100000110101
13 000|1100100|001110101110|01110001011011
14 000|1100100|000010110100|01110110010011
15 111|1110000|000001110111|10101110000000
16 111|1100101|000111110011|01011110010110
17 111|1100100|000000101000|11000100110001
18 111|1100011|000010011111|10101010000111
19 111|1100111|001011111110|11111000010101
1a 000|1100100|000111011110|01111100010011
1b 111|1100100|000111001100|10111110101001
1c 111|1110000|000100000011|10100000101101
1d 111|1110111|001000010000|00101101111100
1e 111|1110010|000110011111|01100010011010
1f 000|0010001|000001110110|00000011000101
20 111|1110011|001000010111|01011000001001
21 000|1110011|001010111101|11101010111111
22 111|1110011|000011011010|01010101000101
BX = 110 Event : 31
00 011|0010010|001011111001|00010000000111
01 100|1110000|000001000001|10111010011011
02 011|1101001|001001000111|00110011101101
03 011|1110010|001010010100|01100110001101
04 100|1110000|000001001110|10110101101000
05 011|1110010|001111110100|01100100011000
06 011|1110001|000011000101|01110001010000
07 011|0100000|001000101100|00011000001000
08 100|1110010|000000111111|11100100110000
09 011|1110001|001100111101|01111001011110
0a 011|1100101|000010011010|11100100100101
0b 010|1110000|000001011110|10110001100100
0c 010|1100100|000000100011|01111100000010
0d 010|1100110|000010101100|01010101100000
0e 101|1110000|000001100101|10100000000110
0f 010|1110001|000011010100|01110001011000
10 110|1110101|000001110101|11111111001101
11 001|1100100|000010011010|11000101000001
12 001|0010001|001001011011|00000010011000
13 001|1110001|001101110110|01111000101111
14 001|1110101|000001011000|11111110101110
15 001|1110000|000001001100|10010110111111
16 001|0011111|000011101110|00001011000111
17 001|1100100|000000010110|01111101111011
18 001|1110010|001011000111|01100110011101
19 001|1110110|001001001000|00110011011001
1a 001|1100111|001011101100|01001101101011
1b 000|0010010|001100000000|00010100110011
1c 000|1100110|001100001101|01010100100001
1d 000|1100100|001010000111|10111111010001
1e 111|1100101|001010000111|01100010011101
1f 000|0010001|001001001001|00000010100000
20 111|0010001|001010000010|00000001111010
21 000|0010100|000111000111|00011111110010
22 111|0010101|001110100110|00101110010110
23 000|1110000|000110001101|10010111100110
24 000|1110010|001101111011|01100100100111
25 000|1101001|001011110110|00110000011000
26 111|1110011|000100000101|01010101110100
27 000|1110000|000000110100|10011100001010
28 000|0010011|001001111000|00010111011111
29 111|1110100|001010111010|01001011111100
2a 111|1110000|000001001100|10010011111010
BX = 111 Event : 32
00 011|1100100|001000111101|10111011101001
01 100|1100110|001011011010|11101001000100
02 011|1101000|000111000111|01000001010010
03 100|0011110|000100000011|00000001111111
04 011|1110001|001101100100|01111010101101
05 010|1110001|000011111000|01110001100111
06 010|0100001|000000110100|00100110100110
07 101|0010101|000110111111|00101110000111
08 010|1100011|000010100111|10011010110101
09 101|0010101|000111101001|00101101110000
0a 101|0010101|000111010001|00101101110000
0b 010|0010100|000000100000|00100111101101
0c 010|1100011|001011011010|10110111110001
0d 010|0010101|000110101011|00101101111111
0e 010|1110011|000100000101|01010111001010
0f 110|1100101|000111101001|01011110111101
10 110|0010101|000110101101|00101110101100
11 001|1110000|001011011001|10110111001110
12 110|0010101|000100101111|00101010010001
13 000|1110000|001111100101|10111000101101
14 111|1100111|000111110101|01001100111100
15 111|1100100|000101000011|10000001101011
16 111|0010001|001011101001|00000010010001
17 000|1110000|000001000110|10101110110111
18 000|1100100|000100101111|11010000110001
19 111|1110101|001011001111|01000000011000
1a 000|1100100|000010101001|11010001001001
BX = 000 Event : 33
00 011|1110010|001000010010|01100101110110
01 011|1100101|001011110011|11011011110000
02 011|1100100|000000001001|01110101110010
03 100|1100101|000010000101|11100000001111
04 011|1110001|001001000011|01111011001100
05 010|0011111|001011011100|00010011001011
06 101|1100100|001101111000|01111111110011
07 001|0010001|001110010111|00000101011100
08 110|1101000|000010000101|01000000000011
09 110|1110001|000001010110|10111110100111
0a 001|1101001|001010001010|00110011111101
0b 000|1110000|000100000101|10011110001000
0c 000|1100100|001001000010|01111100000010
0d 000|1110001|000001110101|11010010001000
0e 111|1110000|000101101110|10111011111001
0f 111|1100101|001101110000|01101011010011
10 000|1110100|000110101110|11111001011111
11 000|1110010|001111100111|11011111111110
12 111|1110000|001101000111|10001110000000
BX = 001 Event : 34
00 011|1110110|000111111011|00110101000101
01 011|1100111|001010000010|01001110000011
02 100|1100011|000111001111|10111000110001
03 011|1100101|000001111110|11011000110000
04 100|1110011|000011001101|11101011110101
05 100|0011111|000100000000|00001011100100
06 011|1110000|000011101110|10100100110001
07 100|1110000|000110101110|10110100111001
08 100|1110000|001000010111|10101110010111
09 100|1110100|000101111000|11111010011110
0a 100|0010011|000010101001|00011000110001
0b 101|0010011|000100010000|00010111010111
0c 101|0100010|001111110111|00101011110111
0d 010|1100100|000100110100|01101100110011
0e 010|1101001|001001001111|00110101110011
0f 010|1110001|000011011100|01101111011010
10 010|1100100|000100111100|01110001100011
11 001|1100011|000100010000|10101101110000
12 110|1100110|000000011110|01011010001111
13 001|0010100|000000000111|00100011110111
14 001|1101010|000110111101|00101110010010
15 001|0011111|000110001010|00001101011011
16 111|1110000|000011101110|10111011101010
17 111|1100100|000100101111|01101100000011
18 111|1101001|000111100001|00110110001011
19 111|1110001|000001110111|11010011101110
1a 000|1100100|001101111101|11000000011001
1b 000|1110000|000100001101|10101101001001
1c 000|0010100|000111101001|00100100100100
1d 000|1100011|000100110001|10010101101101
1e 111|1110001|001000010000|01110010000111
1f 111|1110100|001011011110|11110010110010
20 111|1110010|001010011110|11010110100011
21 000|1110010|000001011110|11011001111110
22 000|0011110|001000000101|00000000110101
23 000|1110010|000001101000|11011110101000
24 111|1101000|001100000101|00111011111110
BX = 010 Event : 35
00 011|1110010|001000000101|01011011000101
01 101|1110000|000110010100|10101001010101
02 010|1110000|001011011001|10011011110010
03 010|1100111|000100111001|01001101001100
04 110|1100101|001000111101|01100010110101
05 001|1100110|001001000100|01011001110111
06 110|1110000|000101111011|10101101000001
07 001|1110001|001010101011|11001110110100
08 001|1110010|000011000101|01100110010101
09 000|0010011|000111001111|00011001000000
0a 111|1100110|001001110101|11101000011100
0b 000|1110010|001000101100|01100000000110
0c 000|1100101|000111010001|01100010000101
0d 111|1100011|000101001011|10100010101110
0e 000|1110001|000101100001|11001011011000
BX = 011 Event : 36
00 011|1100110|000101010000|11110000111001
01 100|1110011|001111111001|11101010011111
02 100|1100110|001111111000|11101010011100
03 100|1110011|001100101110|11101001011001
04 011|1101000|001110000000|11111110011010
05 011|1110101|001011100001|11111111101100
06 010|1110011|000001010011|01001110001000
07 101|1110011|000011111011|11101010010111
08 110|1110100|001000111011|01000100111000
09 001|1110100|001100110101|01001010100110
0a 001|0010101|000110111111|00101010101111
0b 000|1100101|000010100010|01101000100100
0c 111|1110011|000011011100|11101110100001
0d 111|1110010|001000001101|01100101011110
0e 000|1101000|000100011010|00111101000101
0f 111|1110101|001010011011|11111111010101
10 000|1100111|000100111110|11111011010100
11 111|1110010|000001000110|01011110010000
12 000|1110011|000110000000|11101000010010
13 111|1110001|001111001000|01110000000001
14 111|1100100|001110001100|10111101110001
15 111|1110110|000101100001|00110011011001
16 111|1110110|001101110000|00110001111100
17 111|1110000|000011110001|10000010011100
18 111|1110000|000001000110|10011000110101
19 111|1100100|000100101100|01111101011011
1a 111|1100111|001010001010|01000111011111
1b 111|1100111|000100111001|01000110000111
1c 111|1100100|000100100111|01111011101010
1d 111|1100101|001001011001|01011101000110
BX = 100 Event : 37
00 100|1110000|000101111000|10111000000101
01 011|0010010|000100101111|00010100101011
02 011|1110001|001101000111|01101111011010
03 011|1100011|001100001101|10101010101111
04 011|0100000|001011100100|00011011110011
05 100|0100000|000101110101|00011000110100
06 010|1100110|001011110001|11101000010100
07 101|0011111|001000100111|00001110101100
08 101|1110010|001101000111|01100110100101
09 001|1100111|000010100100|11111001001101
0a 110|1110100|000100000000|11111010000110
0b 110|1110100|001100101011|11110101100110
0c 001|1110010|001101010100|01100110111100
0d 111|1110001|000101100001|01101100001110
0e 000|1100011|001001100001|10001011101011
0f 111|1110010|001010111010|01011111000111
10 111|1110100|001101011110|11110101011110
11 000|1100110|000110111010|11101001011100
12 111|1100101|001001011001|11011001100000
13 111|1110100|001111111001|01001010011110
14 000|0100001|000011001101|00100011110110
15 111|1101000|001110010010|00111011110110
BX = 101 Event : 38
00 011|1100111|001110010111|11110011101000
01 011|1110100|001101100110|11111011111011
02 011|1101000|001100001000|11111101100010
03 011|1110001|000101100110|11001011110000
04 010|1101000|000111100011|00111110101100
05 010|1100111|001011011111|01000111100111
06 010|0011111|001000011111|00010001110011
07 101|0010010|000100100010|00001101010011
08 010|1110011|001000000000|01010111110001
09 110|1100011|001001001100|10110000000000
0a 110|1100101|000111101110|11100001010110
0b 110|0100000|001101110011|00010110110000
0c 001|1100110|000111011110|11101001010100
0d 001|1100101|001001101011|01100110101100
0e 111|1110000|001100111010|10111100100001
0f 000|1100110|001100010000|11101110101010
10 000|1110001|001111010011|01111001100110
11 111|0010011|001101110000|00010101101110
12 000|1100011|000000101000|10110001001000
13 000|1110000|001000100010|10101100000010
BX = 110 Event : 39
00 011|1110000|001000101111|10111011010010
01 011|1100011|001001000100|10100010111110
02 011|1101001|001110110000|00110001101111
03 011|1110111|001101000000|00101101100101
04 100|1110010|001101100100|11100101100110
05 011|1100111|001001011011|01000011000001
06 011|1100100|000111001111|01110101110010
07 100|1100101|000010011010|11100000011111
08 010|1100110|000010110100|01010100001001
09 101|1110000|001000111110|10100011101010
0a 010|1110110|000100001000|00110100101110
0b 010|1100110|001101101011|01010101011000
0c 110|1110100|001011000010|01000110101100
0d 001|1110010|000110010111|11100101001111
0e 001|1100100|001011110110|10000000101011
0f 111|1110111|001011001111|00101100000000
10 000|1100101|000101000001|01100100000100
11 000|1110011|000100010000|11101010001000
12 111|1110010|000000111010|11011010001110
13 000|1100110|000100001101|11101011010011
BX = 111 Event : 40
00 100|1110011|001000100010|11101100110100
01 011|1110101|001101110011|00111010011011
02 100|1110011|001010111101|11101000101010
03 011|1110001|000001100000|01111000111111
04 010|1100101|000110111101|01100001100101
05 101|1110010|000001101101|11011101110001
06 010|1110110|001111011101|00110000100111
07 010|1110011|001010100001|01001111110101
08 101|0010100|001001110000|00101000110000
09 001|1110101|001111011111|00111111010010
0a 110|0100000|000110011001|00011001010010
0b 110|1101000|001011111011|01000001100010
0c 001|1100101|001110101001|01100000010101
0d 001|1110001|000000111100|11001100000111
0e 110|1101000|001101110000|00111010001000
0f 111|1100101|000010101100|11011000000000
10 111|1100110|000000011110|01001111001011
11 111|1110000|001000101100|10101111110110
12 000|1101000|001011100111|01000010000010
13 111|1110001|000000101101|11000111000101
14 000|1110100|000001001100|01000110110100
15 111|1110010|001101011110|11011111011111
16 111|1110010|000011101100|11011110010000
17 111|1100011|001100001011|10001110111100
18 000|1100101|001110010100|01100100000100
19 000|1110011|000111111011|01001110110111
1a 000|0010001|001011110110|00000110011000
1b 111|1110011|000101110000|01010001110010
1c 111|1110000|000110110001|10000101101001
BX = 000 Event : 41
00 011|1100100|001011101110|01110000001011
01 011|1110100|001000110100|01000110100101
02 011|1101000|000111001010|01000010110001
03 101|1110000|001001000001|10011110010000
04 101|1100011|001000111111|10011101011110
05 001|1100100|000000011110|01110001101011
06 001|1100100|001110110011|01110011000011
07 001|1110100|001001000011|01001000010010
08 110|1100101|001100010101|11011101000111
09 110|1101000|000111100001|00111001111000
0a 001|1100100|000000010110|10000001001011
0b 000|1110011|001111010101|11101000001011
0c 000|1110000|000011011111|10110101111000
0d 000|1110010|001101011100|01101000010011
0e 000|1110100|000001100011|11111000001001
0f 000|1100101|000010100010|11100100000110
BX = 001 Event : 42
00 011|1110010|000101111011|01011100001011
01 101|0100010|001000010101|00101100011100
02 010|1101001|000000100011|00110010101110
03 010|0100010|001000011111|00101010011000
04 101|1100101|000000001100|01100110001100
05 110|1100100|000111011100|11000111000001
06 111|1110011|001000010010|11101011101101
07 111|1110011|000101101011|11101011000110
08 111|1110000|001000111011|10011001110100
09 111|1110000|000111111011|10011001010101
0a 000|1110001|001101011100|01111100011011
0b 000|1110011|001010111000|11101000100010
0c 111|1110011|001000111011|01010111011010
0d 111|1110000|000110011001|10100011011010
0e 111|1110010|000101110011|01101010010000
0f 111|1110010|000011010111|01100001110011
10 000|1100111|001110110000|11111010010100
11 000|0100001|001111011111|00100111001011
12 111|1110000|000110101001|10001110010000
13 111|1100011|000110101011|10001100100100
BX = 010 Event : 43
00 011|1110001|000101111000|01101100001110
01 011|1110001|000110000101|01110000011001
02 011|1110010|000001000110|11011011011100
03 011|1110000|001111011101|10010000011110
04 011|1100011|001101101000|10010011010100
05 010|1100011|000010111001|10001101011100
06 101|0010010|000110111000|00010010100100
07 101|1100101|000100010000|11011001010000
08 101|1100011|000100010010|10110101000000
09 001|0010001|000111110101|00000100101111
0a 001|1100011|001110011001|10010011011100
0b 001|0010001|000010001101|00000110110110
0c 110|1110101|000110000101|00111101111100
0d 001|1110000|000110010010|10010111100110
0e 111|1101001|000100101100|00110111111001
0f 000|1100110|000100101010|11101101110010
10 000|1110110|000001001100|00110110100010
11 111|1100101|001111111000|01101001010011
12 000|1100011|001011011100|10000111100011
13 000|1110010|000001010001|11011011101100
14 000|1110000|000110000000|10100111111110
15 000|1100011|001110100100|10101100111000
16 000|1100111|001111111101|01000101000000
17 111|1110010|000100010000|11011010010110
18 000|1100011|000110101101|10110111111001
19 111|1110000|001111011101|10111011101010
1a 000|1100100|001110010111|10111101101001
1b 111|1100011|000010110001|10001101000100
1c 000|1110001|001011000010|11001111110011
1d 111|1110001|000110010100|01101111111001
1e 111|1110000|001011000000|10001001100101
BX = 011 Event : 44
00 100|0011111|001001000110|00001111011000
01 100|0010001|000010010101|00000111111001
02 100|0011110|000100010000|00000111100010
03 011|1110101|001010010110|00111111000010
04 011|1100101|000110110101|01011011110110
05 011|1110100|000110010010|01000010100100
06 011|1110001|001100101011|01111000011111
07 011|1100011|001011111110|10010010010100
08 010|1100110|000100100111|01010110111000
09 010|1110000|000000111111|10001010111011
0a 101|1100100|000010010111|10111111000001
0b 101|0010001|000100001101|00000110111101
0c 110|0010001|001001011011|00000110110110
0d 001|1110000|001011100000|10100001010111
0e 001|0010001|000000011110|00000101000101
0f 110|0100010|001111010011|00101011111110
10 110|1110000|000100000101|10001011001011
11 110|1100011|000111011110|10001001111011
12 001|1110011|000011110011|01001101110001
13 110|0011111|001000011101|00001110100100
14 000|1101001|001001001100|00110110101010
15 111|0011110|001000110100|00000111111111
16 111|1110100|000110010111|01001010111101
17 000|1110011|000000101000|01010111001010
18 000|1110001|001010110101|01110001011000
19 000|0100000|001010111101|00011010011011
1a 000|1110001|001100111101|11000001101011
1b 111|1110010|000101101110|01100011101001
1c 000|0100000|000110000010|00011100111101
1d 000|1100011|000000010110|10001101110100
1e 111|1100011|000010100100|10010001001100
1f 000|1100111|000100100010|01001011001101
20 111|1110001|001011100001|01101110110011
21 111|1100100|001011100001|01101101011011
22 111|1110000|001011100001|10000010001101
23 111|1110100|001111001101|01001010001110
24 111|1110100|001000111110|01001000110001
25 111|1100011|001001110011|10001010010011
BX = 100 Event : 45
00 011|1110000|000101100110|10100000000110
01 100|1110001|000011101001|11010011100110
02 011|1110011|000011001101|01010101001101
03 011|1110101|000101110101|01000010010100
04 011|1110101|000101111011|01000010000100
05 011|1100101|000111001111|11100100001110
06 011|1100101|000001111110|01011110111101
07 101|0100001|000011010111|00100101101011
08 010|0010011|001001011110|00010111111101
09 101|1110001|001010101011|01111111001000
0a 110|1110111|000101110000|00101100010000
0b 110|1100111|000100011111|01000111011111
0c 001|1100100|000010011010|11000100111001
0d 001|1110001|001000001101|11000101101111
0e 110|1100100|001111111101|01111000101011
0f 110|1110101|000110000010|01000001111101
10 001|1110100|000001110010|01000110101100
11 001|1100111|000001110011|01000110110111
12 001|1110111|001000000000|00101110100011
13 001|1101010|000100111001|00101101110011
14 001|1110000|001000001000|10011101000001
15 000|1110011|001000001000|01010100110110
16 111|1110001|000001011110|11010001010001
17 000|1100111|001110000000|11110100111111
18 000|1100101|000101001110|11011010110000
19 000|1110101|000110101001|01000001101101
1a 000|1110101|000110011001|01000001101101
1b 111|1100100|001010000111|01111011101010
1c 111|0010010|000101011001|00001011001000
1d 111|1100100|000000000111|01110111111011
1e 000|1110101|001111000001|11111111010101
1f 111|0011111|001101011100|00010001010101
20 111|1100110|001001010001|01010110101000
21 000|0010100|001001011001|00100010101100
22 111|1110101|000101110101|00111010001011
23 000|1110011|001001001000|11101111100000
BX = 101 Event : 46
00 100|1100011|000110111111|10111010100001
01 011|1110000|001111011010|10011111100110
02 011|1100101|001011110110|01100110110100
03 100|0010100|001100011010|00100101001001
04 011|0010011|000111001111|00011000111001
05 011|1110111|001000110001|00101101000110
06 011|1100011|000001111110|10101000111111
07 100|0010001|000110111000|00000110010000
08 100|1100011|000100011111|10110000000000
09 011|1100111|000010011100|11111011100100
0a 100|0100000|000100001010|00011100000010
0b 011|0010011|001011100001|00011110100000
0c 010|1101000|000010111001|00111100010110
0d 101|0010010|001111111011|00010100100100
0e 010|1110001|001010100011|11010001100001
0f 010|1100011|000101010011|10111000100001
10 101|1110000|000110001111|10111000000101
11 101|1110000|000110000000|10110111010110
12 010|1100111|001110110000|11110011110000
13 010|1110101|001000100100|00111100001111
14 001|1110000|000110101011|10001101011001
15 001|1100011|000110101101|10001101100100
16 001|1110000|000001100101|10010001001101
17 110|1110001|000001010110|11001000100011
18 001|1110101|001101011001|11111111001101
19 000|0011111|001111111001|00010100101011
1a 000|1110100|000101101001|11110100000000
1b 111|1110001|001101010111|11001110000101
1c 000|1100111|000110101000|01000101110111
1d 111|1110100|000110101001|11110110001101
1e 111|1110101|000111111011|00111100101110
1f 111|1110101|001000111110|00111011110000
20 111|1110011|001010110000|01010100011110
21 000|1110000|000001000110|10011110010000
22 111|1100101|001001001001|01101001001100
23 111|1101000|000111000010|01000001110010
24 111|1110000|001000111001|10001010110011
25 111|1110001|001001001011|01101010111111
BX = 110 Event : 47
00 100|0010100|001110000010|00100100000110
01 100|0100000|000001000001|00011011110011
02 101|1100100|001001101011|11000011010001
03 101|1100011|000100111001|10011101001101
04 010|1110001|000001010001|01110000010001
05 001|0010011|001001000111|00011100001010
06 001|1110000|001000001011|10010000110101
07 110|0100000|001001001000|00011100000010
08 110|1110000|001111111110|10101110111111
09 110|1110000|001000100100|10010000011110
0a 111|1110000|000100010101|10101000110101
0b 111|1100110|001001111101|01011000000111
0c 111|1110101|001101000000|00111011001001
0d 111|1100011|000100001101|10100111100111
0e 111|1110001|001111110010|01101110000011
0f 111|1100100|000010100100|01111010010010
10 000|1110001|000100000000|11001011101000
11 111|1100011|000110100110|10001011111011
12 000|1100101|000111011110|11010100111001
BX = 111 Event : 48
00 100|1100110|001101101000|11101111101010
01 100|1110011|001101101001|11101111100111
02 100|1110000|001111101111|10110110110111
03 011|0010011|000111101110|00010101111101
04 100|1110011|000110010100|11101001011001
05 011|0010001|000010111110|00000111000101
06 010|1100100|000100111100|01111100010011
07 101|0010010|000010000011|00010011101111
08 010|0010010|000100110001|00001111111000
09 010|0010010|000001111011|00010011111110
0a 010|1110011|001010101011|01010011111111
0b 010|1100011|000111011001|10001010100011
0c 101|1100011|000010001101|10110101000000
0d 101|1100111|000010010010|01001001111101
0e 101|1110001|000111111110|01111110100001
0f 110|1100101|001011111001|01100001110101
10 001|1110000|001010111010|10010010010100
11 001|1110000|000110010010|10101111110110
12 001|1110000|000100010101|10110010000100
13 001|0011111|001011001010|00001100001001
14 000|1100100|001110101001|11010011001001
15 111|1100100|001110000000|11010010101001
16 000|1100011|000110110011|10001010101011
17 111|1110010|001101100001|01011110111111
18 111|0100000|000110011001|00010101101101
19 111|1100101|000010100010|11100000011111
1a 000|1100011|000010101001|10101111001000
1b 000|1110001|001000100111|10000000100110
1c 111|1110110|000001010110|00110101100100
1d 000|1100110|001110110110|11110000000010
1e 000|1100110|000111011100|11110001001001
1f 111|1110000|000101110011|10011011100010
20 111|1100011|001001010100|10010010010100
21 000|1100011|000100010101|10110011101000
22 000|1110011|000110010100|11101110100001
23 000|1110000|000011110110|10111010001011
BX = 000 Event : 49
BX = 001 Event : 50
BX = 010 Event : 51
BX = 011 Event : 52
BX = 100 Event : 53
BX = 101 Event : 54
BX = 110 Event : 55
BX = 111 Event : 56
BX = 000 Event : 57
BX = 001 Event : 58
BX = 010 Event : 59
BX = 011 Event : 60
BX = 100 Event : 61
BX = 101 Event : 62
BX = 110 Event : 63
BX = 111 Event : 64
BX = 000 Event : 65
BX = 001 Event : 66
BX = 010 Event : 67
BX = 011 Event : 68
BX = 100 Event : 69
BX = 101 Event : 70
BX = 110 Event : 71
BX = 111 Event : 72
BX = 000 Event : 73
BX = 001 Event : 74
BX = 010 Event : 75
BX = 011 Event : 76
BX = 100 Event : 77
BX = 101 Event : 78
BX = 110 Event : 79
BX = 111 Event : 80
BX = 000 Event : 81
BX = 001 Event : 82
BX = 010 Event : 83
BX = 011 Event : 84
BX = 100 Event : 85
BX = 101 Event : 86
BX = 110 Event : 87
BX = 111 Event : 88
BX = 000 Event : 89
BX = 001 Event : 90
BX = 010 Event : 91
BX = 011 Event : 92
BX = 100 Event : 93
BX = 101 Event : 94
BX = 110 Event : 95
BX = 111 Event : 96
BX = 000 Event : 97
BX = 001 Event : 98
BX = 010 Event : 99
BX = 011 Event : 100
