BX = 000 Event : 1
00 011|1100011|000011000001|00000111011011
01 011|1110100|000110010100|01110101000111
02 011|0010101|001011111110|10010000000110
03 101|1100011|000111110000|00100101000111
04 101|1110000|001011000111|00011100011001
05 001|0011100|001100110000|11110111111101
06 001|1100011|000111000111|00011000000101
07 111|1110000|000001110111|00101100110001
08 111|1100011|001110101110|00101101101000
09 111|0001111|000010010010|11101000110100
0a 111|1100011|000001110110|00000111101011
0b 000|1101010|001110010010|10010010110001
BX = 001 Event : 2
00 010|1110000|001010111000|00111001011100
01 101|1110011|000110010111|01101101001011
02 010|1110000|001000100100|00111101011000
03 101|0011100|001010010110|11011101000000
04 110|0001111|001001101011|11110100111111
05 000|0100000|001000000101|10100100000001
06 111|1110000|001000110110|00101100100001
07 000|1100101|000101011000|01010101011000
08 111|0011110|001010011001|10111000111000
09 000|1110011|000000101101|01101100011100
BX = 010 Event : 3
00 100|1110011|000011101001|01101110011001
01 011|1101001|000111011100|10001110011101
02 011|1110000|000101111000|00011011000011
03 011|1110100|000100000011|01110101111101
04 011|1110000|000101100110|00010101110000
05 100|1110000|001111111100|00101101011000
06 011|1100100|000110100110|01001001010001
07 010|0011111|001010101110|10101011100000
08 010|1110000|000110000000|00001010011100
09 010|1110000|000110101001|00001001001101
0a 101|1100011|000100011111|00100001101110
0b 010|1100100|000000100011|01000000000001
0c 110|1110000|000101101110|00010001101100
0d 001|1100011|000110111101|00110011101000
0e 001|1110001|000110101011|01010001000001
0f 110|1110000|000101110000|00001000110101
10 110|0100010|000011010111|10010100101010
11 000|1110011|000101101001|01101111101111
12 000|1100011|000100111100|00100010000110
13 000|0010100|000000011001|10011101000001
14 000|1110010|000011101100|01011001101111
15 000|1100100|000010110100|00111110101001
16 111|0011100|001000010000|11011100111000
17 000|1110100|000011110011|01110110010101
18 000|1100100|001100011111|01000101111001
19 000|0010010|001111111011|10101101100111
1a 000|1110000|000110011001|00100101100000
1b 000|1100111|001110110000|01110100011111
1c 000|1110010|000011101100|01011100111010
1d 111|0011100|001010110101|11101110101010
1e 000|1110010|000101101110|01100100110000
BX = 011 Event : 4
00 011|0011111|001100110011|10101100001100
01 011|1110000|001010111000|00100100101001
02 101|1110011|001010110011|01110010011011
03 010|1110000|001010100001|00100001000101
04 010|1100011|000000010110|00100100111111
05 110|1110010|001010100001|01100010000011
06 110|0011101|001111010101|11010100001100
07 110|1100101|001011100001|01100001011110
08 110|1100101|001011010010|01100001011110
09 001|1100100|001011011100|01001101101001
0a 110|1100011|001101110011|00100100010110
0b 000|0001111|001100001000|11100101101000
0c 111|1100110|001001111010|01100110000101
0d 000|1100101|000100100111|01100001110110
0e 111|0011110|000000110111|10110111011000
0f 000|1100110|000010010000|01101100010011
10 111|0010011|001110101001|10101011000010
11 000|1110010|000101111000|01011000111000
BX = 100 Event : 5
00 011|0001111|000100110110|11111110001101
01 011|1100101|001001111101|01010111111000
02 011|0100001|000011010100|10011001001000
03 011|0010011|000000011001|10100111001011
04 011|0011100|001010110011|11010110101111
05 010|0010101|000100011101|10010011100101
06 110|1100100|000010110100|01000111110001
07 110|1110001|000001000001|01000110110101
08 110|1110001|000001001100|01000110000110
09 110|1100011|001100001000|00101001100111
0a 110|1110100|000000101010|01110110010101
0b 001|1100011|000111001111|00110101100000
0c 001|0010010|001011100001|10110000100010
0d 111|1110000|000001001110|00111010100011
0e 111|1100011|001001000010|00011010100101
0f 111|1100101|000010000000|01011100010111
10 111|1100110|000010010111|01110000111001
11 111|1110000|000001110010|00011111111110
12 111|1100011|000001110011|00011110101110
13 000|1110001|001000110001|01000100110000
14 111|1110000|001011000000|00010000010110
15 000|1101000|000111011001|10000001101111
BX = 101 Event : 6
00 011|1100100|001001110011|00000101000011
01 010|0100001|000000111010|10011000010100
02 010|0011100|001101011001|11111101001011
03 010|0011111|001010011011|10110011010101
04 110|1100100|001100001011|01001011101001
05 001|0100000|000110011111|10100101101000
06 001|0011100|000101111011|11011010100100
07 110|1100100|001001111010|01000100101001
08 111|1100011|001001000111|00011010110101
09 000|1110101|001000010111|10000001000010
0a 000|1100011|001010000101|00011001110101
0b 111|0011100|001000000011|11100100010100
0c 000|1100100|000010001101|00000101010011
0d 000|1100011|000111100011|00100101111111
0e 111|0011101|001111111110|11010011000001
0f 111|0010101|000100011010|10010110101110
BX = 110 Event : 7
00 011|0100000|001011000101|10101001110001
01 011|1100011|001011101100|00100111000111
02 011|0001111|001001000111|11110101111011
03 011|0011110|000011111110|10111101100111
04 010|0011101|001000010000|11010010110010
05 101|1110000|001100111010|00101000011101
06 101|1110000|000110001111|00111101110111
07 010|1110000|001000010010|00001100101001
08 110|1100100|000110101101|01001100001001
09 110|1110001|000000111100|01001001100010
0a 110|0100001|000011110011|10100000011101
0b 110|1110000|001010110101|00101001001101
0c 110|0011111|001000010101|10110101111000
0d 110|1110010|000001110000|01011011110100
0e 000|0010000|000010011100|11001100110111
0f 111|1110000|000100010010|00111010110011
10 111|0010010|000110111101|10101100110010
11 111|0001111|001100001011|11111011001000
12 000|1101001|000111001111|10001101001110
13 000|1110111|001100111010|10010101001001
14 111|1100100|000111011001|01001001111001
15 000|0001111|001001000010|11110101001110
16 000|1100110|000111010001|01101001010100
17 111|0011110|000110100100|11000010001111
18 111|0011100|000000101010|11110101001010
19 111|0001111|001011111011|11101101010011
1a 111|1110000|000110011111|00010000111101
1b 000|1100100|000010001101|01001100000001
BX = 111 Event : 8
00 011|0010100|001011101001|10011000010110
01 011|0010000|000100111001|11001110011000
02 011|0100000|001000010111|10100011001110
03 011|1100011|001110101110|00101111011000
04 011|0011100|001000010111|11011011011000
05 100|1100100|001100000000|01000100111001
06 010|1110110|001101111000|10001001011010
07 101|0001111|000100101010|11100000101010
08 010|1110100|000110011001|01110101111101
09 110|0011100|000000101101|11110101001010
0a 110|0011100|000000111010|11110010101110
0b 110|0010000|001111111101|11011000000011
0c 001|1100101|000111010001|01100001010110
0d 001|0001111|001100010101|11110110000011
0e 110|0010000|000111011001|11010011111011
0f 001|1110101|001111111110|10000010000000
10 110|0001111|000111010001|11101100000111
11 001|0010001|001001100011|11000100111110
12 001|0001111|001110001111|11111010101010
13 110|0001111|000111001111|11101001011010
14 001|0011100|001111110010|11111110111011
15 111|0100000|001000010111|10101000011001
16 111|0001111|001110000101|11011100011010
17 111|0010001|001011111001|11000001001101
18 111|0001111|001001001111|11110010011000
19 000|0011101|001111011111|11001001001011
1a 111|0011100|000110101110|11111110111011
1b 111|1110000|000000111100|00010111000111
1c 111|1100011|000000010001|00010101001101
1d 000|1110001|000001010001|01001011001000
1e 000|1110101|001001000110|10000010101111
1f 111|0010000|001011110011|11001101010101
20 000|1110110|001111111001|10001001001010
21 111|1100011|000010100100|00001000110011
22 000|1101001|001011110110|10001000011010
BX = 000 Event : 9
00 011|0001111|000110111111|11100100101011
01 011|0010000|000100110001|11001111111011
02 011|0001111|001001111101|11111001101101
03 011|1100011|000000100110|00010000001100
04 010|1100011|001110011110|00110101001000
05 010|1100100|000000000111|00000011000011
06 010|1100011|001111111000|00111001001001
07 010|1110001|001101000111|00111110110110
08 010|0011110|000011100001|10111001010101
09 001|0001111|000010101111|11110010110110
0a 111|1110011|001000000101|01101111000000
0b 000|1110001|001010111101|01000000001101
0c 000|0100000|001011001010|10100010110000
0d 111|1110001|000011011010|00000000110110
0e 000|1110000|000001010110|00101010010100
0f 000|1110001|001000011101|01000111100101
10 000|1110000|000001110000|00110011111010
11 000|1110000|001111111100|00110111111110
12 000|1100011|000010101100|00111001001001
BX = 001 Event : 10
00 011|0011100|001100111101|11111110100101
01 011|0001111|000011000010|11111111101011
02 011|0010001|001001111010|10111011010101
03 010|1100011|001001000010|00001111010100
04 110|1110000|001111011111|00100101000001
05 111|0010000|000101011101|11001000101111
06 111|0001111|000010000101|11111100101010
07 111|1100011|001001010001|00011111100110
08 000|0010001|000000010001|10111000110111
09 111|1110101|001010110011|10000010000000
0a 111|0010000|001010000101|11010001111011
0b 111|0010000|001101110011|11010001010101
0c 111|1100111|001101110101|01110010011000
0d 000|1100100|000010101100|01001000011001
0e 000|1110001|001101101110|01010010010000
BX = 010 Event : 11
00 011|1100011|000000011110|00100011101110
01 011|1100111|000000100011|01110100010000
02 100|1110011|000000101010|01100111011100
03 011|0010001|000111010100|10111100011001
04 011|0011100|001111111110|11110100100101
05 010|0001111|000101010011|11011110010011
06 010|0010000|001001001001|11010001100100
07 010|1100100|000100010010|01001110100001
08 101|1110001|000011011100|01000000001101
09 010|0010010|001100001000|10101100100011
0a 101|1100101|000110101000|01010110011000
0b 010|1110010|000110100100|01010110001011
0c 010|1100100|001110000101|00111101001001
0d 101|1110001|000101100011|00000000110110
0e 001|1101010|000000010001|10010011101000
0f 110|1100011|000000001001|00010110101101
10 110|0011110|000001011110|10111110001100
11 001|1110100|000111111011|01111011010100
12 110|0011100|001010101011|11101110100010
13 110|1100011|001000111111|00101011111111
14 110|0010010|001011111011|10110111000111
15 110|1110001|000011101110|01000011011001
16 110|1110000|000000110111|00001101101000
17 110|1100100|001001111010|01000011000001
18 110|1110000|000000110111|00100111011110
19 110|0010100|000000001110|10011001111111
1a 001|1100100|000000001001|00000001100011
1b 111|1101001|001011111011|10001010111000
1c 000|1110010|001011010010|01011000010000
1d 111|0001111|000100010101|11111010001011
1e 111|0100000|001000001000|10100011010101
1f 000|0100000|000001011110|10100101111110
20 000|0100000|001011011001|10100110111001
21 111|0011100|001010110011|11101111001111
22 000|0100000|001100110101|10101000110110
23 000|1110001|001011000000|01001001100010
24 111|1110010|001101011001|01011100110011
25 000|1100011|000000100110|00010111001101
26 111|1110000|000001001001|00001000110101
27 111|1110010|001011011001|01010111101001
28 111|0001111|000101001011|11111010000100
29 000|1100100|001001010110|00111101000001
2a 111|0010001|000100011000|11000011001101
2b 111|0011110|001000100010|11000000100000
2c 000|1110010|001010100001|01011111101111
2d 111|1110000|000000111111|00010101101000
2e 000|1101000|000000001001|10000100100101
BX = 011 Event : 12
00 011|1100011|000101011011|00100000100110
01 011|1100101|000110111101|01100100100101
02 101|1101010|000100101010|10010011011000
03 010|0010001|000100001101|11000101010100
04 101|0011111|001111101100|10101011101111
05 010|0010010|001100000011|10110101000111
06 110|1100011|000000000010|00101111010000
07 110|1110000|000100000011|00101110010111
08 110|0001111|000111101001|11101110000000
09 001|1100011|000101011000|00011000101101
0a 110|1100111|001001101101|01110100011111
0b 111|0010001|000100101111|11000100111110
0c 000|1110110|001111100111|10001111111100
0d 000|0011110|000000111100|10111100001110
0e 000|1100011|001011010010|00001100011100
0f 111|1110111|000011100110|10010100100010
10 000|1100011|000110110011|00010010011100
11 111|1110000|001101111011|00100111011110
12 111|1100011|001101111101|00100110010111
13 111|1110000|001010100110|00010001000101
BX = 100 Event : 13
00 011|1110000|001011010010|00000100111010
01 100|1110000|001111010101|00111001101100
02 011|1110001|000011000101|01000110000110
03 011|0100000|000100001101|10100100000001
04 011|0100000|001111111100|10100110111001
05 011|1110101|000101111011|10000000101010
06 010|0011100|001101000101|11111010110111
07 101|1110100|001000011010|01110100001000
08 010|1110110|000110100100|10001000100011
09 101|0011100|000011001000|11111111001010
0a 101|1110000|001111010000|00011101110000
0b 101|1110000|001101010111|00110011111010
0c 110|0010011|000000001110|10100110000000
0d 110|1110000|001100110101|00010110010000
0e 001|1100100|000010111001|01000110001001
0f 110|0011111|000100000000|10110100011000
10 001|0001111|000101000011|11111100011011
11 000|0011101|001100111101|11010000101101
12 111|1100011|001011011010|00110111011001
13 000|0001111|000111010111|11111000111000
14 000|0010101|000000000100|10010011010110
15 000|1110000|001101110110|00110110100111
16 111|0011100|000101101011|11011101111011
17 111|1110000|001100101011|00010101001001
BX = 101 Event : 14
00 011|0100010|000101100110|10010100010100
01 011|0011101|000001001001|11000111001101
02 011|0011111|001000110110|10101100010011
03 100|1101000|001011110110|10000001101000
04 011|0011101|001000011010|11010011011111
05 010|0010010|001110001010|10110110111111
06 110|1100011|000111000101|00101111101000
07 110|0011101|001000010000|11010011011000
08 110|1100101|000000000111|01011010000000
09 000|1100100|001011101110|00111101011001
0a 111|1100100|000010100100|01000101101001
0b 111|1100011|000100011010|00100101100111
0c 111|0011110|000000111100|11000010000111
0d 000|1110110|000011111110|10010000001100
0e 111|0010011|000010101001|10100001001110
0f 000|1101000|001011101001|10000100010110
10 000|1110000|000011100110|00110110101111
BX = 110 Event : 15
00 011|1110010|001000001000|01100000110101
01 011|0010011|001011101110|10100100100110
02 011|0100001|000110000000|10011111011011
03 101|1100011|001110110011|00100101100111
04 010|0011100|000101110011|11100111000110
05 101|1100101|001111111101|01010110100000
06 101|1100110|001011111001|01101111111010
07 101|1110000|000101110101|00110111010110
08 010|0010010|001100000011|10110110110000
09 110|0010011|001011010010|10100100111101
0a 001|0100000|001010010110|10100011010101
0b 110|1100100|001100011010|01000100111001
0c 111|0001111|001001010001|11100011100111
0d 000|0010001|001001011001|10111010010001
0e 111|1110011|001111011101|01100110011101
0f 111|0011100|001101011110|11011000101101
10 111|0001111|000001111000|11110000101110
11 000|0010011|000010111110|10101010000110
12 000|0011111|001011001111|10101011100000
13 111|1110010|000101100110|01011101100010
14 111|0001111|001001100011|11100011100000
15 111|0001111|001001010110|11011110101010
16 111|0001111|001110000101|11011101100110
17 000|1101010|001001101011|10010011010000
18 000|1100011|001110100110|00101110001000
19 000|1110011|001111100101|01100111001100
1a 000|1100110|000010001101|01100110000101
BX = 111 Event : 16
00 011|1110110|001010101110|10001011011110
01 011|0001111|000110101000|11100110100100
02 011|0011100|001101101110|11100001111111
03 011|0001111|000110101011|11101001000011
04 011|0010001|001010000101|11000100010001
05 011|1101010|001011111110|10010001100010
06 011|0011100|001111011101|11011011101110
07 011|1110010|000001110101|01100000110101
08 011|1100101|000001110011|01100000110110
09 011|1110100|000001001001|01111101000001
0a 100|1110000|000101101110|00101100010010
0b 010|0010001|001110001111|10111000011001
0c 010|1100011|001110010111|00001101011100
0d 010|1100011|000001110011|00110100100000
0e 010|0010010|000101001000|10101111000001
0f 010|0011100|000110101011|11100110010010
10 101|1100011|001100001101|00110111101001
11 110|1110000|001011010100|00101111010110
12 110|1110100|001000001011|01111101011000
13 001|0001111|000010010101|11110101001110
14 110|1100011|000000001100|00101011111111
15 110|1100100|001001011001|01000110000001
16 110|1110000|001010110011|00001110111111
17 111|0100010|001011000111|10010001110011
18 111|0010101|001111111000|10010010000100
19 000|0010000|000010110100|11001110111110
1a 000|0010000|000101011011|11010000101111
1b 000|0011101|000101100110|11010100110001
1c 000|0011100|001000010010|11011000010111
1d 111|0011101|000101101011|11010100001100
1e 111|0100001|001000011010|10011101011110
1f 000|1110001|000110001101|01001101111101
20 111|1110110|001111001101|10001111000110
21 000|1100011|000010010111|00110010111000
22 111|0011100|000100000000|11100001001011
23 111|0001111|001011111110|11111011011111
24 000|1110000|001101101110|00100010011011
25 111|1100011|001110000000|00010011100100
26 000|1101000|000110111111|10000001101000
BX = 000 Event : 17
00 011|0011100|001100110000|11111110000111
01 011|1110000|001011001100|00100010000100
02 011|0010010|000010001101|10110100001011
03 011|1100111|001001110101|01110111010110
04 011|0010001|000010000011|11000001010100
05 011|0010011|000110110101|10100100001000
06 010|0011100|001010110011|11100000010000
07 101|1100101|001100001101|01011011101000
08 010|1110000|001111010101|00011011111010
09 010|1110000|000001011000|00000101110001
0a 010|0010010|000010011111|10110100010010
0b 101|1101000|000010100010|10000110111100
0c 101|0001111|000100101100|11111010010011
0d 101|1110000|001011010100|00110110001111
0e 101|0011110|001011010100|11000010001111
0f 110|0010001|000111100011|10111111111010
10 110|0010100|001111111000|10011101101110
11 110|0010000|001000111111|11010001111011
12 110|0010010|000001110110|10110011010110
13 001|1110000|000110010111|00000010110100
14 111|1100011|001100011101|00100011010110
15 111|0010010|001100010000|10101111010000
16 000|0011101|001000111011|11010010000110
17 111|0011110|001100111101|11000011010001
18 000|0011101|001101010111|11010011010000
19 000|1110000|001000101111|00100101000001
1a 111|0011110|000011010010|11000001111001
1b 111|0011100|000110101001|11110110001101
1c 000|1110001|000001000001|01000111000101
1d 111|0100001|001111011010|10011110100001
1e 111|1110001|000110100110|01000110101110
1f 111|0011111|001100110000|10110101111000
20 000|0011111|001101001010|10101110011000
21 111|1100011|000000000010|00100100101111
22 111|1100101|001111111000|01011000110000
23 000|1100110|000100011101|01101111011010
24 111|0011100|000101110011|11111000000100
25 000|1110111|001000000101|10010101001001
26 111|0011110|000110010010|10111010111101
27 000|1110001|000111111011|01000111100101
28 000|1110010|000101110011|01100100000001
29 111|0010000|001110101110|11001011010101
2a 111|1110000|000001000100|00000110100000
2b 000|1100101|000110100110|01010101000001
BX = 001 Event : 18
00 011|1100111|000110110101|01110010111000
01 011|0011110|001010111000|11000010100101
02 011|1110000|000011101001|00010100101001
03 011|0001111|000010100010|11011011001111
04 010|0001111|000111011110|11110111001110
05 010|0001111|001100010101|11100010010100
06 101|0001111|001101111000|11100100010101
07 101|0010101|000101010011|10010011000000
08 001|0011101|001000110001|11010101110011
09 110|0100000|001011100001|10100001001010
0a 110|0011101|001100110101|11010010000110
0b 001|0001111|000111010100|11111000110001
0c 001|0001111|000111000101|11111000110001
0d 001|0001111|000110100110|11111010000100
0e 000|0011100|000110001010|11100111000110
0f 000|0001111|001101110000|11101000110100
10 000|1100101|001110100100|01010110111000
11 000|1100100|000101011101|00111101101001
12 111|0010001|001011111110|11000100000010
13 000|1110001|000111111011|01001000101011
14 000|1100011|001001110101|00010101110101
15 000|1110011|000011011111|01110001010101
16 111|0010001|001011100001|11000010010001
17 000|1100101|001001110011|01011011011000
18 000|1101000|001110011100|01111110001010
19 000|1110101|001011001100|10000001001010
1a 111|0011100|001101110110|11101001001100
BX = 010 Event : 19
00 011|0010001|001110110011|11000101010100
01 100|1100100|000010010000|01010000011001
02 011|0011100|001011010100|11011110000011
03 011|1100011|001001110101|00010111010101
04 011|0010001|000010100010|10111101100100
05 010|0100000|000001011110|10101000111110
06 010|0001111|001011011010|11011110000100
07 010|1110000|000011001111|00011111001111
08 010|0001111|000000001110|11101101110001
09 110|1110000|000011000101|00101011111010
0a 001|1100011|000001111110|00110001101000
0b 000|1100011|000100111001|00111001001001
0c 000|1110010|000011000101|01011000110000
0d 000|1110001|000110011001|01000101001111
0e 111|0011110|000011110110|10111000000100
0f 000|1100110|000010000011|01100100111101
10 111|0100001|000011100001|10011111001101
11 111|0001111|001110101110|11101000011101
BX = 011 Event : 20
00 011|1101001|000100110001|10001101001110
01 011|0010010|000001111110|10110110110111
02 011|0010001|000111010100|10111110101111
03 010|0010010|000110111101|10110111000111
04 010|0010000|001010000010|11010000101111
05 010|1100100|001100001011|01001110111001
06 001|1110000|000101101001|00110000001110
07 110|1100111|001100011111|01110100001000
08 001|1100100|001110011100|01010001001001
09 111|0100000|001101111011|10101000100000
0a 111|1110000|000110011001|00110101001000
0b 111|0010100|000010111110|10011101000001
0c 111|0010000|001001110000|11010001010101
0d 111|0010010|000111000010|10110100111111
0e 111|1110000|000110101110|00100111101110
0f 111|1100101|001101101000|01011011001000
10 000|1100011|001011101001|00011100100101
11 111|0100000|001101011110|10101010100101
12 000|1100011|001001110000|00111001111001
13 000|1100111|001100011101|01110100101111
BX = 100 Event : 21
00 100|1100100|000100011101|01001110100001
01 010|1100100|001001111010|00111111010001
02 101|1110000|000100010000|00011001011100
03 001|0011100|000110011111|11110000101000
04 001|0011100|001000101001|11110111100110
05 110|0011100|001101100001|11101100010101
06 110|1110000|000001010110|00001011001011
07 000|0010011|001100010101|10100100010000
08 111|1100100|000101001110|01001011100001
09 111|1100110|000111011100|01100101001101
0a 000|0100000|001000100100|10100111010111
0b 111|1100111|000000001001|01111011100100
0c 000|1110011|001010110000|01100111000100
0d 111|0001111|001110101110|11101011010010
0e 111|1101010|000101000011|10010001001010
0f 000|0011111|001111100010|10101110111101
10 111|1110000|000001100000|00001001110100
11 000|1100011|001100011101|00011010111101
12 000|1100110|000000001100|01101011111011
BX = 101 Event : 22
00 100|1100101|000010011010|01010101010000
01 011|0001111|000001111011|11100111110000
02 011|1110110|000101101011|10010000010100
03 011|1110110|000011101100|10010000011011
04 011|1100111|001101110101|01111001101101
05 011|0001111|001001111101|11110100111111
06 101|1100100|000101000001|01010011101001
07 010|1110000|000101101001|00001100101001
08 110|1100101|001110100001|01011010101000
09 001|0011100|001010010100|11111111101111
0a 000|1110110|000110101011|10010000100011
0b 111|0001111|001001010001|11110100101111
0c 000|1110101|000011110011|10000100001100
0d 111|1100100|000110111000|00111111001001
0e 111|1100100|001111111101|00000101001011
0f 000|1110111|000100000011|10010001001010
10 111|1110000|001000010101|00001001101101
BX = 110 Event : 23
00 100|1110101|001111000001|10000101001010
01 011|0010100|001110000101|10011100001101
02 011|0001111|001011010111|11111000001011
03 100|1101000|000010001010|10000010101111
04 011|0010011|001010000000|10100111000011
05 011|0001111|000010100111|11011010000011
06 011|1101010|001110110000|10010101110101
07 011|0010011|001011101110|10100101010011
08 100|1101010|000010000000|10010100000111
09 010|0001111|001110101011|11011101001000
0a 010|0011100|000011001101|11111001010110
0b 101|1101001|000010101001|10010000010011
0c 010|1100011|000111011100|00110100101000
0d 101|1110100|001010111000|01110100011000
0e 010|1110001|001100111000|00111111100101
0f 101|1110101|000001100011|10000011111100
10 001|1101010|001001111000|10010010001001
11 110|0011100|001000010010|11110001101011
12 110|1101010|000000011001|10010101110101
13 001|1110010|001000100100|01100100100000
14 001|0011100|001011010010|11111000001100
15 110|0011101|000111111011|11010001110111
16 000|1101001|000010100010|10001001110001
17 111|0100010|001000110100|10010001100100
18 000|1100011|000010101100|00100011100110
19 000|1100111|000001110110|01110100011111
1a 111|0011100|001101100001|11011001010010
1b 000|1100011|000010010000|00101000011111
1c 111|0001111|001110001111|11110001010100
1d 000|1101010|001110011001|10010110001101
1e 111|0001111|000100111110|11101100100110
BX = 111 Event : 24
00 011|1100100|001001111010|00111111001001
01 011|1100011|000110111000|00010001100100
02 101|1110110|000011011010|10001110000000
03 101|1110000|001111010101|00011010000100
04 001|0010001|000100101111|10111011111011
05 110|0011100|001101100001|11101100010101
06 000|1110110|000011100110|10001110011000
07 000|0001111|001010001010|11101101110001
08 000|1100011|000111000111|00100101101111
09 111|0100000|000011111110|10100100001001
0a 000|0010001|000101000011|10111100000010
0b 000|0010001|000110110011|10111100001010
0c 000|1110011|001010110000|01100111000100
0d 111|1101010|000101000011|10010001001010
0e 000|1100110|000000001100|01101011110011
0f 000|1100100|001110000111|01010010101001
10 111|0010010|000110110000|10101011111110
11 000|1100111|000111110011|01110010000001
12 000|1100101|000111000111|01100001011110
13 000|1100011|000100011111|00110000001000
14 000|1100100|000111101011|01001100011001
BX = 000 Event : 25
00 100|1100101|000010011010|01010101010000
01 011|0001111|000001111011|11100111110000
02 011|1110000|001111011000|00001011001011
03 011|1110110|000011101100|10010000011011
04 011|1100111|001101110101|01111001101101
05 011|0001111|001001111101|11110100111111
06 100|1110101|001000111001|01111110011110
07 101|0011101|001111110010|11000110101111
08 010|1100111|001001110101|01110010111000
09 001|1110001|000001011000|00000001110101
0a 001|0011100|001010010100|11111111101111
0b 000|1100100|000010101001|00111011110001
0c 000|1110110|000101101011|10010000010100
0d 111|0001111|001001010001|11110100101111
0e 000|1110111|000100000011|10010001001010
0f 111|1100011|001011100100|00010100001100
10 111|0001111|001001110000|11101011111000
11 111|0100001|001011011100|10011000010100
12 111|1110000|001000010101|00001001101101
BX = 001 Event : 26
00 011|1100100|001101110011|00111111001001
01 011|1110000|001011001111|00011010100011
02 011|1101010|000000101000|10010000111011
03 011|0100000|000100000000|10100101110111
04 011|1110001|001101110011|01001010001010
05 101|1101010|000000001100|10010001001010
06 010|1100100|000110101011|01001111000001
07 010|0100001|000011111000|10011000111001
08 010|0011111|000100010000|10110010011010
09 010|0011101|001111101010|11001001100001
0a 010|0001111|001011010111|11100110010101
0b 010|0011100|001011010111|11100110010010
0c 001|0010000|000010110001|11010011111011
0d 001|1110000|000011100100|00101111010110
0e 001|0010011|001100011010|10101001001010
0f 001|0010001|001110101011|11000011101011
10 110|1110111|001011010010|10010001110000
11 110|1110110|000001011110|10001100111011
12 000|0100001|001011000101|10011000101010
13 000|0010010|000100010000|10110011000000
14 111|1100011|001011010111|00011001100101
15 111|1100111|000100101111|01111011110011
16 111|0100001|000100010000|10011011001100
17 111|0011111|000011010100|10110101001011
18 000|0011111|001101101001|10101110011111
19 111|1110010|000000111010|01011100000011
1a 111|0010000|000010001101|11001110110111
1b 000|1101000|001001010100|10000101000101
BX = 010 Event : 27
00 011|0011101|001001000110|11001100110001
01 011|1101001|001110011110|10001111110100
02 011|1110001|001011000101|01000111100101
03 011|0010000|000000011001|11010110101001
04 011|0011110|000000110111|11000010000000
05 010|0011101|001101100100|11010001110000
06 010|0010010|000111010100|10110010000100
07 010|1110000|001100110011|00000110010000
08 101|0011100|001011011110|11011110001010
09 110|1110000|001100101011|00101101111000
0a 110|0011100|001000111011|11101100111010
0b 001|1100100|000010001010|00000010000011
0c 111|0010011|000010101100|10100110110101
0d 000|0011110|001000101111|10111100110011
0e 111|0010000|000111101011|11011000000011
0f 111|0011101|001111100101|11010100100010
10 111|1100111|000110101101|01111010111100
11 000|1100100|001111111011|01001001011001
12 000|1101000|001110110000|10000011110110
13 111|0011100|001001000011|11011110011001
14 000|1110110|001010100110|10001111110101
15 111|0001111|001110101001|11011001100101
16 111|0001111|001000111111|11101011110001
BX = 011 Event : 28
00 100|1100011|000111000010|00110111000001
01 011|0001111|000011000011|11110111100101
02 011|1100100|000111100110|01000100000001
03 011|1110000|000001100011|00010000111101
04 100|1100011|000010100100|00101110010000
05 010|1100011|000100111001|00110010001000
06 001|1100101|001110110000|01100010000110
07 110|1110111|001111011101|10010100100010
08 110|1110010|001101010111|01011110101000
09 001|0011101|001000110001|11001000010111
0a 110|1110100|000001101101|01110100001000
0b 111|1110001|001000110100|01010100010101
0c 000|1100011|001001010110|00001101111100
0d 111|0001111|001110011001|11110011011100
0e 111|1100101|001110001111|01100001100110
0f 000|1101000|001011110001|01111110110001
10 000|1100011|001011101100|00011111001110
11 111|1110001|000101101001|00000000011110
12 111|1110000|000011011010|00010111100110
13 000|1101000|001110101011|01111110101010
14 000|1100100|001100011111|01010010011001
BX = 100 Event : 29
00 011|0100000|001011011001|10101001000101
01 011|0010000|001001100011|11010001100100
02 100|1110000|001100111000|00110010100011
03 011|1110000|000110100101|00011111000100
04 101|1100100|000110111101|01000000010001
05 010|1110000|001111011101|00111001101100
06 101|0011100|000111111011|11100100111001
07 010|1100011|001110000101|00000111100011
08 110|0010001|000010010101|11000000100000
09 110|0011110|001101000101|10111101000010
0a 110|1110001|000111111110|01001001101010
0b 001|1100100|001001010110|01000110101001
0c 001|1101000|000111000010|10000000001001
0d 001|0011110|000001000001|11000100001101
0e 001|0010011|001011010101|10101001101000
0f 110|0011111|001011000111|10110100111101
10 001|1110000|000101101110|00011100011001
11 001|1110000|000100000101|00011100111001
12 000|1110110|001101000000|10001011011110
13 111|1110000|000011010010|00111000011101
14 000|1110111|000000101000|10010001100001
15 000|1110001|001000011111|01001010001010
16 000|1100100|000100011000|01001111011001
17 111|1110000|001101111011|00000111011111
18 111|0011100|001001000011|11111101100010
19 111|0011100|001000001000|11110111001001
1a 000|1101010|000000100110|10010010110001
BX = 101 Event : 30
00 011|0011101|000001001001|11000111001101
01 011|0011111|001000110110|10101100010011
02 100|1101000|001011110110|10000001101000
03 100|1110000|000011101100|00101111111110
04 011|1110000|000000111111|00010011010011
05 010|0001111|000000000010|11011101100110
06 010|0010010|001110001010|10110110111111
07 010|0100010|000101100110|10010100010100
08 010|0011111|000000111100|10110001111101
09 010|1100100|000100100100|00111101111001
0a 001|1100011|001011101100|00100110110111
0b 001|0011111|000110101011|10101101100100
0c 000|1110001|000011110001|01010101001100
0d 000|1110110|000110101001|10001100111011
0e 000|1100100|001011101110|00111101011001
0f 000|1110110|000011111110|10010000001100
10 111|1100011|000111000101|00101111100000
11 111|1100100|000010100100|01000101101001
12 000|0001111|000010011100|11100010100011
13 111|1100011|000100011010|00100101100111
14 000|1110000|000011100110|00110110101111
15 111|0011100|000011001101|11111111100000
16 111|1100011|000100101100|00100011011110
17 111|0011110|000000111100|11000010000111
18 111|0010011|000010101001|10100001001110
19 000|1100011|000110111010|00101100110000
1a 111|0011111|000000111111|10110001011000
1b 000|1101000|001011101001|10000100010110
1c 000|1110001|000011011100|01010000111010
BX = 110 Event : 31
00 011|1110000|000011110011|00100000001110
01 100|1100101|000010110001|01010100111001
02 011|1110000|000110000111|00100110010000
03 101|1110000|001010100011|00100010101011
04 101|1100100|001101101000|01010100000001
05 001|0100000|001000100010|10101001011011
06 111|1110001|001101100100|01010100111101
07 111|1100110|000000000111|01101011101011
08 000|1100101|001001011110|01011110000111
09 111|1100101|000010101111|01100100101101
0a 111|1110001|001000111110|01001001011010
0b 000|0011100|000110100001|11011010111010
0c 111|1100111|000010100010|01110100100111
0d 111|0001111|000000000100|11111101011111
0e 000|1110000|001011100100|00111100001001
0f 000|1110010|001000000000|01011101011010
10 000|1100100|000111110000|01000001001001
11 000|1110001|001000010111|01001010001010
12 111|1100011|000000010001|00001101101100
BX = 111 Event : 32
00 011|1110000|000000101000|00011110011000
01 100|1100100|000000000010|01010011110001
02 011|1101001|000000100110|10001101001110
03 100|1101000|000100110100|10000111011011
04 011|0011111|001010110101|10110011100100
05 011|1110000|000011111110|00001001101101
06 011|1100111|001001011110|01110100100111
07 011|1110100|000011000101|01110101010110
08 100|1110011|000001100000|01100111101011
09 100|1110101|000011001000|01111101111000
0a 100|1110000|000000110100|00101100111001
0b 100|1100111|001011010111|01111011100100
0c 010|1110000|000000111010|00110010011011
0d 010|0011111|001100111010|10101010111011
0e 010|0100010|000001100011|10010001110011
0f 010|1101000|000111010001|10000111000011
10 101|1110000|000001110010|00111101101111
11 010|1110000|000000101000|00111101111111
12 101|1110101|000001011110|10000010011111
13 001|1110001|000101100110|01000110001110
14 110|1101000|000101010000|01111110101010
15 110|0011100|001111001011|11010110101111
16 001|1100011|000010001000|00101101010000
17 001|1100101|000101010000|01100011000110
18 110|1110000|000000101101|00100110101111
19 110|0001111|000010000011|11100110001101
1a 000|1110011|000001110000|01110001011100
1b 111|1101000|000010110100|10000111010011
1c 111|0011101|000001101010|11010100001100
1d 000|1100100|000000000100|01001001000001
1e 000|0001111|000100100010|11111001101101
1f 111|1110001|000001100000|01000001011011
20 111|1110000|000000101010|00100011000011
21 111|0011111|000000101111|10101101000111
22 111|0011100|001101001111|11100001000100
23 000|1100100|000100110001|01000001111001
24 111|0011101|001111010101|11010110100000
BX = 000 Event : 33
00 100|1110001|001111100101|01010000010010
01 011|0010000|000011000011|11010001100100
02 011|0011100|001100101110|11011011001001
03 010|0011101|000011001000|11010001110111
04 010|0011100|000011011100|11100000110101
05 010|1100011|000001111000|00001001110011
06 101|1101001|000101001110|10001011101000
07 010|0001111|000100100010|11101010011110
08 010|0001111|001001001001|11101011110001
09 110|1110100|001111100010|01111100000011
0a 001|1110001|001011100001|01001011100000
0b 001|0100010|001101010111|10010011101000
0c 000|0001111|000100101100|11101010100101
0d 000|1110000|001101010010|00101010011011
0e 000|0001111|001110101011|11011000111000
0f 111|0011100|000011100110|11110000100001
10 000|1110000|001000100100|00111100111000
BX = 001 Event : 34
00 011|0100001|001010101000|10011010000010
01 011|1101010|001110011100|10010010000001
02 011|1110010|001011001100|01100101100110
03 010|0010000|000000100110|11001000001001
04 010|0011101|001101001111|11001011000010
05 110|1110011|001011001100|01100110101101
06 110|1100110|000100101100|01100110110101
07 001|1110000|000110000111|00110011000011
08 001|1110001|001010101011|01010001110001
09 111|0010101|001110011110|10010011001111
0a 000|0011100|000011110011|11101000100111
0b 111|1110000|000011010010|00111010001011
0c 000|1110001|001111000011|00111111101101
0d 111|1110010|001010111010|01100101001111
0e 000|0011100|000100010010|11011101011101
0f 111|1100011|000101010000|00010001101100
10 111|1101001|000100010101|10010000010011
11 000|1110010|001010110011|01100011110001
12 111|0011100|000001110111|11101001011011
13 111|1100011|000101010101|00001110011100
14 111|0001111|000001110110|11100111101000
BX = 010 Event : 35
00 011|1100011|001101101011|00100110001111
01 011|1100111|001001011110|01111000011101
02 011|0010011|000111010100|10100001001110
03 010|1101000|000111011100|10000001010000
04 010|1100011|001110110000|00011101001110
05 101|0100010|001000010101|10010101000111
06 101|0010101|000111011110|10010010000100
07 101|1110011|001010011001|01101010000000
08 101|1101000|001011110011|10000011101110
09 110|1100011|000111001100|00010111100101
0a 001|0010011|000100010000|10100101010011
0b 110|1110000|001111111100|00101100011001
0c 001|0011100|001011001111|11110110110010
0d 001|1110000|001111000001|00011100101001
0e 111|1101000|000100010010|01111110100010
0f 111|1110000|000001101010|00010011110010
10 111|0010100|000111001010|10011111110100
11 000|1110000|000001100000|00110010000100
12 000|1110001|000110000101|00000000000111
13 000|1110000|001000010000|00000010000101
14 111|0011100|000001000110|11100011000010
15 000|1110110|000011110011|10001010000001
16 111|0010000|000010101100|11000110001001
17 000|1110111|000001101010|10010100101010
18 111|1100011|000111110011|00010111010101
19 000|1110101|001010101011|10000010110110
BX = 011 Event : 36
00 100|1100110|000010110100|01101100010011
01 100|1101000|000011000011|10000010011111
02 010|0001111|000010011111|11101010011110
03 010|0011100|001100101110|11101000100111
04 010|0100010|001000000011|10010110011000
05 101|1100101|000000000100|01010101101000
06 001|1110111|001011000111|10010100111010
07 110|1100011|001111111101|00010101001101
08 110|1101000|000000010110|01111110001010
09 110|0010100|001001110000|10011110010011
0a 001|1100100|001001011001|01001010011001
0b 001|1110000|001100110011|00110000111101
0c 110|1100100|000101010000|01000000011001
0d 111|1110000|001111111100|00010110001000
0e 000|1110001|001001001011|01001001100010
0f 000|1110000|000110001010|00110000010101
10 000|1110100|000011001101|01110011001010
11 000|1110001|000101111000|01000011110001
12 111|0010010|000010110001|10110100111000
13 111|0010010|001001110000|10110001000000
14 000|1110001|000110001111|01010101011100
BX = 100 Event : 37
00 011|0010000|000111010111|11000111010100
01 100|1100100|001100001000|01001111111001
02 011|0010001|001001110101|10111110100111
03 011|0010000|000101011011|11010011111011
04 010|1110001|001000101001|01010000111010
05 010|0010000|000110100110|11001011000101
06 101|1100110|000000100110|01101111011010
07 101|0010010|000110110011|10101101001001
08 010|0011101|000001100011|11001110011001
09 010|0011111|001010011011|10110101000100
0a 101|1110011|000101111000|01101010100111
0b 001|1100101|000011000001|01100100001110
0c 110|1100011|000100111110|00101010001111
0d 111|0011100|001011011100|11111111001010
0e 000|1110011|000110110001|01101111111111
0f 000|0011110|000110010100|10111101000010
10 111|1100011|001001011110|00010111010101
11 000|1110000|001101000101|00110100010001
12 111|0001111|001011011111|11111101111101
13 000|1100011|001100010101|00100001001110
14 000|1110100|000110001101|01111100110001
15 000|1110101|000110010010|10000001011001
BX = 101 Event : 38
00 011|1100100|001101110011|00111111001001
01 011|1110000|001011001111|00011010100011
02 011|1101010|000000101000|10010000111011
03 100|1110010|001101011110|01100101011111
04 100|1110001|001101110011|01001010001010
05 011|1100011|000101010101|00010001011100
06 010|0010001|001110011001|10111000101000
07 101|1101010|000000001100|10010001001010
08 010|1100100|000110101011|01001111000001
09 010|0011111|000100010000|10110010011010
0a 010|0011101|001111101010|11001001100001
0b 010|0001111|001011010111|11100110010101
0c 010|0010010|001110010111|10110000011011
0d 010|0011100|001011010111|11100110010010
0e 110|1100011|000101010101|00010010010100
0f 110|0011110|001010011001|10111000000100
10 001|0010011|001100011010|10101001001010
11 110|1110111|001011010010|10010001110000
12 110|1110110|000001011110|10001100111011
13 000|0010010|000100010000|10110011000000
14 111|1100011|001011010111|00011001100101
15 111|1100111|000100101111|01111011110011
16 000|0010001|001110101011|11000011101011
17 111|0010011|001001101000|10101010111011
18 111|0010001|000111101001|11000010010001
19 111|1100011|001001110101|00010111101101
1a 000|1100100|001110101110|01010000100001
BX = 110 Event : 39
00 011|0100000|001111101111|10101001101010
01 010|1100011|001100001011|00110100110000
02 010|1110000|001111010101|00001010110011
03 010|1110000|001111011111|00000110001000
04 101|1101001|001100010010|10001010001001
05 010|1100100|000100101010|00111101111001
06 001|1100011|001100000101|00100111011111
07 110|0011100|001101110000|11011011000010
08 001|0010000|000010100111|11011000001011
09 001|0001111|001001100001|11110100101111
0a 001|0011110|001100101011|11000010000111
0b 000|1110000|000001001110|00111001111011
0c 000|1110000|000011100110|00111100111000
0d 000|1110100|001010011001|01111010100101
0e 000|1100100|001100010111|01001001000001
0f 000|1100011|000010000011|00110001101000
10 111|0001111|000100011101|11101000001110
11 000|1100011|000001111000|00110011111000
12 111|0011100|001001001010|11011101100000
13 111|0011101|000011100110|11001001100001
14 000|1100011|001100011111|00011111011110
15 111|0011100|001010101110|11111001010110
16 111|0001111|001001000010|11011100010011
17 000|1110111|001101100100|10010100011011
18 111|1110000|001111110111|00001010011100
19 000|1101001|000100110110|10001000110010
BX = 111 Event : 40
00 011|1110100|000001011011|01111001110111
01 011|1100101|000111000101|01011111010111
02 100|1110001|001000101111|01000101011111
03 010|0100000|001100111101|10101000011001
04 010|0011100|000001000001|11111000101001
05 010|0001111|001100010101|11011101111101
06 010|1100110|000100100010|01101001000100
07 101|1100111|000100010010|01110110110110
08 010|1110000|000001010110|00110110001111
09 010|0001111|001001001100|11100010010100
0a 101|1100111|000010100010|01110011011000
0b 010|0010001|001100000101|10111000010010
0c 001|1101000|001010001010|10000000001001
0d 001|0010011|001100010111|10101010100100
0e 000|0010100|000000011001|10011011011000
0f 000|0010011|000010111001|10100011010100
10 000|1100101|000000010001|01011110001111
11 111|0010011|000010101001|10100010101111
12 000|1110101|001010010100|01111110111110
13 111|0010010|000100100100|10110011010110
14 000|1110101|001101001010|10000101111001
15 000|1110010|000101111000|01100100000001
16 111|1100011|001101110000|00001111110100
BX = 000 Event : 41
00 100|1100100|001101101000|01010011001001
01 100|1110001|001101100110|01010010111111
02 011|1110000|000000101111|00111101110111
03 011|1110000|000011001010|00001010001100
04 011|1100111|001100010101|01110110000111
05 011|1110000|000101110011|00011001110100
06 011|0010001|001100011111|10111010010001
07 100|1110101|001111101100|01111111010101
08 100|1110000|000001010110|00101111000111
09 100|1100011|001001010100|00101110100000
0a 011|1100011|000110111010|00010011101100
0b 011|1110011|001000011010|01100110010101
0c 010|1100011|000000101000|00110011111000
0d 010|0001111|001100010111|11111010110001
0e 101|1100011|000110100110|00100101010111
0f 010|1100011|000101010000|00011110011110
10 101|1110001|000000110100|01010011011110
11 010|1100100|001011111110|00111101001001
12 001|1100101|000001111011|01011101111111
13 001|1110000|000100010010|00001111110110
14 001|1110010|001111000001|01100000010110
15 001|0010001|000101001011|10111101001101
16 110|0001111|000111101011|11110001000101
17 001|1110000|000001001001|00101101110000
18 001|1110101|001111010000|01111111100100
19 001|1110011|001000101001|01100110011101
1a 110|1110100|000110100100|01110110010101
1b 110|0011101|001111011101|11001010101011
1c 111|1100101|000100101010|01011000001000
1d 000|1110010|001100111101|01010111011010
1e 111|1100100|000010011010|00000100010011
1f 111|1110000|001010010100|00110011011010
20 000|1100101|000001111011|01011110100111
21 111|0001111|000111100110|11110001110010
22 111|0011110|000011011100|10111000110000
23 111|1110010|001010110101|01100001001101
24 000|0010001|001101111010|11000010010001
25 111|0010100|001100100010|10011101001000
26 111|1110010|000001000001|01011110001001
27 000|1110011|000000101101|01101000111010
28 111|0011101|001111010011|11001010100100
29 111|0100010|000001011011|10010011011001
2a 000|1110110|000011110001|10001001110001
2b 000|1110001|000001001110|01010011111110
2c 111|0001111|000010110100|11100011101111
2d 111|0011100|000011101110|11110011110001
2e 111|1110000|000011110001|00011000010110
2f 000|1100100|001101110000|01000001000001
30 111|0010000|001110011110|11010100110111
31 111|0011100|001111101100|11101011110111
BX = 001 Event : 42
00 011|0011101|000000110100|11001011011111
01 011|0011101|000001110101|11001110101111
02 011|1110101|001111000011|01111111101100
03 101|1110010|000011001000|01010111111001
04 010|0010010|001011100001|10110110000011
05 001|0010001|001101101011|10111100001010
06 001|0001111|001011111110|11100011011000
07 000|1110000|000000110010|00000011110011
08 000|1110000|000100010101|00010110111111
09 111|1110010|000110101001|01011100000011
0a 111|0011101|001000100111|11001100101001
0b 000|0011101|001011000111|11001001111000
0c 000|1100011|000111010111|00011110001110
0d 000|1110111|001111110010|10010001000010
0e 000|1100101|000100011111|01011111101111
0f 111|0011100|000001110010|11101011111111
10 111|0011100|000011001111|11101001000101
11 111|0001111|000001110011|11101010010110
BX = 010 Event : 43
00 011|1100101|001001110101|01010110010000
01 100|1110000|000001000110|00110111011110
02 011|1100111|000010011111|01110101110111
03 011|0011110|000011101110|10110110110011
04 011|0010001|000101010000|10110111101100
05 011|1100011|000100101100|00010011000100
06 011|0010000|000100100100|11010100000010
07 010|0011110|000001100000|10110110110011
08 010|1100101|001101100110|01010101110000
09 010|1110100|000110011111|01110011000010
0a 010|1100111|001001011110|01110100000000
0b 010|1110010|000101100011|01011011001101
0c 001|0010011|000100101010|10100111110000
0d 110|1100111|001001100110|01110110011110
0e 001|1110000|001011011100|00110111001110
0f 001|0010000|001110100001|11001001110011
10 000|1110000|001100111101|00011110001000
11 000|0011100|001010111010|11100110101001
12 000|1110000|000111111110|00011110100111
13 000|1100011|000111110000|00011111011110
14 000|0010010|000010010111|10110100000011
15 111|1110000|001010101000|00111001000100
16 111|0010011|000000001100|10100100011111
17 000|1100011|000010111011|00101000011111
18 111|1110100|000001010001|01111000000010
19 111|0001111|000100111100|11100110111011
1a 000|1100100|000111001111|00000001000011
1b 000|1110001|001101101011|01010100000110
1c 000|1110010|001111011111|01011010011110
BX = 011 Event : 44
00 011|1110110|000110100110|10001011000110
01 011|0001111|000010111110|11101100001111
02 011|1101010|001011100100|10010001101010
03 011|0011101|000110101011|11010110100111
04 011|0001111|001011011111|11011010001011
05 010|0011100|001010111010|11100000010000
06 010|0001111|000010111110|11111111010001
07 010|1110000|001111110010|00100000100101
08 101|1110101|000011001000|10000111011110
09 110|0001111|000000011110|11110101001110
0a 110|1110000|001111100101|00100010111011
0b 000|1110111|001011011100|10010001010001
0c 111|1100011|001101111010|00110001011000
0d 000|0100000|000001001001|10101001011011
0e 000|0011111|000110001111|10101110011111
0f 000|1110110|000110101001|10001000100011
10 000|1110000|000011111000|00111000101101
11 000|1101001|000110111111|10001001100001
12 111|0011111|001111101111|10101011100000
13 111|0011111|001000101111|10101011010001
14 111|0010011|001100100010|10101010000110
15 111|0011100|001000000000|11010111010100
16 111|0011100|000101101110|11101101101110
17 000|1100100|001011100111|01001000110001
18 111|1110000|001011011110|00001111010111
19 111|0010100|000000000111|10010111101010
1a 000|1110101|000011001000|10000110011111
BX = 100 Event : 45
00 100|1100110|001001001100|01101101000011
01 010|1110000|000011111000|00000011010011
02 101|0010000|001011101100|11000110101111
03 001|0010100|000100111100|10100000011001
04 110|0001111|001100011101|11110100001010
05 001|0001111|001011011100|11110100100000
06 110|1110010|000110000000|01011110111000
07 110|1110010|000100010000|01011110010001
08 110|1100011|000010000000|00001011001011
09 001|1100110|001001101000|01101100011011
0a 111|1110101|001000110100|10000101001010
0b 111|1100100|000100010000|01001001001001
0c 111|1100011|000100101111|00100001011110
0d 111|0001111|001011111001|11011010001011
0e 000|1110001|000100010101|01010000100010
0f 000|1110001|000011000101|01010001110001
BX = 101 Event : 46
00 011|0010010|001111111101|10110000010011
01 011|1110000|001011011001|00001000110101
02 011|0010010|000010001101|10101100010100
03 011|1100011|001011011010|00001000111011
04 011|1110000|000011110110|00100100110001
05 100|1110000|001111001101|00110101110000
06 011|0100000|001011000101|10101010010110
07 011|0011100|000001110010|11111000001100
08 011|1110100|001111001011|01111000101001
09 011|0011100|000001001110|11110110011100
0a 011|1100011|001110010010|00001111010100
0b 011|0001111|001110100110|11011010101001
0c 010|1101000|001111111101|10000001011000
0d 101|1100011|001001001100|00111010101001
0e 010|1101001|001110001111|10001011110111
0f 101|1110001|001111011010|01010011100110
10 101|1110011|001111001011|01101101010011
11 010|1100111|000111001010|01110010110000
12 010|1110000|000011110110|00100011101010
13 110|1110101|001111110100|10000001100001
14 110|1110010|001111001000|01011010010110
15 001|0100010|001111101010|10010110101110
16 001|1110001|000011000101|01010010111111
17 111|1110011|001010010100|01110001011100
18 000|1110010|000011011100|01011000011000
19 111|1110010|000011110110|01100100110111
1a 000|1110010|000111111011|01100001111100
1b 111|1101001|001100011111|10001100101111
1c 000|1100011|001110010100|00111001011001
1d 111|0100000|001111001011|10101010001111
1e 111|1100100|001101110101|00000011011011
1f 111|0011100|000001000100|11110001011100
20 000|1100101|001110101111|01100010100011
BX = 110 Event : 47
00 011|1110011|000000110100|01110000111101
01 011|0001111|000001111011|11100111001010
02 011|0011100|001111011000|11111001010110
03 010|1110000|000110001101|00010111101110
04 110|0011100|000111111110|11110011111000
05 001|1100011|001110011001|00010001000100
06 001|0100000|001101000000|10101010000111
07 110|1110100|001111101010|01110100010000
08 001|0010000|001011111011|11001010101111
09 111|1110100|000101111000|01111000101001
0a 000|1110001|001100110101|01010101101100
0b 111|0010010|000010100100|10101100000101
0c 111|0001111|001100000101|11011101110101
0d 000|1100100|001101111000|01001111001001
BX = 111 Event : 48
00 011|1110000|000000111100|00000100001010
01 010|0100000|000000111010|10101000110110
02 010|1100011|001001001001|00110100111000
03 010|1100110|000010111110|01101010101100
04 101|1100011|000000000111|00100101011111
05 010|1101001|001110010100|10001001000010
06 101|1110001|000110100110|01010101001100
07 010|1100101|000110111010|01011001100000
08 110|1110010|001111000001|01011001011111
09 000|1110010|000110011100|01011000001001
0a 000|1110000|001000110001|00010110000000
0b 111|1110000|001111001011|00001111011111
0c 000|1110000|000001000100|00000100100010
0d 000|1110000|001100110000|00111101000000
0e 000|1100101|000110101000|01011001110000
0f 111|1110000|001001000001|00010101010001
10 000|1101000|001001001001|10000110001100
BX = 000 Event : 49
BX = 001 Event : 50
BX = 010 Event : 51
BX = 011 Event : 52
BX = 100 Event : 53
BX = 101 Event : 54
BX = 110 Event : 55
BX = 111 Event : 56
BX = 000 Event : 57
BX = 001 Event : 58
BX = 010 Event : 59
BX = 011 Event : 60
BX = 100 Event : 61
BX = 101 Event : 62
BX = 110 Event : 63
BX = 111 Event : 64
BX = 000 Event : 65
BX = 001 Event : 66
BX = 010 Event : 67
BX = 011 Event : 68
BX = 100 Event : 69
BX = 101 Event : 70
BX = 110 Event : 71
BX = 111 Event : 72
BX = 000 Event : 73
BX = 001 Event : 74
BX = 010 Event : 75
BX = 011 Event : 76
BX = 100 Event : 77
BX = 101 Event : 78
BX = 110 Event : 79
BX = 111 Event : 80
BX = 000 Event : 81
BX = 001 Event : 82
BX = 010 Event : 83
BX = 011 Event : 84
BX = 100 Event : 85
BX = 101 Event : 86
BX = 110 Event : 87
BX = 111 Event : 88
BX = 000 Event : 89
BX = 001 Event : 90
BX = 010 Event : 91
BX = 011 Event : 92
BX = 100 Event : 93
BX = 101 Event : 94
BX = 110 Event : 95
BX = 111 Event : 96
BX = 000 Event : 97
BX = 001 Event : 98
BX = 010 Event : 99
BX = 011 Event : 100
