BX = 000 Event : 1
00 010|0011110|000100111110|10101000111011
01 110|0010001|000100001011|01110000111110
02 001|0010000|000010001001|10100000101100
03 001|0011111|000010011100|10111101110000
04 001|0011101|001001110001|10100011001001
05 000|1110110|001110111111|01000100101110
06 111|0010000|001011110001|10001010011010
07 111|0010010|001000100100|01100010111001
08 000|0010010|000001100010|11000100010001
BX = 001 Event : 2
00 011|0011101|000111101000|10010000100000
01 100|1110011|001100111101|00100001001101
02 011|0011101|001101000111|01111010000101
03 101|0010001|001101000110|01111001101110
04 001|0011110|000010101110|10101100111101
05 001|1110100|000000110110|00110001000111
06 001|0010011|000110010111|11010011001110
07 110|0011101|001111001100|10000011000100
08 001|0011110|000000001100|10111011010010
09 110|0010001|000101111000|10110000010010
0a 111|0010101|001101110100|11011101101010
0b 111|0010001|001001011010|10111001001101
0c 111|0011110|001010100111|10110011001000
0d 111|0010010|001000011101|11000000111100
0e 000|1100111|001011010101|00101000101101
0f 000|0010101|001110001001|11011110010101
10 111|0010010|000011100101|01100101001110
11 111|0011111|001111011110|01100011010001
BX = 010 Event : 3
00 100|1110101|001100110000|00111000110011
01 100|0011110|000000000010|10110101100111
02 101|0011101|001010010000|10001111011100
03 101|0100000|000100111110|01010011101010
04 101|0010010|001111100000|10111011001101
05 010|0010010|001101110111|11000010000001
06 001|0011101|000101000001|10010011111110
07 001|0011101|000100110111|10010011111110
08 001|0010010|000011100000|01011111110100
09 111|0011110|001001101100|10101101001101
0a 000|0010001|001101010011|01110100110011
0b 111|0011110|000000000000|01110001010110
0c 000|1110101|001000010110|00111100001000
BX = 011 Event : 4
00 011|0011110|001101010001|10110010000100
01 011|0010000|001111100000|10010111010001
02 010|0011110|000101100101|01110110110111
03 010|0010000|001111100111|10011101100111
04 110|0010000|001101011011|10010010000101
05 110|0011110|000101011000|01110101101101
06 110|0010010|000100100000|01011001111010
07 110|1110011|000101010011|00100010001001
08 000|0011111|001010011000|11000100101111
09 111|1110100|001000010001|00101001101011
0a 000|0011111|000010110011|01100100110101
0b 111|0010000|001111100010|10100011000111
0c 000|0010000|001001001011|10000100011111
0d 000|0011111|001010110100|11000100111010
0e 111|0010000|001011101100|01111110101001
0f 000|0011111|001001110110|11000100111111
BX = 100 Event : 5
00 011|0010000|000001010000|10001110111010
01 100|1101001|000001000110|00111111000110
02 010|1101001|001000100010|11011111101001
03 101|0011101|000111011000|10001101010010
04 010|1110100|000111010011|00101111010100
05 101|0010011|000011100111|01010001010001
06 110|1101001|000011101010|01000100110010
07 001|0011111|000000000111|01011111001111
08 110|1100111|000111001000|00100111001001
09 001|0011110|000000101011|10110111111111
0a 000|1110110|000101100010|01000000101110
0b 000|0010000|000100010011|10000001010100
0c 000|1100111|000110001101|00110001001100
0d 111|0010010|000110100111|01100110011110
0e 000|1101001|000110000011|00111111110010
BX = 101 Event : 6
00 011|0010000|000110010101|10000110011111
01 011|1100110|001101111111|00100000010011
02 010|0010001|001010111000|01111010111110
03 101|0011110|001100101010|01101110110010
04 101|1101000|001001001000|00111011001000
05 101|0011101|001110101101|10000011011110
06 110|0010010|001111111100|01011101110100
07 110|0010001|001111101010|01110011011001
08 001|0010010|001010111101|01011111101001
09 000|0011111|001100111111|01100001000011
0a 111|0011110|001010010011|01101100011111
0b 111|1101000|001000110001|00111010111101
0c 000|0010001|000110100100|10111001100010
0d 111|1110101|000010111000|00110110101010
0e 111|1110100|000101001110|00101000010100
0f 000|1110100|000100110111|00101101100111
BX = 110 Event : 7
00 011|0010001|000110110011|01110110111110
01 100|0100001|001100111111|11010101101001
02 011|1110101|001100011000|00110011010101
03 011|0010100|001101001011|11010101110011
04 011|0010000|000110010101|10001111010000
05 101|0010000|001101110010|10001110000000
06 010|0010000|001001001110|01111111001001
07 101|0011110|001100000100|01101000111100
08 110|0100001|001100100011|01001101100000
09 000|0010010|001000110100|01100101011001
0a 111|0010000|000001011000|10011001010110
0b 000|0100001|001100000110|11011001000000
0c 111|0011101|000101010011|10000111110110
BX = 111 Event : 8
00 011|0100000|001010011101|11001011010100
01 100|1101000|001101010101|00111001111010
02 101|1100111|000001011000|00100110100011
03 101|1100110|000001000110|00100100000010
04 110|1100111|000001110111|00101100100001
05 001|1101001|000001101111|01000000001000
06 110|1110110|001001110100|01000000000011
07 110|0010001|001111111100|10110111001101
08 001|0011101|000111011000|10001011000100
09 111|0100010|001001110001|01000011010110
0a 000|0011111|000010110000|11001000000010
0b 000|1100111|000001100111|00101100111101
0c 111|1110101|000101001011|00111011000001
0d 111|0100001|000111111010|01001001001111
0e 000|1110011|000111100101|00100010010101
0f 111|1101001|001000100111|00111100110110
10 111|0010100|000001100010|01000101101010
BX = 000 Event : 9
00 011|0100000|001100011011|11001100001110
01 100|1110101|000000101001|00110101101001
02 100|1101000|001000100010|00110100001000
03 011|1101000|001001010000|00110111011010
04 100|0100000|001110011011|11001010100101
05 101|0010000|001011111011|10010111100001
06 001|0010011|001001011101|11001010010101
07 001|0100000|001111001110|11010001111000
08 001|0010001|000110100001|01101000011110
09 000|1110110|001000001001|01000011100111
0a 000|0010000|001000011111|10011000000001
0b 000|0010011|001011100100|01001110100010
BX = 001 Event : 10
00 011|0011101|000000010010|10010000100000
01 011|0010001|000100011000|10110010011000
02 011|0010011|000010000001|11001110001010
03 100|0010100|000101111000|11010111000111
04 011|0010011|000100000110|11010010001110
05 011|0010001|000100011101|10110111100010
06 011|0010100|001110001001|01001100111000
07 100|1110101|000010100110|00110111000000
08 011|0011101|000101010011|10000111100001
09 011|0011101|001001111110|10100010111001
0a 101|1101001|000100000001|01000001111100
0b 101|0011101|001001100111|10000010111111
0c 010|1110101|000011001010|00111010100110
0d 001|0010010|000011100101|01011010110101
0e 110|0010010|000001011011|11000110011011
0f 001|0010010|000001101101|01100000110100
10 110|0010100|001111111110|01001100011000
11 110|0100000|001000001110|11010000000101
12 001|0100001|000101110100|11010111001000
13 110|0011101|001001100111|01111110100111
14 001|0100000|000000111101|01011000010000
15 000|1110110|000011011001|00111111000111
16 000|0011111|000000000010|11000101101110
17 111|0010010|000011110010|11000110110110
18 000|0011110|001001100111|10101110000010
19 000|0010000|001101001110|10010011110000
1a 000|1110011|001110011101|00100110000000
1b 000|0011101|000101100101|10010110111100
1c 000|0100000|000101101000|01010010010110
1d 111|0100001|000011000101|01001001101111
1e 000|1101000|001110000100|00110011111101
1f 000|0100001|001110111111|11011010011010
20 000|0100001|000101000001|11011011000011
21 000|0100001|000101001011|11011011001001
BX = 010 Event : 11
00 011|0010001|000100101010|01111001011110
01 011|0011101|001100111101|10011001101010
02 001|0100000|000000000000|01010010101011
03 000|0011110|001010110111|10101011000100
04 111|0011101|000111101101|01111101110111
05 000|0010011|001001100010|11010001011001
06 111|0100000|001100010011|11001110001100
07 000|0011110|001000001001|01110011001111
08 111|0010001|000110011111|01111000011001
09 000|0010010|000010001000|10111100000000
BX = 011 Event : 12
00 011|0011101|001010010000|10000101110010
01 011|0010000|001000100100|10000101010100
02 100|1110101|001111010001|00110111010110
03 100|1110101|000101000100|00110110110101
04 011|0011110|001010110111|01110011111001
05 011|0100010|001100101101|11011110111010
06 010|0011101|001000001001|10001111110001
07 010|0011110|001010100000|10101011100011
08 101|1101001|001101110100|01000000111111
09 010|0011101|001010101100|01111111001100
0a 010|0010100|001011110100|01001011111000
0b 101|0011101|001010011000|10000010010100
0c 010|0011101|001000010110|10001000100101
0d 001|0010101|000110101110|11011111101010
0e 110|1100111|001011000000|00100111001111
0f 001|0010000|001000110100|01111111100100
10 110|0100000|001001110110|11010000111110
11 110|0011101|001010011000|10011001011010
12 110|0011101|001010010011|01111101001101
13 111|0010001|000110101001|10101111111101
14 111|1100111|001101101111|00100110100011
15 111|0010000|000010010001|10001100010101
16 000|0010100|001000011111|01001001001001
17 000|0010000|001000110110|01111101001001
18 111|0010001|000001010101|01101001100011
19 000|0010000|001000011101|10000101101010
1a 111|0010010|001000101010|01011101110100
1b 111|0011101|001000001100|10001111010110
1c 000|1100111|000100010110|00101000001100
1d 111|0011110|000101011000|10111100010001
1e 000|0011111|000111111010|10111100101100
BX = 100 Event : 13
00 011|0011101|001100011110|10000100010011
01 011|0011110|000010111101|10111001100011
02 011|0011110|001010010111|01110110110000
03 010|1101001|000100100101|11011111101111
04 101|0010000|001101011101|10001100110000
05 010|0010011|000011101101|01010110001011
06 110|0010000|001110001001|10010011010110
07 110|0011110|000001000010|10101001011010
08 001|0011101|001100001110|10010100110011
09 110|0011101|000000001111|10100010101111
0a 110|0011110|000011011111|10111000111001
0b 001|0100001|001101010001|11010101001010
0c 110|0010010|001101101101|01100011111001
0d 110|0010001|000110010111|10110001110010
0e 111|0011111|000010100110|01011110000101
0f 000|0011101|000011001010|01111111011100
10 111|0011110|001111000100|10110011011000
11 000|0011111|001100011110|10111111011111
12 111|0010010|001010111101|01011100101010
13 111|0010000|001101010011|10010001010101
14 000|1101001|000110010101|00111111000000
15 000|0011101|000111011101|10010010011111
16 111|0011110|001001111001|01101110110010
17 000|0011110|001111000110|10110100001000
18 111|1110110|001010100000|11011111010101
BX = 101 Event : 14
00 101|0011110|000111101000|10110000110101
01 110|0010001|001101010000|01101000001001
02 111|0011110|001100111111|01101001011100
03 111|1100111|000100100011|00101001101010
04 000|0100001|001000000111|01001001000101
05 111|0011110|001100001110|01101111110111
06 000|0011101|001001110001|10001001000101
BX = 110 Event : 15
00 010|1110101|000010110101|00111001101111
01 110|0011101|001000001001|10100110001100
02 000|0010000|000110100100|10001111010101
03 111|0010000|001101110111|10100000001100
04 000|0011111|000101000100|11000000101101
BX = 111 Event : 16
00 011|0010001|001000100111|10110001110010
01 010|0011110|001100111010|01110110010010
02 101|0010011|000111000101|01010100011011
03 010|0010010|000011111001|01100011011110
04 010|1110100|001010100101|00110000010110
05 101|1101000|001010110110|00111000111101
06 101|0011101|000111111111|10000001111010
07 010|0011110|001000010001|01110011010100
08 110|0010000|000001111111|10000111000100
09 111|0011111|001111000001|01011100110110
0a 000|0010001|001101111100|01110111101001
0b 000|0011111|000010011110|11001000100001
0c 111|0011110|001110111111|01110001010000
0d 111|0010001|000100010011|10100110100111
0e 000|0010010|001000110001|01100011001110
0f 000|0010001|001000111110|10110101101101
10 000|0011111|000111010110|10111111100100
11 000|0011110|001111011011|01110001110101
12 000|1110011|001111000001|00100000010001
13 111|1110101|000000000010|00110111100111
14 000|0010011|001000111100|01010011111011
15 111|0100001|000101001011|01000110101101
16 000|1110011|001110110010|00100101100101
BX = 000 Event : 17
00 100|1110101|000010101001|00111010110110
01 011|1110100|000011011001|00110001111000
02 011|0010001|001101000110|01101011011001
03 011|0011110|001100010110|01101010100000
04 011|0011101|000111100011|10011111001100
05 011|0010001|001101110010|01101110011000
06 010|0010010|001111011010|01011011110100
07 101|0010010|000101111101|01100110011110
08 110|0011110|001100011011|01101010101011
09 110|0010001|000100010011|10111001110111
0a 001|0010000|000110011111|10011110001100
0b 110|1101000|000011100101|00110010101010
0c 111|0010001|001110001110|01101011001001
0d 111|0010000|000011100111|01111101011110
0e 000|0011111|001100100000|01011110011010
0f 000|0011110|001100000001|01101001111011
10 000|0011110|001101000010|01101011010000
11 000|0010100|001110000100|11011010010001
12 000|0100001|000000111011|11011100001000
13 111|0011110|000000101110|01111000010110
BX = 001 Event : 18
00 101|1101001|000001010000|11011110100111
01 010|1100111|001010101011|00101001011111
02 010|1110110|001000001001|00111101100100
03 110|1110100|001010100000|00101011101111
04 001|1110100|001010110010|00101000110101
05 001|1100111|001010110001|00101001100101
06 110|0100001|001100101101|11011001100000
07 110|0010010|000001100101|10111111100010
08 110|0010011|001000111110|11010010111001
09 111|1101001|000001100111|11011110011100
0a 000|1101001|000111000000|01000011101010
0b 111|0010000|001111111100|01111110101001
0c 111|1101010|000110011010|01000101010011
0d 000|0011111|000010100110|11000111110010
0e 000|1110110|001000010100|01000011001100
0f 111|0011110|000011000000|10111011011101
10 000|1101001|001000011010|01000100101100
11 000|0010100|001000110100|11010100111000
12 000|1110101|001001111110|00111000101101
BX = 010 Event : 19
00 010|0010010|000110100111|01100110101001
01 001|0011110|001010101100|10111010001110
02 111|0010100|001110000100|01000101000101
03 000|0011110|000111101000|01100101101111
04 000|0010010|001101111100|01011101000100
05 111|0011110|001010001000|10111001101001
06 111|0010100|000011100111|01001011111000
07 111|0010010|000101111000|01100110000011
08 111|0011111|001110100101|01011110111010
09 111|0010101|001101101111|01000100011011
BX = 011 Event : 20
00 011|1110100|000101101101|00101000101010
01 100|1110011|000101000110|00100101100101
02 011|1100110|000100001001|00100000000011
03 100|0100000|001100110000|11001011110011
04 101|0100000|001100111110|11001110101110
05 101|1110110|000010010111|00111110010000
06 110|0011101|001111011110|10010011001001
07 110|0010000|001111100010|10010010100000
08 110|1110110|000011010100|00111110001011
09 001|0011110|000111110111|01101111001101
0a 111|0011101|000000011001|10010000000110
0b 111|1100110|000001001011|00100100001101
0c 111|0010011|000110011111|11001000111011
0d 111|0010001|000001001001|10100111000010
0e 000|1100111|000100000110|00101000111000
0f 000|0100001|000010110011|11010101011111
10 000|0010000|001000011000|10100010000010
11 000|0010000|000001111111|10001110010101
12 000|1100110|000110111011|00100100000010
13 111|0100001|000111101101|01001000100000
14 000|1101000|000110100001|00111000011100
BX = 100 Event : 21
00 011|0010000|001111101111|10010100000000
01 100|0100001|001101001101|11011101010001
02 011|0100000|001010001000|01010100101110
03 000|0011101|000101110111|10001010101111
04 111|1100111|000011100010|00101100000101
05 111|1110100|000011100001|00101101011100
06 000|0010001|001011110110|01110011111110
07 111|1110100|000010101001|00101000100100
BX = 101 Event : 22
00 011|1110110|001010010101|01000100011000
01 100|0011110|000101111010|10101001011111
02 011|0010001|000010010001|10110101001101
03 100|0011110|000010010001|10110101000111
04 011|0011111|000000000111|10111111111001
05 011|0010001|001001011000|01110001010011
06 011|0010001|000101111011|10101001110010
07 010|0011110|000011100001|10101100101000
08 010|0010001|000011100010|10101100110111
09 010|0100010|001010101111|01000011101011
0a 010|0100000|000000010111|11001100100011
0b 010|0100000|000000000111|11001101000010
0c 010|1110100|001100001110|00101111101010
0d 101|0011101|000000000111|10011001100101
0e 001|1110110|001111100011|00111110110001
0f 110|0010001|000010000100|10101110000010
10 110|0011111|000101101010|11000101011111
11 110|0011110|001110101111|10111000001010
12 110|0100001|001010101111|01000101101001
13 111|0010000|000001101010|10010101011011
14 000|0011110|000000000101|10101001000101
15 000|1101001|001111100010|00111111101100
16 000|0100000|001111100000|11001101000111
17 111|0100000|000000000010|11010010110010
18 111|0100000|000011000111|11001100111000
19 111|0010010|000110111001|11000110110001
1a 000|0011111|000000001010|11000111101101
1b 111|0010010|000100100000|11000010110001
1c 111|0010100|000100010110|11011011111011
1d 111|0100001|000000000000|11011000010001
1e 111|0010010|000010001110|10111110100111
1f 000|0010011|000100010110|11010011010011
20 111|0011110|000010011100|10110110100000
21 000|1101000|001111111110|00110111000100
22 000|1101001|000100001011|01000001000100
BX = 110 Event : 23
00 011|0011101|000100110100|10010011110011
01 001|0010001|001001011010|10101011000010
02 001|0010010|001000100100|01011101111111
03 001|0100001|001110111100|11011011001110
04 110|0011101|000000101110|01111011101001
05 001|0011101|001110100101|10001100011000
06 000|1101001|001110001110|11011110100001
07 000|0100000|001100010011|01010001100001
08 000|0011111|001100110111|01011110111010
09 111|0100000|001110110100|01010100000100
0a 000|0011110|000101010110|10101110010111
0b 000|0011101|001110100111|10100101101101
0c 000|1110011|001010100101|00100010001001
BX = 111 Event : 24
00 011|0011101|001010100101|10010001101010
01 011|0100000|001010001000|01010100101110
02 100|0100000|001110111111|11010010010010
03 010|0100001|001010011101|11011000100110
04 101|0011101|000100111001|01111010011111
05 110|0100000|001110011011|11010010001000
06 111|1100111|000011100010|00101100000101
07 111|0010010|001011011010|01100101001110
08 111|1110100|000011100001|00101101011100
09 000|0010001|001011110110|01110011111110
0a 111|0010001|001101111101|01101100000000
BX = 000 Event : 25
00 011|1110110|001010010101|01000100011000
01 011|0100000|000000000111|11001100111101
02 011|0010100|001101100101|01001101000010
03 011|0011111|000000000111|10111111111001
04 010|0100010|001010101111|01000011101011
05 010|1110100|001100001110|00101111101010
06 101|0010100|001000100100|11010101011000
07 101|0011101|000000000111|10011001100101
08 001|0011110|000000000101|10101001000101
09 001|0010000|001111111001|10011011010001
0a 110|0100001|001010101111|01000101101001
0b 000|1100111|001101101111|00101110010101
0c 111|0100000|000000000010|11010010110010
0d 000|0010000|001111111100|10000110110100
0e 000|0011111|000000001010|11000111101101
0f 111|0100001|000000000000|11011000010001
10 000|1101000|001111111110|00110111000100
11 000|0100010|001100000001|11011101100001
12 000|0010101|001011111001|11011110111010
13 000|0010011|001011000011|11001100011010
14 000|1101000|000001101111|00110011110111
BX = 001 Event : 26
00 011|0011110|001010001110|01110100110011
01 101|1110110|001111001001|01000010011011
02 010|0010001|001001011101|10111001010111
03 101|0010000|001000100111|10000010010100
04 110|0010001|000001001011|01110100001110
05 110|0011110|001010011000|01101001111011
06 111|0011110|001010100000|01110100100011
07 000|0100000|001111011000|01001110101001
08 111|0011111|001010001000|11000100000101
09 000|0010011|001111011101|01001111111100
0a 111|1101001|001111110010|11011110111101
0b 111|0010101|001111100101|01000100010110
0c 000|0010010|001011101001|11000101110110
BX = 010 Event : 27
00 011|1110110|001001101100|11011111000100
01 110|0011101|001010011000|10100011001001
02 111|0010101|001011100100|11011110011010
03 000|0010000|001011110001|10011011011100
04 000|0100000|001010011010|11001010101111
05 000|0010101|001011110100|11011101100000
BX = 011 Event : 28
00 011|0100000|000111001011|01001110001111
01 101|0100001|000111011000|11010100100101
02 101|0010000|000110101001|01111100100100
03 001|0010000|001111110111|10100001101100
04 111|0100000|001111100011|11010011111011
05 111|0010100|001111101100|11010100000011
06 111|0010001|001111011101|10111001110010
07 000|0100001|001010001000|01000101011110
08 000|1100110|000100001001|00100100101110
09 000|0011101|000101010000|10011000011011
0a 111|1110101|001111100000|00111000000111
BX = 100 Event : 29
00 011|0011110|001010101010|01101011101111
01 001|0010010|001000100100|11000111001011
02 111|0010010|001000111100|01011011000101
03 111|0100000|000111011011|01010011001111
04 111|0010001|001101001001|10110000111000
05 000|0010011|001101001001|01010010011100
06 000|0100001|001110111111|11011000011100
BX = 101 Event : 30
00 010|0010000|001001010000|10001111011011
01 010|0010000|001010111000|10011010000001
02 101|0010000|001001010011|10011001101100
03 110|0010101|000110011010|11011110101111
04 110|1110110|001010101111|11011101001101
05 001|0010001|001011101001|10111000000010
06 110|0010001|001101010000|01101000001001
07 000|1101001|000110011010|11011111101111
08 000|0100001|001000000111|01001001000101
09 111|0011110|001100111111|01101001011100
0a 111|0010010|001110010001|11000010010001
0b 111|0100001|000111001110|11010111110111
0c 111|0011110|001100001110|01101111110111
0d 111|0011101|000111111111|10000010011111
0e 000|0010000|001000110001|10010001000000
0f 000|0010011|000110001010|11010000111001
10 000|0010100|000101111101|11010111110010
BX = 110 Event : 31
00 011|0011110|000111101101|01110010111010
01 001|0011111|001000001110|01100100100000
02 000|0010011|001000111100|11001101010101
03 111|0100001|000000011110|11010111001101
04 111|0010011|000010010001|01010111100000
BX = 111 Event : 32
00 011|0011101|001000001001|10000001110101
01 010|0010101|000110100001|01000001100111
02 101|0010001|000011110111|01101010101110
03 010|0011110|000111011101|10111000001010
04 010|0100000|001100000001|01010001111011
05 110|1110100|000001000010|00101011001000
06 110|1100111|000001000001|00101010010110
07 110|0010001|000011111111|01110000110011
08 001|0010001|000100100000|10110101001101
09 111|0010010|001111101111|01011100100100
0a 111|0100000|001100000001|01010010011011
0b 111|0011101|001110111100|10011011001001
0c 000|0011111|000010011110|01100011101011
0d 111|0011101|001110100111|10001011011110
0e 111|0010011|001111111001|01010000101100
BX = 000 Event : 33
00 011|1110110|001000001110|11011110111001
01 011|0010001|000001111100|01101100001001
02 011|0011110|000000001100|01101101000100
03 010|1110110|000101101000|01000010000000
04 010|0010100|000110111001|01001110000010
05 101|0011111|001100101010|01011111001111
06 110|0011111|000111101000|01011101100110
07 110|0011101|001100100000|10001011100100
08 001|0010011|001111111100|11001100000000
09 110|0011101|000000111011|10000011001001
0a 111|0010011|000110111110|11010001000100
0b 111|0010001|001101010011|10101111100010
0c 111|0010011|000001001001|11001100011010
BX = 001 Event : 34
00 011|0010000|001000100111|10011111101100
01 100|0010000|000001110111|10011000001011
02 011|0010001|000001100111|01110000111000
03 010|0011101|000010011001|10010010011111
04 101|0010010|001101100101|01100110010011
05 110|0010001|000010001011|01110101101001
06 000|0011111|000011001111|01100010010010
07 111|0010001|001000101010|01110000001110
08 000|0100001|000111001011|01001010001110
09 000|0010100|000111000101|01001011001110
0a 111|0011101|001110100010|10000111001100
0b 000|0010001|000001110100|10110101011101
0c 111|0100000|000101100000|11010000011010
0d 000|0011101|000000000111|10100010101010
0e 000|0011110|001010100010|01101111010111
0f 111|1101000|000111000000|00110010001001
10 111|0100010|000101100101|01000100010000
11 111|1101000|000111001000|00111010001011
12 111|0100010|000101111010|01000100001010
13 111|0011111|001010110010|11000110101000
14 111|0010101|000101111011|01000010100110
15 000|0011111|001001101100|11000111110111
16 000|0011110|001001110110|10110000001011
17 000|1110100|000011010100|00101001110110
18 111|0010010|001110001110|01100101111110
BX = 010 Event : 35
00 011|0010011|001001001011|11001010110101
01 101|0100000|001000000100|11001110011100
02 001|0011110|001110100111|10111011010010
03 000|1110110|001111001100|00111110000101
04 000|0100000|000101100010|01010010100101
05 000|1110101|001100001100|00110111101100
06 111|0100000|001010000011|01001111011001
07 000|1110110|001110011101|01000011111000
08 000|0100001|001101000010|11011010011111
09 000|0010010|000100101101|11000110000001
BX = 011 Event : 36
00 100|1110101|000101100010|00111010011011
01 100|0100000|000000101001|11001111110000
02 100|0100000|000000010111|11001101101100
03 011|0011111|000001000010|10111111010100
04 101|1101001|000010000110|00111101000111
05 010|1100111|001101011101|00101110011011
06 010|0100001|000001000010|11010100100000
07 010|0010100|000001000001|11011000001100
08 110|0010010|000110000011|11000110011011
09 110|0011111|000000011110|11000101011111
0a 110|0100000|000000101001|11010100001011
0b 001|0100001|000000001100|11010100100101
0c 001|0010010|000110001000|10111101101100
0d 110|0011111|000000010010|11001001100110
0e 111|0011111|000000110011|11000010001100
0f 000|0011101|000000010111|10010111010001
10 111|0010010|000001101101|10111011100111
11 000|1110100|001010110010|00110001110011
12 000|0010011|001111110111|01010111000101
13 000|1110100|000111011000|00101110111111
BX = 100 Event : 37
00 011|0100001|001100100011|11011010101110
01 010|0010000|000011110111|10010011001011
02 010|0010001|001101011011|10101111011000
03 110|0100000|000000000101|11001011001001
04 111|0010100|000010000001|11010110101000
05 111|0011110|001100110101|10110100001101
06 111|1110110|001110111111|01000010000000
07 111|0010001|001011000101|10111000000111
08 111|0010000|001101001011|10011001100110
09 000|1101001|000110010111|01000001110001
BX = 101 Event : 38
00 100|1110110|001111001001|01000010011011
01 101|0011110|001010011000|01101001111011
02 101|0011101|001001111100|10011111010110
03 010|0011110|000101110010|10111000110100
04 010|0010001|001001011101|10111001010111
05 101|0011101|001110100000|10010011111110
06 000|0011101|000100110100|10000001010101
07 000|0100000|001111011000|01001110101001
08 111|0011111|001010001000|11000100000101
09 000|0010011|001111011101|01001111111100
0a 111|0010101|001111100101|01000100010110
0b 000|0010010|001011101001|11000101110110
BX = 110 Event : 39
00 111|0011110|001010100000|01101001110110
01 111|0011101|000101100000|10011010010100
02 111|0011111|000101000001|01100001100111
03 000|1100111|001000011111|00101010000110
04 111|1110110|000000001100|11011110111001
BX = 111 Event : 40
00 011|0011111|000100111110|01011101010110
01 100|0011101|000011001111|10100110110001
02 011|0010000|000100010001|10001011001010
03 100|1101000|001001000001|00111010000000
04 100|0010000|001000011111|10100010100010
05 100|0010001|000001011101|10111000110010
06 100|0011110|000100110100|10110111000101
07 011|0010000|001011110110|10000000110100
08 011|0010010|000001100000|11000010011100
09 010|0010101|001101100000|01000011111011
0a 010|0010001|000001100000|10110100100010
0b 101|0010000|001011001000|10011100100001
0c 001|0010000|000110000000|10010100010110
0d 001|0010000|000011100010|01111101100100
0e 000|0011110|001111100111|10110000011110
0f 111|0011101|000111110101|10010100111101
10 000|0011101|000000101110|10100110011100
11 111|0011101|000111111010|10010100110011
12 111|0011101|000010110101|10001000100101
13 111|1101001|001000110001|11011111010011
BX = 000 Event : 41
00 011|0011101|001010100000|10011100010011
01 011|0011101|001100101101|10011100010011
02 101|0011111|001000000010|11000110100011
03 101|0010000|001011110100|10001100001010
04 010|0010001|001111110111|10111001110111
05 110|1101001|000011100101|00111110010100
06 111|0010010|000100000110|10111110110010
07 111|1110101|001000010100|00110011101011
08 111|0011110|001110101010|10110100000010
09 111|0010100|000100101010|01001010101001
0a 111|1100111|000001010011|00110001110011
0b 000|1110110|001110111111|00111110001011
0c 111|0011110|001001111110|10110001011010
0d 111|0011101|000111011000|01111101001000
BX = 001 Event : 42
00 011|1101001|001001000001|01000011110101
01 011|0010011|000110001111|11001010100101
02 100|0010010|000100011101|11000010000001
03 100|0100001|000000100110|11011001111111
04 011|1101000|001101010000|00111001111010
05 011|1101001|001010110110|00111110101010
06 011|0010010|001101010011|11000011100001
07 101|1101001|001000110001|01000011101010
08 101|0010011|000110111011|11001010011011
09 110|1110110|000101011101|01000001001001
0a 110|0011111|000011000101|11000010101100
0b 001|0010001|000011101101|01111010011110
0c 111|0011111|000101100010|11000111101101
0d 111|1110110|000011011100|01000000111111
0e 000|0011111|001100100101|11000100010000
0f 111|1110110|001010110100|00111111000111
10 111|0100000|001000000100|11001111100101
11 111|0010001|000011101010|01110001111001
12 111|0011111|000101001110|01011110010000
BX = 010 Event : 43
00 101|1101001|000001010011|11011101011010
01 001|0010000|001000010101|10011010111100
02 111|1110110|001110100111|00111110100000
03 000|0011101|000100111001|10010110111100
04 111|1100110|001111101100|00100100110100
BX = 011 Event : 44
00 011|0011111|000010011110|01011001110100
01 011|0011110|001100111111|01110000010001
02 011|0010001|001101000110|01110000001000
03 011|0010001|001001100010|10110101011000
04 011|0011101|001100111101|10000110010010
05 011|0011101|000000111101|10000011101110
06 011|0100001|001110100010|11011001011011
07 100|1110100|000111001110|00101100001010
08 010|0011111|001010010000|01011110110101
09 101|0010010|001110001110|11000001010111
0a 101|0010001|001011001101|01110000101000
0b 101|0100001|001110011101|11010100100000
0c 110|0011111|000000111101|01011100110110
0d 001|0011101|000000000101|10011001011010
0e 001|0010001|001000110100|10110100101000
0f 110|0100001|000010100110|01001001001111
10 001|0011111|001110100000|11000000111000
11 111|0010010|000110011111|01011100011111
12 000|0011110|001110100010|01110111000001
13 000|0100001|000111110010|01001001011010
14 000|1101000|000111001000|00110101110110
15 111|0100001|000000010100|11011100001000
16 000|0010001|001101101010|10110111100111
17 111|0100000|001110011101|11010000010100
18 000|0010100|000001110111|11010111111101
19 111|0011111|001010101010|01100010100001
1a 111|0010011|001101101010|11001011010000
1b 111|0011111|001110100010|11001000010111
1c 000|0010000|001000100111|10011001000110
1d 111|0100000|000111001110|01010001001100
1e 111|0100000|000101110111|01010000100111
1f 000|0011111|001110100000|10111101010110
BX = 100 Event : 45
00 100|1110110|001101000100|00111111100010
01 100|1110101|001000001100|00111000101101
02 100|1110101|000011010111|00110110001010
03 011|0010010|000110011100|01100001101001
04 010|0010010|000011111001|01100011111001
05 010|0100000|000101101000|11010010010010
06 101|1101000|001000011111|00110101111100
07 001|0010010|000100010001|01100101011110
08 001|0010011|001111100111|11010001010100
09 001|0011111|001110111100|10111101100101
0a 001|1101000|001010110011|00111001001001
0b 000|1101001|001101000110|01000000001000
0c 111|0010011|001101110111|01010110010000
0d 111|0011111|001100110000|11000010011100
0e 000|0010001|000011111001|10110110110111
0f 111|1110101|001100111111|00110100101101
10 111|0100000|000111011011|11001010111111
11 000|0010100|000110001010|11011010111011
12 000|0011101|000000101011|10010011111001
13 111|0010011|001011101010|01011000011110
14 000|0100001|001111001100|11011101001100
15 111|0010010|001101010011|01011110001111
BX = 101 Event : 46
00 010|1101001|000110111110|11011101111011
01 010|0010001|000001011101|10101110100010
02 001|0010001|001011011111|10110111010010
03 110|0010000|001101010101|10000100100100
04 001|0010000|000001011000|10100101001100
05 001|0011111|000011000111|11000001100111
06 000|0100000|001101000111|11001101110111
07 000|0011101|000010011110|10011100000011
08 000|0011101|000101001001|10001001100101
09 111|0011110|000000011110|10101111100000
0a 111|0011111|000111001110|11000101001010
0b 000|0011111|001000001001|01100001110111
0c 111|1100110|001001100000|00100010101111
0d 111|0010000|000100100000|10011001100110
0e 000|1110101|000000000000|00110110111011
0f 111|0010001|000001101010|10110001111101
10 000|0010011|001011000101|11001101110101
11 000|0011111|000011010010|11000010011100
BX = 110 Event : 47
00 011|0100000|000010100011|01011000010101
01 011|1100111|000001101101|00101011100100
02 100|0100001|000111101010|11011001010101
03 100|0010010|001010110011|10111100110010
04 100|0010011|000011101010|11001011011011
05 100|0010001|000011111100|10110000101101
06 011|0010101|001101011011|01000100011011
07 101|1100110|001000011111|00100011100110
08 101|1110101|001100110101|00111010110000
09 010|0011110|001111000001|10111011011101
0a 010|0011110|001101000010|10111100001100
0b 010|0011111|001010110100|10111100100110
0c 010|0010000|001000111001|10100100011100
0d 110|1110011|000000100110|00100101001111
0e 110|1110011|000000001010|00100101001111
0f 001|1110100|000101110100|00101101100010
10 110|0100000|000101100000|11010010001000
11 000|0010001|000111000101|01110101011001
12 000|0010010|000110001101|11000110000110
13 111|1110100|000000110000|00101001000000
14 111|1110101|000010011001|00110011100110
15 000|0011111|001000010001|10111111000100
16 111|1110100|000010100011|00101111010100
17 000|0010001|001000010101|10100110111101
18 000|1110101|000101011011|00110011001010
BX = 111 Event : 48
00 011|0011111|000101011000|01011001001010
01 011|0010100|000100011000|01001000110100
02 010|0010000|001101101010|10011010001100
03 010|0100000|001110011011|01010010100101
04 010|0010011|001110001110|01010011010110
05 110|0010000|000100100000|10000101011010
06 111|0010010|000100001011|01011100001010
07 111|0011101|000011000111|10000000111011
08 000|1101000|000100001011|00110100110100
09 000|0010101|000011100111|01000100001011
0a 000|0010100|000001000011|11010100101000
0b 000|0011110|000111110101|01101111010111
0c 111|0010001|000100101101|01110011101110
0d 111|0010011|000100010011|01010110100101
0e 000|0011110|001111001110|10111000000101
0f 000|0010100|000001110111|11010100101110
BX = 000 Event : 49
BX = 001 Event : 50
BX = 010 Event : 51
BX = 011 Event : 52
BX = 100 Event : 53
BX = 101 Event : 54
BX = 110 Event : 55
BX = 111 Event : 56
BX = 000 Event : 57
BX = 001 Event : 58
BX = 010 Event : 59
BX = 011 Event : 60
BX = 100 Event : 61
BX = 101 Event : 62
BX = 110 Event : 63
BX = 111 Event : 64
BX = 000 Event : 65
BX = 001 Event : 66
BX = 010 Event : 67
BX = 011 Event : 68
BX = 100 Event : 69
BX = 101 Event : 70
BX = 110 Event : 71
BX = 111 Event : 72
BX = 000 Event : 73
BX = 001 Event : 74
BX = 010 Event : 75
BX = 011 Event : 76
BX = 100 Event : 77
BX = 101 Event : 78
BX = 110 Event : 79
BX = 111 Event : 80
BX = 000 Event : 81
BX = 001 Event : 82
BX = 010 Event : 83
BX = 011 Event : 84
BX = 100 Event : 85
BX = 101 Event : 86
BX = 110 Event : 87
BX = 111 Event : 88
BX = 000 Event : 89
BX = 001 Event : 90
BX = 010 Event : 91
BX = 011 Event : 92
BX = 100 Event : 93
BX = 101 Event : 94
BX = 110 Event : 95
BX = 111 Event : 96
BX = 000 Event : 97
BX = 001 Event : 98
BX = 010 Event : 99
BX = 011 Event : 100
