BX = 000 Event : 1
00 011|1011110|000100000101|01100110111100
01 011|1011110|000110101001|01000111001011
02 010|1101011|001110111100|10111100100110
03 010|1011111|001110111011|10111100111010
04 101|1100000|000110101100|00101011001001
05 101|1101010|001010100110|10011011111111
06 110|1100000|000100010010|00100111111110
07 001|1011110|001011000100|01010101010110
08 001|1101101|000110011100|00101010011000
09 001|1101100|000000110011|11001111001011
0a 001|1101101|000110011100|11011111111011
0b 110|1101100|000001101001|01000000000001
0c 111|1101101|000100001111|11011111010111
0d 111|1101011|001010000111|10011101101111
0e 000|1011111|000010100100|11000100010010
0f 111|1011101|001111011010|01111101100011
10 111|1101010|001111001110|10001100110011
11 000|1011110|001010101011|10101000111110
12 111|1101011|001110111001|01010100100100
13 111|1011101|001111110011|01111000001001
14 000|1101010|001000000001|10011011000001
15 000|1101011|001001111000|10011110111001
16 000|1011101|001001000100|10001100111110
17 000|1011111|000111001000|11000000111001
BX = 001 Event : 2
00 011|1101010|000111111111|01101111111111
01 011|1011111|000010111000|00111110110100
02 100|1101100|001100010110|11000001010000
03 011|1011111|000100011010|11000011000101
04 011|1011101|001101100000|01101100101111
05 011|1101011|000100001010|10110101101000
06 001|1011111|000101000110|11001001010000
07 110|1011101|000010111011|01110111100011
08 110|1011110|000010110011|10110100001001
09 001|1101100|001100000100|11000001101001
0a 000|1101010|000101111011|10001100100111
0b 111|1101011|000100000101|01010001101010
0c 111|1011101|001101101000|01101111001001
0d 111|1011111|001101100011|00111011000010
0e 111|1011101|001010110111|01101011101111
0f 111|1101010|001010100001|01111001101110
10 000|1101100|000110001101|11001110000001
11 000|1011101|001001010001|10001111010111
BX = 010 Event : 3
00 100|1011110|001111001111|10101110111101
01 100|1011101|001000011011|10001011100100
02 011|1101100|000111101010|00111001001111
03 011|1011110|001000111010|01010100110000
04 100|1011111|001111100100|11001001101010
05 101|1011110|001101100000|10110111001001
06 101|1100000|001000110010|00101011010110
07 101|1011101|001011011011|01101011010101
08 110|1101010|000011111111|01101001001011
09 110|1011111|001111001101|11001001011101
0a 001|1011101|000010100110|01111010001001
0b 001|1011101|001011000010|01111100111101
0c 001|1101100|001000011001|00101100100000
0d 000|1011110|001101100101|10110011010110
0e 111|1100000|001001011001|00101011001001
0f 000|1011110|000010100100|10110110010101
10 111|1011110|001101110101|01101001111100
11 111|1011101|001001000100|10001010010111
12 111|1101101|001010111000|00100011110101
13 000|1101100|001000001100|00111001110101
14 000|1101010|000001000101|01101011101101
15 000|1101010|000011001111|01101100101100
16 000|1011110|001100111111|10101111001010
17 111|1101011|000000111110|01011101010100
18 111|1101011|001100110011|01011001000010
19 111|1101101|000001011111|00100101110000
1a 000|1011110|000010010010|10111010010101
1b 000|1101101|001010001111|11011111010111
1c 000|1101010|000001101100|10001101100101
1d 000|1011110|000000000000|10011101100101
BX = 011 Event : 4
00 011|1011111|000100100010|00101101101110
01 100|1011101|000110110001|10001111100100
02 011|1011111|001111000000|00110001011111
03 011|1011110|000010111101|01010010110000
04 011|1101100|000101010110|00110011110101
05 011|1011111|000100111001|11000111110111
06 101|1101011|000111110100|10100110000110
07 010|1101101|000011011110|11011111100011
08 010|1101101|000101010110|11011111111011
09 101|1011111|000111000000|11000011011111
0a 001|1101010|000011010001|10010111111001
0b 001|1011110|000010011100|10111010100010
0c 110|1011110|000110110001|10111000010101
0d 001|1011111|001101011000|00111000010000
0e 001|1101100|001110010010|11001100110110
0f 110|1011111|000100100111|00110000000110
10 000|1011111|000100011111|00111101101000
11 111|1101011|001001111101|10011111000110
12 000|1101010|001001111111|01110001111100
13 111|1101011|001000000111|10011110100001
14 000|1100000|001110111011|11010100100100
15 000|1011111|000100111001|00110010010010
16 000|1011101|001011001111|10010100011000
17 111|1101101|001110010111|11011100101010
18 000|1011110|000110111011|10110110010101
19 111|1011110|001111011010|01001000111110
1a 111|1011111|000001101110|00110111000011
1b 111|1101011|001110110100|01001010101011
1c 111|1101100|000001110001|00111000101010
1d 111|1101010|000111101101|01111001101110
1e 000|1011110|001111010100|10111011100001
1f 111|1101010|000101100110|01110010100001
20 111|1011110|000100101111|01100000010101
21 111|1011111|001101000100|00111111000001
BX = 100 Event : 5
00 100|1011111|001111101100|11000000101101
01 011|1100000|001011000111|00101100001001
02 100|1101011|000101011100|10101101101011
03 011|1011110|001110111000|01101000101111
04 100|1101011|000101010110|10101001111110
05 100|1101010|000100000111|10010110100010
06 011|1011101|000010000000|01110101101111
07 101|1011110|000001101110|01001100001010
08 001|1101010|001110111001|01101000100110
09 001|1011111|000010011001|11001110110100
0a 000|1101011|000110011100|10101010100100
0b 111|1100000|000010101110|00101011111100
0c 000|1011110|000111000011|10100101111110
0d 000|1101011|000101011110|10101000000010
0e 111|1100000|001000100000|00100111111110
0f 000|1011110|001010110101|10111000001000
10 111|1011110|001000101010|01010101100011
11 111|1011101|000110100001|01110101100011
BX = 101 Event : 6
00 011|1011111|001000011101|00111011101000
01 011|1101011|000111110100|10100100001001
02 011|1011110|001000110111|01100100010101
03 011|1101101|000110011100|00100101100100
04 100|1011110|001011100001|10011000111110
05 011|1011110|000001110101|01011000100010
06 101|1011110|000010001111|10110110100010
07 101|1011110|000010001100|10110100100011
08 010|1011111|000101010000|11000010000110
09 010|1011111|000100110001|11000010000110
0a 101|1101011|001110111001|01001011011101
0b 101|1011111|001011011110|11001110000001
0c 001|1011110|000010001010|10111001001000
0d 000|1101011|001000101011|10100011110001
0e 000|1101011|000001100100|10100100101111
0f 000|1011110|001100100111|01100010100010
10 000|1101101|000110011100|00100011010000
11 000|1101011|000111111100|10100110000110
12 000|1101100|000101101001|11001001110001
13 000|1011101|000110111110|01110111001001
14 111|1011110|001110110000|01100110100010
15 111|1011111|001001100011|01000011001100
16 000|1011110|000010000101|10110111010101
17 111|1101011|001001111000|01000100010010
18 111|1011111|001000110010|00110011101011
19 111|1101011|001000000111|01000010010110
1a 111|1100000|001001011001|00100001010000
1b 000|1011111|001011101000|11001111000001
1c 000|1101100|001010000010|11010001111000
BX = 110 Event : 7
00 011|1011111|000100001101|00111110001110
01 011|1011110|001110111011|10110111001001
02 011|1100000|000100011010|00100011100111
03 011|1011101|000111001011|10000110100100
04 010|1101010|001010000010|01101101000100
05 101|1101100|001110010111|11000000101011
06 101|1101100|000001010010|10111111100000
07 010|1101100|001110010000|01000000111111
08 101|1011110|000000000101|10011110100101
09 010|1101011|001100111111|01010011001110
0a 001|1101101|000001000000|00100101011000
0b 001|1101010|000110001010|10001000101110
0c 110|1101100|001100101101|00110010000110
0d 110|1011101|000110111011|10010011001011
0e 111|1101100|000011111111|00111110011110
0f 000|1011110|001001011011|10110001010110
10 111|1011110|000111010111|01011101101111
11 111|1101011|001100000111|01011011100100
12 111|1011101|000010111000|01111101010110
13 000|1101101|001000101011|00100011000100
14 000|1011110|000100110100|01010011100011
15 111|1101010|001110000011|01101001011000
16 111|1101010|000111111010|10011001011101
17 111|1011111|001000101111|11000111101010
18 111|1011101|000110110001|10000101111101
19 111|1100000|001000100011|00100010101000
1a 000|1101010|000100000101|10001101110010
1b 111|1011110|000010000010|01100010010101
1c 000|1101100|000001001000|11000000010010
1d 111|1011110|000001111101|01011011100010
BX = 111 Event : 8
00 011|1101010|000011101011|01111101011011
01 100|1101011|000000111110|10101011101110
02 100|1011110|000010101001|10011011011000
03 011|1011111|001011010110|11001000011101
04 010|1101100|001010111000|00110010011111
05 010|1101010|000011101011|01110000001100
06 010|1011110|000110111001|10110101101111
07 110|1101101|001010010111|00101000011101
08 110|1011110|001000100011|01011001111100
09 110|1101010|000001000000|10011010101000
0a 001|1011101|000110100001|10000111110001
0b 001|1011111|001111110110|00110110110111
0c 001|1101010|001100101101|01111100110110
0d 001|1011111|001010111101|10111110100001
0e 001|1101010|000011110011|01101110000011
0f 001|1101010|000011101101|01101110000011
10 111|1101011|000101010100|01011000101010
11 000|1011110|001011011001|10100111001011
12 111|1011111|001111101110|00110110000100
13 000|1011110|001010111101|10011010100101
14 111|1101011|001000101000|01000010101111
15 111|1101100|000011110000|11000011011000
16 111|1011111|000111001101|00111010000010
17 000|1101010|000101110101|10000110001100
18 000|1100000|000010000010|11011000101111
19 111|1101011|000010111111|01010010011100
1a 111|1101011|001000100101|01100000001111
1b 111|1101011|001000011011|01100000001111
BX = 000 Event : 9
00 011|1011101|000100000101|01101110001001
01 011|1100000|000010111011|00101000111110
02 011|1011110|000101010000|10010110100101
03 011|1101010|001000100101|10011010001111
04 011|1011110|001001000100|10101010110001
05 010|1101010|000000110110|01111010101101
06 101|1101010|001100111010|10000011110110
07 101|1101101|000011111111|11010101001010
08 101|1011101|000100010010|10000010010111
09 010|1101010|001110000101|01110000001100
0a 010|1011111|001101100000|00111110100111
0b 010|1101101|000001101100|11010111010001
0c 001|1011110|000100011010|10010110110001
0d 110|1101100|000001101100|11001010111011
0e 110|1011110|000100100100|10011001011000
0f 001|1011110|000111010111|10111010100010
10 001|1100000|000010001111|00101001010111
11 001|1011110|001101011101|01011100111100
12 111|1011111|000110100100|00101101111011
13 000|1011101|001101101111|10000011100100
14 000|1101011|000101011100|10111000010110
15 000|1011110|001111000101|01100111010101
16 000|1100000|000111010010|00100111100101
17 000|1011101|000010100001|10001011100100
18 111|1101101|000011000111|11010100110001
19 000|1011110|001111010010|10011111011000
1a 111|1101010|000011111111|01101110101000
1b 111|1011110|001111001101|01001010111110
1c 000|1100000|000001110000|11011000100010
1d 000|1101011|001111010011|10011110001000
1e 111|1101010|001000001100|01110001001010
BX = 001 Event : 10
00 011|1101100|000001010000|11000010111111
01 100|1011111|001000110101|11000000010011
02 011|1011110|001111000101|10100111100100
03 011|1011110|000100111001|01100110111100
04 100|1101010|000100000111|10011000101011
05 100|1101100|000001110100|11001001011000
06 011|1100000|000100100010|00100100110011
07 100|1101011|001010111011|10100111000100
08 010|1101011|001000000001|10011111000110
09 101|1101011|001010001010|01011111000100
0a 010|1011101|001001001100|01110011111100
0b 110|1011111|000110011111|00111000010000
0c 110|1101011|000110001101|01010110100001
0d 110|1101100|000001100100|11000101010100
0e 001|1011101|000111011111|01111011100011
0f 001|1011110|000000011001|10011100111110
10 001|1101011|001010000010|01011100010110
11 110|1011111|001011000100|11000011011111
12 000|1011110|000111010101|01011110001001
13 000|1101100|001000101000|11000001110101
14 000|1011110|001111000101|10110010110000
15 111|1101011|001010010001|10101110000011
16 111|1101101|001100001001|00101010100100
17 111|1101010|000101101110|01101010101111
18 111|1101010|000100001111|10011011011010
19 111|1011110|001000100011|01101000010101
1a 111|1011110|000110111001|01000101111111
1b 111|1011111|000110001111|00110100011110
1c 000|1011111|000010011110|11001100001111
1d 000|1011111|000000101001|10111101010100
1e 111|1101010|001100011011|01110010010101
1f 111|1100000|000110010101|00100000011101
20 000|1101010|000011001111|10001111010101
21 000|1011111|001010110000|11001000011101
22 111|1011110|001101110101|01010101100011
23 111|1011110|001010101011|01000100111111
BX = 010 Event : 11
00 011|1101100|001001110101|00101111001101
01 011|1101011|000110000111|10110011111000
02 011|1101101|000110001101|00100011011100
03 011|1011101|000001111101|01111000111100
04 011|1011110|000100101100|01010101010110
05 100|1101101|000011111111|11010111101010
06 010|1011101|001010101101|01101010111100
07 010|1011110|000100011010|10101110100100
08 010|1011101|001010100011|01110000010110
09 010|1101011|001000001001|10110010010101
0a 101|1101011|000011010110|01001101110010
0b 101|1011101|001000100000|01111110111101
0c 101|1101010|001000010110|01111101001111
0d 101|1101010|001000001001|01111101001111
0e 001|1011101|001111000101|10000110100100
0f 110|1101101|000100001100|11011010111011
10 001|1101010|001001111010|01101011001000
11 001|1011101|000111000101|01111100001010
12 110|1101010|000110001101|10010011011011
13 001|1101100|000011000100|00111100001001
14 000|1011101|000000010010|10010001011000
15 111|1101010|001010111101|01101010010110
16 111|1101011|000011111010|01000110111111
17 111|1101011|000011111111|01000110111111
18 111|1101011|000011110101|01010100011000
19 000|1101010|001010000101|01101011010100
1a 111|1100000|000000010010|00100010001111
1b 111|1101100|001001111000|11000100010110
1c 000|1011101|000110100111|10001100010111
1d 111|1101011|000011111010|10110011101100
1e 111|1011110|000110111110|10100010110001
1f 000|1011110|000100111110|10110011010110
20 111|1101011|000011001111|01001010101011
21 000|1011110|001010110111|10110100101111
22 000|1101100|001010101110|11001000000001
23 111|1101011|000011010110|01001000100010
24 111|1011110|001001000001|01000111111110
25 000|1011110|001011010100|10011010011000
26 111|1011110|001111101100|01010101001001
27 111|1011101|001111110001|01110000101111
BX = 011 Event : 12
00 011|1101100|001111000011|00101111110010
01 011|1011110|000110101110|01011011010101
02 011|1011110|001011001100|01000100001100
03 011|1101010|000101111000|01100101111000
04 011|1101011|001100101101|01010101100011
05 011|1101011|001100001100|01010101100011
06 011|1101010|000110100001|01101000011010
07 011|1011110|001100111100|10101001111110
08 011|1101100|000111110010|00111000110111
09 101|1101010|001110110001|10000100011100
0a 010|1101010|001110001101|01111011110111
0b 010|1101011|001011111100|10011101101111
0c 010|1101100|001110010101|00101100100000
0d 101|1011101|000010101001|10000010010111
0e 010|1011111|001110101011|00101111100000
0f 010|1011101|001101100101|01110010001001
10 001|1011101|000010000000|10010101100101
11 110|1011110|000010110110|01101001010101
12 110|1100000|000101001110|00100111001011
13 110|1101011|000101011110|10101000001110
14 001|1101010|000011011011|10011010001111
15 001|1101011|000011100011|01001001001000
16 001|1101011|000101011110|01001001010100
17 110|1101011|001010111101|10100101101101
18 001|1101100|001000100101|11001110110010
19 110|1101011|001111000001|10110100101010
1a 001|1011101|000110101110|01111011111101
1b 110|1101100|001110110001|00101111011001
1c 111|1011111|000100000000|11001111011010
1d 111|1011111|001000100011|11001101101000
1e 000|1101010|000001110001|10010110111011
1f 111|1101011|000001110110|10111001101100
20 000|1011110|000010110110|01010110101111
21 111|1011101|001011001100|01110101001001
22 000|1101101|000101011001|00101011111011
23 000|1101100|001000100000|11001111111100
24 111|1101010|001000000001|10010001000101
25 000|1011110|001011001100|10100000011000
26 000|1101011|000001010010|10110010100001
27 111|1011111|000000000000|00111110000001
28 000|1011110|000110111011|10100010001011
29 000|1011110|001000110010|10100010011000
2a 111|1101100|001010000101|00111011001011
2b 000|1100000|001100100111|11010101001010
2c 000|1101010|000111111010|10010111111001
2d 000|1101100|000110011111|11001010001001
2e 000|1101011|000101110011|10101001001101
2f 111|1011110|001111101110|01100101101111
30 000|1011110|001110101110|10011101001011
31 000|1011101|001001001100|10001101001011
32 111|1011110|001011110011|01010001110000
33 111|1011110|000010011001|01010000110000
BX = 100 Event : 13
00 011|1011111|001000101111|00101101100001
01 011|1100000|000000000010|11010011100101
02 100|1101011|000101100011|10011111000110
03 100|1011111|000010011100|11001111011010
04 011|1011110|000000011100|10110101100011
05 011|1100000|001000100011|11010110111100
06 011|1101010|001110000101|01101001111101
07 100|1101010|000001011111|10011011000001
08 100|1101010|000000100110|10011010101000
09 100|1100000|001111100110|11011011101101
0a 100|1011110|000110101100|10110111100010
0b 010|1011101|001001100000|10000000010111
0c 101|1011101|000110110001|01111110111101
0d 101|1011111|000010110110|11001111001110
0e 010|1011110|000110110011|01100010101111
0f 010|1100000|000010000101|11010101111101
10 101|1011110|001110111011|10101100110000
11 110|1101011|000000111011|01011000110110
12 110|1100000|000010000111|11011100000110
13 001|1011110|000010010100|10111000111011
14 001|1011111|001111110110|00110101110111
15 001|1011111|000000000000|11001010011100
16 001|1101010|000001000101|10011011011010
17 111|1011110|000000000111|01001111111101
18 000|1011110|000000001101|01010000110000
19 111|1101011|001100011001|10101100010100
1a 000|1011110|001011101101|01100111101111
1b 000|1011110|001111011010|01000111110010
1c 111|1011110|000111001011|10110111001001
1d 000|1100000|000100110100|11011101011111
1e 111|1011110|000000011111|01010011110000
1f 000|1011101|000010010111|01101011101111
20 000|1011111|001001001100|11001110100111
21 000|1101011|000110001010|10100000110110
22 111|1011110|000000011001|01001111110000
23 111|1011101|001111110011|01110000100010
24 111|1011110|000000000000|01101001101111
25 111|1011110|001111011111|01000110100101
BX = 101 Event : 14
00 011|1101010|001101000111|01101000110010
01 011|1101010|000001001101|01101000001101
02 100|1101101|001110100100|11011001100101
03 011|1011110|000000001101|01011000010110
04 011|1101011|000111101101|10101011001001
05 011|1101010|001010110011|10011011001101
06 010|1011110|001100101111|01100100100010
07 001|1011110|001010101101|10110111111100
08 110|1101101|000011101011|11011010001010
09 110|1011110|000110100100|01010111001001
0a 001|1011110|001110110000|01001001110001
0b 110|1101101|000110011001|11010101010110
0c 110|1011110|000110010101|01100010010101
0d 000|1100000|000100110100|00100000110110
0e 000|1101101|001110001101|11010101111011
0f 000|1100000|000010101001|00100010101000
10 111|1100000|000100001000|11011101000101
11 111|1100000|000111010000|00100111110001
12 111|1101101|000001001010|11011010001010
13 000|1101010|001010001111|10011001110110
14 000|1101101|000011011001|11011110111110
15 000|1011101|001011001100|10001101100100
16 000|1101010|000001110110|01101110101000
17 000|1101010|001100110000|01111111011000
18 000|1100000|000100000011|00101101001000
19 111|1101011|001110101111|01001001101101
1a 111|1011101|000101001000|01111001100011
BX = 110 Event : 15
00 011|1011110|000100111110|01000011110011
01 100|1011111|001010111111|11001100110101
02 011|1011110|000100010101|10011000100101
03 010|1101011|000101011110|10111101011000
04 101|1011101|000100111110|10000011001010
05 010|1011111|001000111111|10111111101101
06 010|1011111|000001110101|11000110010001
07 110|1101101|001010101011|11010101001010
08 000|1101011|001011000010|10110010001000
09 111|1101011|000011111000|10101110110101
0a 000|1011110|000100001000|10011010100101
0b 111|1011101|001000110010|01110010100011
0c 000|1101011|000011000111|10111011101000
0d 111|1101011|000010111111|01100011010110
0e 111|1011110|000010110110|01100001101111
BX = 111 Event : 16
00 011|1011101|001000100000|01111111001010
01 011|1011101|000010000101|10010011111110
02 011|1011101|001001101000|01111000010110
03 100|1101010|000000110110|10010111010100
04 010|1011101|001001000001|01111100100011
05 010|1101101|000001010010|00101100000111
06 101|1101010|000011000111|10010010011100
07 010|1011110|001110101001|01010000111101
08 101|1100000|001111000010|11010011100101
09 010|1101011|000011110101|01011111011101
0a 101|1101100|000011100001|00111100010110
0b 101|1011111|001001000001|10111111101101
0c 110|1011110|001100110010|10111010111011
0d 001|1011101|000000101001|01111000001001
0e 110|1101011|000110010010|10100111000100
0f 110|1101010|000100000101|10010101110000
10 110|1101011|001110101010|01010001011110
11 110|1011110|000010111101|01010010001001
12 001|1011110|000001110011|10101110010111
13 001|1101100|000100001111|00111100111011
14 111|1011110|001011100011|01011110101111
15 111|1101011|000001000000|10101110011100
16 000|1101011|001010001010|01000011101100
17 000|1101011|000111110111|01010011111111
18 000|1100000|001010110111|11010111001001
19 000|1011111|000110110001|00110011011110
1a 111|1101010|000110000000|10011001010001
1b 000|1011101|001000101000|10000111100100
1c 111|1011110|001011100011|01010111010110
1d 000|1101010|000011111101|10011001101001
1e 111|1101011|001110110100|01000101011100
1f 111|1011110|000010111101|10100110111110
20 000|1101100|001010011100|00101100101100
21 111|1101100|001100110101|00111011111101
22 000|1101101|000100001100|11010101101111
23 111|1101010|000100001100|01101011010100
24 111|1011111|001100110111|00111010011100
25 000|1011110|001111100100|10100110011000
26 000|1101011|000101110000|10101000000010
27 111|1101011|000111111111|01010101101111
28 000|1011111|000001111101|11010000100110
29 000|1011111|001101001001|11000000111001
BX = 000 Event : 17
00 011|1101011|001000011011|01000010100010
01 011|1100000|001000101101|00100010011011
02 011|1011111|000100000011|01000011011001
03 011|1101100|000110010100|00110100000010
04 011|1011111|001101101000|11001001010000
05 011|1101011|001000100000|01010110100001
06 011|1011110|001011100110|01100110111100
07 011|1101011|001010111101|01010111111000
08 010|1100000|001001011001|00100010001111
09 010|1011111|001001000001|00111010011100
0a 101|1011110|000010110011|10110010111100
0b 010|1101100|000101100001|11010010101001
0c 010|1101010|001000010110|10000000100010
0d 010|1101100|000110001010|11010011100111
0e 101|1011110|001001000100|10101111010111
0f 101|1011111|000010101011|10111101101101
10 110|1101101|000100001010|11011011101101
11 110|1011111|000110110001|11000110101011
12 001|1101101|001100100011|00101010111101
13 110|1101100|000101011110|00110001010101
14 110|1100000|001101110101|11011010010000
15 110|1011101|000111011101|10010011001011
16 111|1101100|001100110000|00111101101100
17 111|1101101|000011010001|11011110000000
18 000|1011101|000110110110|10010011111110
19 111|1101010|000001011100|10001010010001
1a 111|1100000|001110110000|00100111100101
1b 111|1100000|001011101000|00100100000001
1c 000|1100000|001111110011|00101000100100
1d 111|1101011|000011100110|10110011010011
1e 000|1011101|000110111011|01101111001001
1f 000|1011101|000110111001|10000011111101
20 111|1101010|001010110011|01100110011101
21 111|1101101|000101101011|00100010110111
22 000|1101010|001010101110|10001011010000
23 000|1011110|000111010010|10101100110000
24 000|1101010|001010011110|10001101111110
BX = 001 Event : 18
00 011|1011110|001001010001|10110010001010
01 011|1011101|000000101001|10010101111110
02 011|1101100|001100011011|11001000111111
03 100|1101010|001100100110|10010111111001
04 011|1011101|000110101001|10001010001010
05 010|1101011|000000111000|01011010000001
06 010|1100000|001101100000|00100011000001
07 010|1011111|001101010011|00110000010011
08 101|1011101|000000101001|10010010001011
09 010|1101011|001100010100|01001111111010
0a 010|1101100|000001101001|11000010111111
0b 101|1101011|000001010000|01001101011001
0c 101|1011110|000100100100|01011011001001
0d 101|1011101|001111100110|01101011010101
0e 010|1101010|000000101001|10010101100100
0f 001|1011101|001111001000|10000101001010
10 001|1011110|001001100000|01000111001011
11 110|1101010|001100000100|10010111101101
12 001|1011110|001100110010|10011001100101
13 001|1100000|001101011101|11011110000101
14 110|1011110|001000111100|10110011010110
15 000|1101100|001000101011|00101111011001
16 000|1011101|000100111001|10010000110001
17 111|1101011|000001001000|01011100111011
18 111|1101101|001000011110|11011101110100
19 111|1011110|000100011101|01011010111100
1a 000|1101101|001000101101|00100100100110
1b 111|1011111|000000000000|00111001000011
1c 111|1011110|001011010100|01001000110001
1d 000|1101011|000001010101|01000110000001
1e 111|1011111|001010110010|00110111010000
1f 111|1101010|000001010010|10001000010101
20 111|1011110|000000011111|01010100001001
21 000|1011110|000100111110|10011100111110
22 111|1100000|000010111000|00100000110110
23 111|1011111|001000100101|00111111110100
24 111|1101100|001000101011|00101101110110
25 111|1101010|000010111111|01111110011001
26 111|1011101|001101110010|01101110101111
27 111|1011101|000000001101|01111110001010
28 111|1101010|001111001011|01111011000110
29 111|1011101|000010111011|01111100100011
2a 111|1011101|000010011001|01101011101111
2b 111|1101010|000011101011|01100111101000
2c 000|1101011|000011011110|10101001100110
2d 000|1101101|001000100011|11011101001111
2e 111|1101011|000000111110|01010000000111
2f 111|1101011|001100100011|01001110111100
BX = 010 Event : 19
00 011|1011110|000100000000|01011111001001
01 011|1011111|000010101011|11000101000101
02 011|1011111|000001101110|11000101000101
03 100|1011101|000100001011|10001100001010
04 011|1011110|001111111000|01010111001001
05 011|1011101|001000100101|01110111111100
06 010|1011110|000100100100|10011101100101
07 010|1011111|001111010010|11010000110011
08 010|1101100|001010110011|00110000100011
09 010|1101100|000001101110|11000100100010
0a 001|1100000|000100011101|11011000111011
0b 110|1100000|000101001000|11011000010101
0c 110|1101100|001100101101|11000110010010
0d 110|1011111|000010001010|00110010010010
0e 110|1011111|001100101101|11000101101011
0f 111|1101011|000100000111|01011111011101
10 111|1101011|000100000111|01011101100001
11 000|1011110|001111101001|01010001111101
12 111|1101011|001010111000|10111100111111
13 000|1101011|001010010001|01001010000110
14 111|1101100|001000101000|00101101011110
15 000|1100000|000100101111|11011001010101
16 111|1011101|001000110111|01110111010110
17 111|1011111|001000110010|01000011011001
BX = 011 Event : 20
00 011|1101100|001100101000|00101100100000
01 011|1101011|001101001010|01001001111010
02 011|1011110|001101100011|01011010001001
03 011|1100000|000010011100|00101000111110
04 011|1101100|001010111000|00111001000011
05 011|1101010|000101110000|01111000111100
06 011|1101010|000101101110|01110111000000
07 011|1101100|000000110011|11001010010110
08 011|1100000|000111010111|00101000010111
09 010|1101011|000100001010|01001010011111
0a 101|1011110|001111010111|10110011100011
0b 101|1101100|000011110000|11000001101001
0c 101|1101100|000011100110|11000001101001
0d 010|1011110|001101000100|01001111100011
0e 101|1011101|001001010110|01101100111100
0f 010|1101011|000110100100|10110101001111
10 101|1011101|001001010110|01101011101111
11 110|1011110|001101001001|01001001100100
12 110|1101101|000001100100|00100111111000
13 001|1101011|000100001010|10111100000001
14 001|1101011|000001000000|10011110100001
15 110|1011110|000110111001|01100010100010
16 110|1101100|000011101000|11010010010000
17 111|1101011|001110011111|01011010110011
18 000|1011110|000101001000|10110101001001
19 111|1011101|000000101001|01111001110000
1a 111|1011101|000000011100|01111001110000
1b 000|1101101|001100010100|00101001111111
1c 111|1011110|000110111110|10100100111110
1d 111|1011101|001000111111|01110010111100
1e 000|1011111|001111000000|00111100101000
1f 000|1011111|001111101110|00101101010101
20 000|1101010|000001000011|10010011100111
21 111|1011110|000100001101|01001000111110
22 111|1100000|001000101010|00100110110010
23 111|1101101|001100110101|00100011010000
24 111|1100000|000101001000|00100001101001
25 000|1011111|000110100100|11001110110100
26 111|1011101|001000101111|01110010101111
27 000|1101010|000100000101|10010000100000
BX = 100 Event : 21
00 011|1011101|001011011001|01101100111100
01 110|1101101|001100100000|11010101111011
02 110|1101011|001110001000|10100101001000
03 110|1101100|001100011110|01000000001101
04 110|1101011|000011101000|01001111101110
05 000|1011111|000000010100|01000001000000
06 111|1011111|000010111000|11001011101001
07 000|1101100|001010100001|11001011100000
08 111|1011110|001000110101|10100110111110
09 111|1100000|000000000010|11010110001010
0a 111|1101100|000110000010|00110000001011
0b 000|1011111|001011010001|00111100011011
0c 000|1011111|000001110000|11001100110101
0d 111|1100000|001101011000|00100001101001
BX = 101 Event : 22
00 100|1011111|001111001010|11000001000110
01 100|1011101|000000011111|10001100001010
02 011|1101010|000101111011|10011011000001
03 010|1101100|001100001110|00101100100000
04 010|1101011|001000000001|10110000011000
05 101|1101100|001100101000|11010010110101
06 101|1011111|000100111110|11010001111111
07 001|1011101|001101101101|10001101100100
08 110|1101100|000001010101|11010010010000
09 111|1101010|000101110101|01111001111011
0a 111|1101100|000011000111|00110110010110
0b 000|1011110|001011001100|10101001111110
0c 000|1100000|001001101000|00101010111100
0d 111|1101010|001001111010|01111110111111
0e 000|1011101|001110111101|10001110111110
BX = 110 Event : 23
00 011|1101011|000101111011|01100010001011
01 011|1101010|000001001101|01101011010100
02 011|1101010|000111111010|01101010100011
03 011|1101011|000011111000|01000100010010
04 100|1011111|001101000110|11001001000011
05 011|1011110|000110011100|01010101111100
06 010|1011111|000000100100|10111110100001
07 010|1011110|001100110111|01100010010101
08 010|1101011|000110011111|10110101011011
09 101|1101100|001010000010|00111010000001
0a 110|1011110|000000011001|01000111110010
0b 110|1011110|000010010111|10110110101111
0c 110|1011110|000001110011|01010010111101
0d 111|1101011|001011111100|10100000010001
0e 111|1011110|000010000000|10101111100011
0f 000|1101100|001010111011|11001000111111
10 111|1101100|000001110001|00110111000111
11 111|1011110|000000000111|01101000111100
12 111|1100000|000001110101|00100101011001
13 111|1011110|001111010100|01000110011000
14 111|1011110|001111000010|10110011100011
15 000|1101011|001100000100|10100001001111
16 000|1101011|000101111011|10110010001000
17 111|1101010|000001000101|01101101110110
18 000|1101011|001010110011|10100011111101
19 000|1011111|001101101000|11000100111000
1a 111|1011110|001001001100|01011000111100
1b 000|1100000|001010111010|11011001100001
1c 000|1011111|000100111001|11001010110110
1d 000|1101011|001110100010|10111101011000
1e 111|1011111|000110110110|01000000011010
1f 111|1011101|000001101110|01110001001001
BX = 111 Event : 24
00 011|1011111|001000101010|01000000001101
01 011|1011101|001011011001|01101100111100
02 101|1011110|001011110000|10110110101111
03 101|1101011|001110001000|10100101001000
04 010|1101100|001100011110|01000000001101
05 110|1011110|000010110000|01011010010110
06 110|1101010|001100011001|01111000110000
07 110|1101101|001100100000|11010101111011
08 001|1011110|000111001101|01011010111100
09 000|1011110|001010101000|01010000100011
0a 111|1101100|001000110010|00111011110001
0b 000|1011111|000000010100|01000001000000
0c 000|1011110|000001111000|01100010100010
0d 111|1011111|000010111000|11001011101001
0e 000|1101100|001010100001|11001011100000
0f 000|1011110|001001000100|10011101001011
10 000|1011111|001011010001|00111100011011
11 000|1011111|000110101100|11000001000110
12 111|1101010|001011000010|01111110110010
13 111|1011101|001011000010|01111101100011
14 000|1101010|000001010000|10001110100011
BX = 000 Event : 25
00 100|1011111|001111001010|11000001000110
01 011|1100000|001000111100|11010111100010
02 011|1011111|000100101010|11001001000011
03 011|1011111|000100010010|11001001000011
04 011|1101010|000101111011|10011011000001
05 101|1011111|000000000101|11000110101011
06 010|1101011|001000000001|10110000011000
07 010|1011101|001011100011|01101110100010
08 101|1011111|000100111110|11010001111111
09 010|1101011|000000110001|01100000101000
0a 101|1011110|000100110110|10101111010111
0b 110|1101100|000101101001|00110110101111
0c 110|1101100|000110011111|00110011011101
0d 001|1011111|000010001010|00111101001110
0e 000|1101010|000011011011|10000001010100
0f 000|1011111|001111010100|11010010110010
10 111|1011111|000010001111|10111101100001
11 000|1101101|000001100100|11011010101111
12 111|1101101|000101011001|00100100100110
13 111|1101100|000110000101|01000001011000
14 000|1100000|001001101000|00101010111100
15 000|1101010|001110111001|01111101011011
16 111|1101010|001001111010|01111110111111
17 000|1011111|000000100100|11000011010010
18 111|1011110|000100110001|01101000001001
19 000|1011101|001110111101|10001110111110
BX = 001 Event : 26
00 011|1101010|001010010001|01101111001101
01 011|1101101|000011011001|11010100001100
02 011|1011110|000110010101|10100101011000
03 100|1101100|000000101100|11001001111101
04 100|1011110|000110010010|10110111101111
05 010|1100000|001111110011|00101011001001
06 101|1101100|000011100001|11000011110001
07 101|1101010|001111000011|10010001000101
08 010|1101011|000110001010|10110001100011
09 101|1011101|000110111001|01111111111101
0a 101|1100000|000110111001|00101010010110
0b 110|1011110|000001111000|10101100100100
0c 001|1101011|001000100000|10100110101011
0d 110|1100000|000100001000|11011010101101
0e 001|1011110|001010110010|10101001111110
0f 001|1011110|000100010101|10011101011000
10 001|1101011|000101011100|10110000001100
11 001|1011110|001101010011|01001101100100
12 000|1101011|001100010110|01001110110000
13 000|1101011|001010011110|01001110111100
14 000|1101100|000001000011|11000101000111
15 111|1101011|000001010010|01011010011010
16 000|1011101|001111001000|10010100100100
17 000|1011110|000101001011|01000100100101
18 000|1101011|001010110101|10101001001101
19 111|1101010|001100110101|10000110100101
1a 111|1011110|001011101000|01000101100101
1b 000|1011110|000001110101|01101000100010
1c 000|1011111|001001010011|10111101100001
1d 000|1011111|000000011001|10111101101101
1e 111|1011101|001000110010|01111110010111
1f 111|1101011|001100100110|01011001000010
20 111|1101011|001100010001|01011001000010
21 000|1101010|001101000101|10010111111001
22 000|1011110|001101000110|10011001110001
23 111|1011111|000101000110|00110011000101
24 111|1100000|001011010001|00100001101001
25 000|1011110|000101010000|10101101100100
26 000|1101100|001110010101|10111111111001
27 000|1101100|001010000101|11010001011111
BX = 010 Event : 27
00 011|1011101|001001010110|10000001110000
01 100|1101100|001001111101|11001101110100
02 100|1101010|000101100001|10001001101100
03 100|1011111|001000110010|11001010101001
04 011|1101010|001000110010|01110111110010
05 011|1011110|001111011111|10111001111011
06 011|1011101|001000101101|10001001001010
07 100|1101100|001001110101|11000111101001
08 010|1011101|000010000000|10001100001010
09 101|1011101|000101001110|10010001110001
0a 101|1101011|001110100100|01011101010100
0b 101|1101101|001110011101|00101011100010
0c 101|1011111|000010110011|10111111101101
0d 001|1011110|001011000010|10100101110001
0e 110|1101010|001000010011|10001001100000
0f 110|1101010|001010011100|10000111001010
10 110|1101010|001010110000|01110100110111
11 001|1100000|001100101101|00101001010111
12 110|1101011|001100010100|01000001100100
13 001|1101100|001100011011|11010000111010
14 111|1011111|001001010001|00111001000011
15 111|1101011|001010110000|10101010111101
16 111|1011101|000010011110|10001000110001
17 000|1101100|001010010100|11001110011001
18 000|1100000|000000100100|00101011100010
19 111|1101010|001111001110|01111101100111
1a 000|1011101|001000011101|10010010100101
1b 000|1011101|001101011011|10000010110000
1c 111|1101011|000110100000|01001101010001
1d 111|1011101|001000100000|01110100111100
BX = 011 Event : 28
00 011|1101100|001000010110|00101111000000
01 100|1101100|001001111111|11000000010010
02 011|1101100|001100111101|00111011110001
03 100|1011101|001101001110|10001101100100
04 011|1011110|000010101001|01001000001011
05 011|1011110|001110110110|10010111111110
06 011|1101010|001000101101|01100111101000
07 101|1101010|000011101011|10000011110110
08 000|1011111|001011010110|11000100000101
09 000|1011110|001111001010|10110101010110
0a 000|1011101|001010110010|10000101001010
0b 000|1101011|001000011001|10101010001011
0c 000|1011110|000001101110|10011010100101
0d 000|1011110|001101100011|10011100100101
0e 111|1101010|000110100001|01110010100001
0f 000|1101010|000011111000|10000100101000
10 000|1011110|001111011100|10011000100101
11 000|1101011|000111110111|10101011100010
12 111|1101010|000110000000|01110010010101
13 000|1101011|000101101001|10011111111000
BX = 100 Event : 29
00 011|1011111|001000110111|00101101100001
01 011|1011101|001111010100|01101110001001
02 100|1101011|001100111010|10011111000110
03 011|1101101|001000101101|00100000111100
04 011|1011111|000100011101|00111010101000
05 011|1011101|000100001000|10010101100101
06 011|1100000|001010110010|11011010100001
07 100|1101101|001101000010|11011000001111
08 101|1100000|001111001101|11010100100100
09 101|1011101|001011010001|10010010100101
0a 010|1011101|001011101101|01101101101111
0b 010|1101011|001000011011|10110001001010
0c 101|1101011|001000110000|01011110010010
0d 010|1101011|000000111000|01100001011010
0e 010|1011101|001010100011|10010010111110
0f 101|1101101|001000101011|00101001111111
10 010|1101011|000001011010|10110101101000
11 001|1011101|000110111001|01110110101111
12 001|1101011|000011000111|01001000010110
13 110|1011110|001111101100|10100110011000
14 000|1011111|001000111111|00101101111011
15 111|1101011|000111111100|10110000100101
16 000|1101100|001110110100|00101111100101
17 000|1011101|000111010000|10000000111101
18 111|1011101|001011010001|01101101001001
19 111|1101101|000001001101|00101000101001
1a 000|1100000|000111010010|11010111010110
1b 000|1101011|000011011001|01000101110101
1c 000|1101010|000001001010|01110111001100
1d 000|1101010|000001011010|10011010011011
1e 000|1011111|000101000011|00111011001111
1f 000|1101010|001000011110|10001111101110
20 000|1011110|000111011000|10011010111010
21 000|1101100|001100011011|11001011101100
22 000|1100000|000000011001|11011011111001
BX = 101 Event : 30
00 011|1011110|000110010101|01100001101111
01 011|1011110|000000001101|01011000010110
02 100|1101101|001110100100|11011001100101
03 011|1101101|000001000011|00100100001110
04 011|1101011|000111101101|10101011001001
05 010|1011110|001100101111|01100100100010
06 101|1101011|001010110000|01011111000100
07 101|1101100|000011001100|00111010111111
08 101|1011110|001001100110|01011100001001
09 001|1011110|001010101000|01010110111100
0a 001|1011110|001110110000|01001001110001
0b 110|1011101|000000000111|01110001001001
0c 000|1011110|001001010110|10100010001011
0d 111|1011110|000010010010|10101111110000
0e 000|1101101|001110001101|11010101111011
0f 000|1100000|000010101001|00100010101000
10 111|1101011|001110101111|01001001101101
11 111|1100000|000111010000|00100111110001
12 111|1011110|000110100100|01010110111100
13 111|1101010|001010111101|10000110110001
14 000|1011101|001011001100|10001101100100
15 000|1101010|001100110000|01111111011000
16 111|1101100|001110101100|00111000101010
17 111|1011101|000101001000|01111001100011
BX = 110 Event : 31
00 011|1101011|001110101010|01011111101010
01 011|1101010|000011110011|01111111001011
02 011|1011111|001000110111|00110010011111
03 100|1011110|001101101000|10111100010100
04 011|1011111|001000101010|00110110000100
05 011|1101011|001100101101|01011000010001
06 101|1101010|000011100011|10010101111101
07 010|1011111|000100110001|10111101101101
08 010|1011101|001101101010|01101011100010
09 010|1101010|001110100111|01101011111010
0a 101|1101101|001000110101|11010101010110
0b 101|1011110|000111010111|10110010100011
0c 101|1011101|000000100100|10010001001011
0d 010|1101010|000001011100|10010000101100
0e 010|1011110|000001111101|01011111100010
0f 101|1101011|000001110001|10110001001010
10 010|1101101|000111111111|11010101101111
11 101|1011111|001101100011|10111101000111
12 110|1011110|000000011001|01011010100010
13 110|1101011|000110000111|01011001011011
14 110|1101100|001000110101|11001100000101
15 001|1101011|001100011011|10111000001001
16 001|1100000|000101000001|11011000111011
17 110|1011111|001010101011|11001010010000
18 110|1101011|001010101011|10110101101000
19 111|1101011|001000010001|01001110010111
1a 000|1101100|000101110011|11000010110011
1b 000|1101011|000001000011|01100001001101
1c 000|1101011|000110011111|10100011001011
1d 000|1101011|001010011110|10100011100100
1e 000|1011110|001001100011|10100010111110
1f 000|1101101|000011111111|00100001101110
20 111|1011110|000110010111|10101110010111
21 111|1011111|000010001100|11001101101000
22 111|1011101|000110010101|01101010111100
23 111|1101010|000001101001|10001010101010
24 111|1101011|000100000010|10111010101010
25 111|1101100|001000100000|00110110010110
26 000|1101100|001010100001|11001010100010
27 111|1011110|000001101110|10110111001001
28 000|1101011|001010001100|10101101101011
29 111|1101010|001000001001|01101010010110
2a 000|1101010|000011101000|10010110101111
2b 000|1101010|000001100100|10011001011101
2c 000|1011111|001001000111|11001010110110
2d 000|1101011|001010000010|10101101110111
2e 000|1100000|000010100100|11011110101011
BX = 111 Event : 32
00 100|1101010|000110000111|10001101111110
01 100|1101100|001100101000|11001011000111
02 011|1101101|000011100110|00100101111101
03 010|1100000|001101000100|11011101010010
04 101|1101100|000101011100|11000110101011
05 010|1011111|000111000011|00110010111000
06 010|1101101|000010111111|00100000001011
07 010|1011101|000110011111|10001110001011
08 010|1011101|000100111110|01101110111100
09 101|1011110|000100100010|10100000001011
0a 101|1101010|000111110100|01111011110111
0b 010|1101100|000000110110|11000111000011
0c 101|1011110|000100010000|10011100011000
0d 001|1101011|001100100000|01010111010010
0e 001|1101010|000011001001|10011011011010
0f 001|1011101|001011101000|01111011110000
10 001|1101100|000011111010|00101100101100
11 111|1011110|001000100000|10101110111101
12 000|1011110|000010000010|10100011110001
13 000|1101010|000001001101|10000101000001
14 111|1101100|000111111100|00110100011010
15 111|1011110|000111000101|10010110100101
16 111|1011110|000010010100|01010001111101
17 000|1101010|000001001000|01111111110000
18 111|1011110|000010101110|01011111101111
19 111|1011110|001010111111|01011011010101
1a 000|1101010|001000011001|10010111001000
1b 111|1011110|000111001011|01010010100011
BX = 000 Event : 33
00 100|1101100|001100101011|11000001110101
01 011|1011101|001110110011|10000000010111
02 011|1101010|000001000000|10000001010100
03 011|1100000|001110111000|11010100011000
04 011|1101010|001000101101|01101011010100
05 011|1011101|000010011100|01111011110000
06 011|1101010|001000100101|01100100100001
07 011|1101010|000111101000|10000110001100
08 011|1101100|001000001110|00110100001110
09 011|1101101|000011101000|00100110101110
0a 011|1011111|000100000011|11001010101001
0b 011|1101011|000001101001|10111010110111
0c 011|1011110|001111110110|01101000101111
0d 011|1101011|001001110011|01000101000011
0e 101|1101100|001001111010|11000011110001
0f 010|1011110|001101101111|01010000110000
10 101|1101010|001110110110|10000000010110
11 101|1011110|000110100111|10100001100100
12 101|1011111|000100001101|00111011110101
13 110|1011110|000010100001|01000111100101
14 110|1100000|001101010001|11011001101110
15 110|1011110|000010100100|10111001001000
16 110|1101010|000110010111|01110110100111
17 001|1101011|001010000010|01001001100001
18 110|1101010|000101110011|10000101100110
19 110|1101101|001100101101|00100010010010
1a 001|1101101|000001011111|00101010100100
1b 110|1101011|001010110011|01100011010110
1c 001|1101011|000000101110|01011011100100
1d 110|1101010|001000011001|10010100000000
1e 000|1101101|000101101001|11010111010001
1f 111|1101011|001010011110|01001001101101
20 111|1011111|000100110100|00111001000011
21 000|1011110|000101000011|10010111100101
22 111|1011110|000100110001|10111001100010
23 111|1101010|000101100001|01110110011010
24 000|1011101|000010111011|10001000111101
25 111|1101100|000101010110|11000010011010
26 000|1101010|001111000001|10000001001000
27 111|1101010|001000100011|01101100010011
28 000|1101010|001010101110|10010101001011
29 000|1011110|000010010100|10110100111100
2a 000|1100000|001111010100|11010110111100
2b 000|1011110|001010101101|10010110100101
2c 111|1101101|000101010110|00100101011000
2d 000|1101101|000101100011|11011100010010
2e 111|1011110|001111011100|01010100111100
2f 111|1011110|001000101000|01100011101111
BX = 001 Event : 34
00 100|1101011|000101101011|10100000010001
01 100|1011110|001011101011|10011111111110
02 100|1101100|001100011001|11010000010101
03 100|1101101|001100100110|11011111001010
04 011|1011101|000111011010|01111010100011
05 100|1011110|000100000011|10111010001000
06 010|1101101|000101111000|11011110001101
07 101|1101100|000101110011|11010010110101
08 101|1101011|000100001010|10110000011000
09 101|1101100|001110100100|00101100101100
0a 010|1101101|001000001100|00100001001001
0b 101|1101101|001101000010|11011110111110
0c 101|1011111|000110100001|11001111000001
0d 101|1011111|000001110101|00111010101000
0e 001|1101101|000011000111|11011001011001
0f 001|1011101|001001011110|10000111010111
10 001|1101011|001000001001|01000110110011
11 110|1011110|000100000101|10010111011000
12 110|1011111|000110101110|11001000000100
13 001|1011101|001111101110|01111001110000
14 110|1011111|001111001111|11000111110111
15 001|1101010|000111101010|01101010010110
16 001|1100000|000010111101|11011101101011
17 110|1101010|001010010111|01110011101100
18 001|1011110|001011001100|01011100100010
19 001|1101100|000101111101|00101100111000
1a 001|1011101|000001110011|01101101001001
1b 110|1101011|001000010110|10100010011001
1c 110|1101011|001000000100|10100010011001
1d 111|1101100|000101111101|00111110011110
1e 000|1101011|000100000101|10110010101101
1f 000|1011110|001110111011|01100000001000
20 111|1011101|000000101001|10001111110001
21 000|1011111|000110111001|11000011000101
22 000|1011110|001101011011|01100000100010
23 000|1011110|000100000011|10110011100011
24 111|1011101|000101001110|01101010010101
25 000|1011111|000010001010|11001000010000
26 000|1011110|000100100010|10111010101110
27 000|1011101|001101001001|10001010111110
28 111|1011110|000100101010|10110110001001
29 000|1011101|001110111101|01111011010110
2a 000|1101010|001110001011|01111111001011
2b 000|1011101|001011100001|01111111111101
2c 000|1101011|000011011011|10110010111010
2d 000|1101101|000011111111|11010100100100
2e 000|1101011|000001011010|10100100001001
2f 111|1011110|001011100001|01001011111101
30 000|1011111|000110010101|11001101000010
31 000|1011111|000100100111|10111101000111
32 111|1101100|001100111101|01000000110011
33 000|1101011|000110000111|10101111100111
34 111|1011111|001100111100|00111110110100
BX = 010 Event : 35
00 011|1100000|001111101110|00100010011011
01 011|1101010|000001010010|01110110100111
02 011|1100000|000111010101|00100100110011
03 010|1101011|001111010000|10101100100000
04 010|1101011|001000110000|10101110000011
05 010|1101011|001010110011|10100001101000
06 010|1101011|001010010100|01010001000101
07 001|1101011|001010101110|01011000000100
08 110|1100000|000000001010|11011000010101
09 110|1101011|000101111011|01100010100100
0a 001|1101010|001010010100|01101100011111
0b 000|1011111|001000011101|00101111101101
0c 111|1101010|001001110011|01111110001101
0d 000|1011101|000000010111|10010010001011
0e 000|1011110|001111100100|10110101100011
0f 000|1011110|000110111110|01000100111111
10 111|1011110|001011001111|01000111110010
11 000|1011110|000000010010|10011011001011
12 111|1101011|000111101000|10110100000101
13 111|1011110|000111011010|10110010100011
14 000|1101100|000101011001|11000110101011
15 111|1011101|000000001010|01110001101111
BX = 011 Event : 36
00 011|1101100|000100001100|00111101100000
01 011|1011111|001010101101|00110000010011
02 011|1100000|001011110011|00101011111100
03 011|1101100|000110001111|11000101000111
04 011|1011111|000110001111|11000101000101
05 011|1101100|000111101010|11000110110111
06 011|1011101|000000000010|10000101110001
07 011|1101010|000111110100|10001001101100
08 011|1101010|000100000111|10001010011110
09 100|1011110|001001101000|10100110111110
0a 010|1101101|000000111110|00101001001110
0b 010|1011111|000010111011|01000011011001
0c 010|1101010|001110110110|01110011100000
0d 101|1100000|001111101110|11010011100101
0e 101|1101011|000011010001|10100010001101
0f 101|1101100|000000101100|11000000011110
10 010|1011101|001000101101|10000010010111
11 101|1101010|000000101001|10011100011000
12 001|1011110|001001011001|10011001100101
13 110|1011110|000010011100|01000100111111
14 001|1011110|001000101101|10101011001010
15 001|1101010|000110000111|10011100011000
16 110|1011101|000010101011|10000011110000
17 110|1101010|000001100111|10000010010011
18 001|1101011|000001110001|10011111000110
19 001|1101010|001011000000|01111110110010
1a 110|1101011|000001010111|10110001110000
1b 111|1011111|000100010101|11010010110010
1c 000|1011101|001000111111|10000010100011
1d 000|1101100|000101011001|11000101100000
1e 000|1100000|000100011010|11010110110000
1f 000|1101010|000101101110|01100101000110
20 000|1011110|000101000001|01000110001011
21 000|1011111|000001110011|00111001101001
22 111|1101101|001100100011|00100001001001
23 000|1011101|000100000011|10001011100100
24 000|1101100|001111001000|11001111001011
25 000|1011111|000100000101|11001111000001
26 000|1101011|000101110011|10011111101011
27 111|1101100|000001101001|00111110000101
28 000|1011110|001101101010|10111001101110
29 000|1011110|000100111110|10111100100001
BX = 100 Event : 37
00 011|1101010|001010110101|01111110110010
01 011|1101100|001010011110|01000000000001
02 100|1101100|000101101011|11000000000110
03 100|1100000|001111001111|11011111000100
04 011|1100000|000010111101|00100010001111
05 011|1101010|001000101011|10010110111011
06 011|1101010|001000110010|01111001010101
07 100|1011110|001101101010|10101001100100
08 011|1011110|001001000111|10111010111011
09 011|1011101|001011100110|10001001110001
0a 101|1011101|001001000100|10000101110001
0b 010|1101010|000101111000|01111111001011
0c 110|1011101|001011011011|01111011001001
0d 001|1011101|001000100101|01110110111100
0e 001|1101011|001110000011|10101001001101
0f 001|1101010|001100000111|10001011010000
10 110|1011110|001111011010|10100110011000
11 000|1011110|000110111001|10110100111100
12 000|1101101|000110000010|00100011110101
13 111|1101101|001001111000|00100101001011
14 000|1100000|001000111010|00100111011000
15 111|1011110|000000100110|10100110100100
16 111|1101010|001000000001|10000100011100
17 111|1011111|000110111011|01000010110011
18 111|1011101|000010011110|10000001001010
19 000|1011101|000100100111|01101111010101
1a 000|1100000|000000011001|11011001010101
1b 000|1011110|001010101011|10111011101110
1c 000|1011110|000010111011|10111100000111
1d 111|1011110|000101000110|01010011111100
BX = 101 Event : 38
00 011|1101101|000011011001|11010100001100
01 011|1101101|001010111000|11010100110001
02 100|1011110|001001011110|10111100000111
03 011|1011110|000110010010|10110111101111
04 100|1101101|001010110000|11011001001100
05 101|1100000|000000101001|11010100001011
06 101|1101010|001111000011|10010001000101
07 010|1101011|000110001010|10110001100011
08 101|1100000|000110111001|00101010010110
09 001|1101011|001010110101|10101001001101
0a 001|1011110|001010110010|10101001111110
0b 001|1011110|000001110101|01101000100010
0c 001|1101011|000101011100|10110000001100
0d 001|1011110|001101010011|01001101100100
0e 000|1101100|000001000011|11000101000111
0f 000|1011101|000100110100|01110011001001
10 000|1011101|001111001000|10010100100100
11 111|1011111|000100001101|11001100101000
12 000|1011110|000101001011|01000100100101
13 111|1101100|000000101100|11001001111101
14 111|1101011|000001010000|10111001100000
15 000|1101010|000010111111|10011010000010
16 111|1101010|001100110101|10000110100101
17 111|1011110|001011101000|01000101100101
18 000|1011111|000110101100|11001100000010
19 000|1011111|000000011001|10111101101101
1a 111|1011110|000010010010|10100100100101
1b 000|1101011|000011111010|10100011001011
1c 111|1011101|001000110010|01111110010111
1d 000|1101100|001001111000|11000101100000
1e 111|1101011|000001010010|01011010011010
1f 111|1101011|001100100110|01011001000010
20 111|1101011|001100010001|01011001000010
21 000|1101100|001010111011|11001000110011
22 000|1101010|001101000101|10010111111001
23 000|1011110|001101000110|10011001110001
24 000|1100000|000000011001|11011101000101
25 111|1100000|001011010001|00100001101001
26 000|1011111|001010100101|11001110011011
27 000|1011110|000101010000|10101101100100
28 000|1101100|001110010101|10111111111001
29 000|1101100|001010000101|11010001011111
BX = 110 Event : 39
00 011|1101011|000011000010|01011010110011
01 100|1101011|000000111000|10111011110101
02 011|1101010|000001010000|01111000110000
03 010|1101010|000101011100|10001011011100
04 010|1011111|000001110011|01000010110011
05 010|1101011|001110111001|10100001101000
06 010|1101010|001110111001|10000011000100
07 101|1100000|001000100101|11011111010001
08 101|1101010|000000101001|01101100010011
09 110|1011110|001001010110|10011011111110
0a 001|1101011|001001111010|01010100100100
0b 001|1011101|001110111011|10000101010111
0c 001|1101011|001000011001|01011000000100
0d 110|1011101|000001110101|10000111110001
0e 001|1101011|000011010001|10101010111101
0f 110|1011110|001110110011|10100100100101
10 000|1101010|001110100100|10000000111011
11 000|1011110|001110111000|10100010110001
12 111|1011110|000111001101|01011101010101
13 111|1011111|001110110011|10111100111010
14 111|1011110|001001100110|10010110100101
15 111|1011111|001111011010|11000101000101
16 000|1011111|000111010010|11000100000101
17 000|1011101|000000000010|10000111110001
BX = 111 Event : 40
00 011|1011101|000000001101|10000010100011
01 011|1011110|001111110110|01001010111110
02 011|1100000|001111000101|11010111010110
03 011|1011110|001111011100|01101001111100
04 011|1101100|000110001111|00110111100000
05 011|1011110|000010000000|10101011100100
06 101|1011111|000110100111|11000110110111
07 101|1011111|000000000111|11010001000000
08 010|1100000|000010101011|00100001110101
09 001|1011110|001111110110|01000101100101
0a 111|1011111|000110010101|11000000010011
0b 000|1100000|001111111000|11010101001010
0c 111|1101011|000011110101|10111101110001
0d 111|1011111|001101000110|10111110100001
0e 111|1101011|001010001100|01011011001011
0f 111|1101010|000011110000|01111011110111
10 111|1011110|001111010010|01011011010101
11 000|1101100|000001010111|00110111111001
12 000|1101011|001100000010|01011000011101
13 000|1011110|001110101001|10011001100101
14 111|1100000|001011001111|00100001010000
15 000|1011110|001110110110|10101101110000
16 111|1011111|001000100011|01000001000000
17 111|1101011|001000001001|01100000011011
18 000|1101011|000111100101|10110000100101
19 111|1101011|001100011001|01011111010001
1a 111|1101010|000011100001|01111011101011
1b 111|1101011|000000101100|01001000101111
1c 000|1100000|001000100011|11011000100010
1d 000|1101011|001110010000|10101010010111
1e 000|1011110|000111001101|10111011101110
BX = 000 Event : 41
00 100|1101011|000011001001|10011101101111
01 100|1101010|001010001010|10011011110010
02 011|1011110|000110100001|01100101111100
03 100|1011111|000010110000|11001011000010
04 100|1011101|001001001001|10001000001010
05 100|1101010|000101100011|10000110001100
06 011|1101011|000001100100|10111100000001
07 010|1101011|000001001010|01001010111000
08 010|1101010|001000010011|10001111001001
09 101|1011110|000110110110|01001101110000
0a 010|1101010|001000100011|10010010101001
0b 101|1011110|000110001111|01011011100010
0c 001|1101010|000011111000|10000110110001
0d 001|1101010|000111100101|10001010010001
0e 001|1011110|000010110110|01001010001011
0f 111|1011110|001110111101|01001111001010
10 111|1011110|000110101001|01011011010101
11 000|1011110|000010010111|10110101100011
12 111|1011111|000100011111|10111101010100
13 111|1101101|001110101010|11011100010010
14 000|1011111|000010011100|11001000101010
15 000|1011101|001001000100|10001000110001
16 000|1101010|001000010110|10001010011110
17 111|1011110|000100011010|01010100100011
18 111|1100000|001111001111|11010101110000
19 111|1101011|000001110110|10110100000101
1a 000|1011101|001111100001|01101101101111
1b 111|1011110|001110101011|01001110111101
1c 000|1101101|001000001110|11010111000101
1d 000|1101100|001110011010|11001100010001
BX = 001 Event : 42
00 011|1101101|000101110000|00100000110000
01 011|1100000|000001111000|00101010111100
02 011|1011101|000101000110|10000101010111
03 011|1100000|000010101110|00101000100100
04 100|1101011|000001110110|10101011100010
05 011|1101011|000011111010|01000111001100
06 100|1011110|001000101111|10011000011000
07 010|1011110|001100111111|10101011111110
08 010|1011101|000001111000|10001100111110
09 101|1101100|001111010011|11000010001110
0a 101|1011110|001111000010|10100000001011
0b 010|1101010|000100000010|10010010011100
0c 101|1100000|000111011101|11011111110110
0d 101|1011101|001000011101|10001101010111
0e 110|1101011|001100111111|10101011111011
0f 110|1101010|000001110001|01101010001010
10 110|1101010|001000110000|10011000101011
11 110|1011110|000010111101|10100101110001
12 000|1011110|000010011110|10100000110001
13 000|1011111|000100010010|00111111011010
14 000|1101100|001000000111|01000000011010
15 000|1101011|000011110101|01100001011010
16 000|1011110|000110101100|01100001101111
17 000|1011111|001001100110|00110011011110
18 000|1011101|001011010001|10000100111101
19 111|1011110|000010001010|10011010110001
1a 111|1011110|000010101110|10111010111011
1b 111|1011111|001100101101|00110100101011
1c 000|1011110|000010110110|10111011111011
1d 111|1011111|001011001111|11000110110111
1e 000|1011110|000001110101|10101100111101
1f 000|1011110|000010110110|10011100110001
20 111|1101010|001000010110|01111110100110
21 111|1100000|001001010110|00101011010110
22 111|1011111|001001010001|00111011110101
23 000|1011111|001011001001|11001000000100
24 111|1101100|001100111111|00110110001010
25 000|1011110|000010100110|10011100111110
26 000|1011110|000101001110|10101110001010
BX = 010 Event : 43
00 011|1101011|001010101011|10100001110100
01 011|1101010|001011000000|01110010010101
02 011|1101011|000100000111|01001011110101
03 100|1101100|000011110011|11001110001101
04 011|1101010|000111101000|01101011010100
05 100|1011110|000110100001|10111100101110
06 011|1101010|000110001010|01101000111111
07 011|1011110|001001001001|10010111011000
08 100|1011101|000111001000|10001000010111
09 010|1011110|000010011110|10011101001011
0a 010|1100000|001010101000|11011111010001
0b 010|1011110|001000100000|01001110111101
0c 010|1101011|001000100011|01001111100001
0d 010|1101100|000011111101|11000010110011
0e 010|1101101|000011111010|00100010000110
0f 010|1101101|000011011011|00100010000110
10 010|1100000|000110110011|00100001110101
11 110|1101011|000110011111|10101011100010
12 110|1100000|001001000111|00100111100101
13 110|1101010|000001101110|10001000101110
14 110|1101101|000111110111|11011001000000
15 110|1011110|000111001011|01000101100101
16 110|1101100|001010100011|11000011110001
17 000|1011110|001001001110|10011111111110
18 000|1101011|001010011100|01000011101100
19 000|1100000|001101000001|00100010101000
1a 111|1100000|001100101101|00100101100110
1b 111|1101101|000011011001|00100100001110
1c 000|1011110|000010011001|01010111101111
1d 000|1011110|000001111010|10011010011000
1e 000|1011110|000100111100|10101011001010
1f 000|1011110|000111000000|01001011111101
20 000|1101100|001110111100|11000001110101
21 111|1011110|001001001100|01001110100100
22 111|1101011|000011010001|01001011010000
23 000|1011101|000010100001|10000011100100
24 111|1011101|001100111001|01110111100011
25 111|1101011|001101001100|01100011010110
26 111|1101011|001100101000|01100011010110
27 000|1011111|001111110011|11001101011011
28 000|1011110|001001000100|10100000011000
BX = 011 Event : 44
00 100|1011111|000111001000|11001111011010
01 011|1011110|000100011010|01010010111101
02 100|1100000|000111000101|11011011100000
03 011|1011110|001000110010|01000111001011
04 010|1011101|000100000101|01101100100010
05 010|1011101|000100101111|01110000111100
06 010|1011101|000100001000|01110001010110
07 010|1101101|001110010010|00100010000110
08 010|1101010|000100001111|01110100011110
09 001|1011110|000110011111|01100100101111
0a 001|1101100|001100010100|00110110101111
0b 110|1101010|000011000100|01110110110011
0c 001|1101011|000011111111|01011001110100
0d 001|1011110|000001110000|01011101001001
0e 111|1101011|000011101101|10011111011111
0f 000|1101011|000001011100|10100100001001
10 000|1101101|001111001011|00100010010010
11 111|1100000|001111101001|00101010111100
12 000|1101100|000000101001|11001000011010
13 111|1101011|000000101110|10101000110100
14 000|1011111|000000100110|11001001101010
15 111|1011111|000111000101|11001001000011
16 000|1101011|001010111101|10111100111111
17 111|1101011|000001001000|01010011110011
18 000|1101011|000101110000|10011100111101
19 000|1011110|000000000010|01001010001011
1a 000|1101011|000011101101|10100001110100
1b 000|1101011|001101000010|10101001100110
1c 111|1101101|001010000010|00100100111111
1d 111|1101010|000100001010|01110011100000
1e 111|1101011|000011110011|01100001100110
1f 000|1011110|001001001110|10100000111110
BX = 100 Event : 45
00 011|1101100|000011011001|00101111011001
01 011|1101011|000111111010|01000101000011
02 010|1101100|000111101111|01000000001101
03 010|1101100|001111001000|11000001010000
04 010|1011110|000110010111|10110001001010
05 010|1101011|001000100000|01000001111101
06 001|1101010|001010101001|10010111111001
07 001|1101100|001100100110|00110110100010
08 001|1101100|000101011100|11001011101100
09 001|1011110|000000100100|01011001111100
0a 110|1101011|000011011001|01000001110001
0b 110|1101100|000001001101|00101110101000
0c 000|1011110|001001101011|01001111001010
0d 111|1011111|000001110000|11001111110100
0e 000|1011101|000010000111|10010010110001
0f 111|1011101|000111000101|10001100100100
10 111|1101101|000101100011|11011001011001
11 000|1011110|001100101111|01001101010111
12 000|1101010|001000011001|10000000001001
13 000|1011111|001010100101|11010001111111
14 111|1101010|001000101101|01111110111111
15 111|1011101|001000011011|01111101110000
BX = 101 Event : 46
00 011|1011101|001001011001|10010000110001
01 011|1101011|001010110011|10100010011001
02 100|1101011|000111101010|10011110100001
03 100|1101010|001110000011|10001011000011
04 011|1011111|001010101011|00110110010000
05 011|1101100|001010101011|00110101111101
06 011|1100000|000110111110|00100111110001
07 010|1011101|001100100111|01110011010110
08 101|1011110|001111010111|10110100111100
09 101|1101100|001000100011|11000011001100
0a 010|1101011|000110000000|01011111101010
0b 010|1101011|001010000101|01001111100001
0c 010|1101100|001000000111|11000011100100
0d 010|1011110|001010100011|10100010111110
0e 101|1011111|000110010101|00111011001111
0f 010|1011101|000010111011|10000011110000
10 001|1011111|000100001000|00110100101011
11 110|1011110|001111000101|01010111010110
12 001|1100000|001000100000|11011010010100
13 110|1101011|000111111100|10101000000010
14 001|1011101|001001011011|10001001110001
15 110|1101010|000011010100|01110100000101
16 110|1011111|001111100110|00110010111000
17 001|1011110|001000101111|01001010001011
18 001|1011111|000110111011|00111010101000
19 001|1011110|001101101000|01011100001001
1a 110|1101011|001110111110|10110011011111
1b 001|1011111|000110100100|00111011110101
1c 110|1011101|001100100111|01110001111100
1d 000|1101011|001000011110|10110010100001
1e 111|1011110|000010110011|10011111100101
1f 111|1100000|000110011100|00101010100011
20 000|1011110|000010101011|01100011100010
21 000|1101011|000011100011|10011100110000
22 111|1011101|001110110000|10010100011000
23 000|1011110|001111101100|10011101011000
24 111|1011110|001000011011|10110001100011
25 000|1101011|000001101001|10110011111000
26 000|1101101|001110100100|11011011111001
27 111|1101011|000101110011|01000100101010
28 111|1011110|001000101101|01000100111111
29 111|1101010|001100100110|01110010111010
2a 000|1011111|000111000000|10111110101101
2b 111|1101011|000001011111|01001110111100
BX = 110 Event : 47
00 011|1101011|000110011001|10110011101100
01 011|1011111|001101100000|01000000110011
02 011|1101100|000111110111|00110001100001
03 011|1101011|000011110101|01100011101111
04 011|1100000|001110110011|00100100011010
05 101|1011111|001101101000|11000111000100
06 101|1011110|001111111000|10110100111100
07 101|1101010|000011110011|01111101001111
08 001|1011110|001111100001|10111010001000
09 110|1101010|001110000011|01110110110011
0a 110|1011110|000001110000|01000101100101
0b 001|1101100|001010111101|11010000111010
0c 110|1101010|000000111000|10010010000100
0d 000|1101100|000011011011|11000010011010
0e 000|1101011|000110000010|10110010100001
0f 111|1011111|001111100001|00111110001110
10 000|1011110|001110111000|10110101100011
11 111|1011110|001100101101|01011001100010
12 000|1101010|001000010001|10011001110110
13 000|1101011|000001001010|10101101101011
14 000|1101010|001000000111|01111100110110
15 000|1011111|001101000001|10111110010100
16 111|1101010|000110010111|01111000111100
17 000|1101010|001100010110|10011000011111
18 111|1101101|001110100111|00100100111111
19 000|1100000|001100100111|11011010101101
1a 000|1101011|001110110100|10101110010000
1b 000|1101100|001010000111|11010001010011
BX = 111 Event : 48
00 011|1011101|000100011101|01111100111101
01 100|1011110|001011011001|10101101001010
02 100|1101100|000110000000|11001011111001
03 011|1011111|000010101011|11001001011101
04 011|1101101|001010110011|00100110100010
05 011|1100000|001010110010|00100110110010
06 010|1011101|000010111000|01110001101111
07 101|1101100|000000101001|11000010001110
08 010|1011111|000010111011|11000001010011
09 010|1101010|000011000111|01110100000101
0a 101|1101010|001101000010|10001100001110
0b 001|1011101|000010101011|10000110001010
0c 001|1101100|000101101011|11001000110011
0d 001|1011111|000010101110|11001000010000
0e 110|1101101|001001111010|11011010001010
0f 001|1011111|000010011100|11001001101010
10 110|1011110|000110010111|01000101111111
11 110|1101100|000011001001|11000111110101
12 001|1011111|001100101010|00111000011100
13 001|1101010|000001010010|10001100001110
14 110|1101101|001000100011|11010100110001
15 110|1011111|001111011111|01000001000000
16 000|1101011|000111101101|10110001100011
17 111|1011111|000000100100|11000001100000
18 111|1011101|000010100100|01111110010111
19 111|1101010|000000111110|10001101110010
1a 111|1101010|000011111000|10001101100101
1b 000|1101010|000011001001|10010100100110
1c 111|1011101|001011101011|01101011100010
1d 111|1011101|000100111100|01101010101111
1e 111|1011110|000111010111|01000101110010
1f 111|1101010|000001010111|10010110101111
20 000|1101010|001010101011|01101010101111
21 111|1101010|001110001000|01110100011110
22 000|1011111|000000100100|00101101100001
23 000|1101100|000110001010|11001100101010
24 000|1011111|001010101011|11001100101000
25 111|1011111|000001111000|01000010111111
BX = 000 Event : 49
BX = 001 Event : 50
BX = 010 Event : 51
BX = 011 Event : 52
BX = 100 Event : 53
BX = 101 Event : 54
BX = 110 Event : 55
BX = 111 Event : 56
BX = 000 Event : 57
BX = 001 Event : 58
BX = 010 Event : 59
BX = 011 Event : 60
BX = 100 Event : 61
BX = 101 Event : 62
BX = 110 Event : 63
BX = 111 Event : 64
BX = 000 Event : 65
BX = 001 Event : 66
BX = 010 Event : 67
BX = 011 Event : 68
BX = 100 Event : 69
BX = 101 Event : 70
BX = 110 Event : 71
BX = 111 Event : 72
BX = 000 Event : 73
BX = 001 Event : 74
BX = 010 Event : 75
BX = 011 Event : 76
BX = 100 Event : 77
BX = 101 Event : 78
BX = 110 Event : 79
BX = 111 Event : 80
BX = 000 Event : 81
BX = 001 Event : 82
BX = 010 Event : 83
BX = 011 Event : 84
BX = 100 Event : 85
BX = 101 Event : 86
BX = 110 Event : 87
BX = 111 Event : 88
BX = 000 Event : 89
BX = 001 Event : 90
BX = 010 Event : 91
BX = 011 Event : 92
BX = 100 Event : 93
BX = 101 Event : 94
BX = 110 Event : 95
BX = 111 Event : 96
BX = 000 Event : 97
BX = 001 Event : 98
BX = 010 Event : 99
BX = 011 Event : 100
